;Exported by: pk
;Date:        Sat Mar 23 17:48:45 2019
;File:        E:\Chris models\m48_patton\m48a1_export.max
{Skeleton
	{animation
		{sequence "start" {speed 0.7}}
		{sequence "stop" {speed 0.7}}
		{sequence "fire" {speed 0.6}}
		{sequence "hit" {speed 0.5}}
		{sequence "open1" {resume} {events {2 "hatch_medium"}}}
		{sequence "open" {speed 0.3} {events {2 "hatch_medium"}}}
		{sequence "aamg" {speed 0.3}}
	}
	{bone "basis"
		{Orientation
			1	0	0
			0	-1	0
			0	0	1
		}
		{bone "body"
			{parameters "ID=body;"}
			{animation
				{sequence "repair" {file "body_r.anm"} {speed 0.9}}
			}
			{Position -2.98966	-0.841324	16.8621}
			{VolumeView "body.ply"}
			{bone "headlightr"
				{parameters "Voxels=0;"}
				{Matrix34
					1	0	0
					0	1	0
					0	0	1
					56.8521	-14.7163	12.0308
				}
			}
			{bone "fxlight"
				{parameters "Voxels=0;"}
				{Matrix34
					1	0	0
					0	1	0
					0	0	1
					72.259	0.851994	4.55291
				}
			}
			{bone "fxstop2"
				{Matrix34
					-1	0	0
					0	-1	0
					0	0	1
					-67.7279	-13.0319	6.24653
				}
			}
			{bone "fxstop1"
				{Matrix34
					-1	0	0
					0	-1	0
					0	0	1
					-67.7279	14.7457	6.24606
				}
			}
			{bone "fxshot"
				{parameters "Voxels=0;"}
				{Matrix34
					0	1	0
					-1	0	0
					0	0	1
					7.58577	1.06874	-8.18783
				}
			}
			{bone "seat02"
				{Matrix34
					-0.12187	-0.992546	0
					0.992546	-0.12187	0
					0	0	1
					-22.7917	-34.464	6.9523
				}
			}
			{bone "seat04"
				{Matrix34
					0.104528	-0.994522	0
					0.994522	0.104528	0
					0	0	1
					-46.5645	-33.5989	6.94752
				}
			}
			{bone revolute "seat03"
				{Matrix34
					-0.0871546	0.996195	0
					-0.996195	-0.0871546	0
					0	0	1
					-61.4262	35.952	6.37808
				}
			}
			{bone "seat01"
				{Matrix34
					0.0523361	0.99863	0
					-0.99863	0.0523361	0
					0	0	1
					-42.7544	35.4504	6.38288
				}
			}
			{bone "fxfire1"
				{Matrix34
					0	0	1
					0	1	0
					-1	0	0
					-36.5186	-9.59363	10.2392
				}
			}
			{bone "headlightl"
				{parameters "Voxels=0;"}
				{Matrix34
					1	0	0
					0	1	0
					0	0	1
					56.8521	16.5329	12.0308
				}
			}
			{bone "fxsmoke2"
				{Matrix34
					-1	0	0
					0	-1	0
					0	0	1
					-64.4156	-9.41308	13.0663
				}
			}
			{bone "fxsmoke1"
				{Matrix34
					-1	0	0
					0	-1	0
					0	0	1
					-64.4156	11.204	13.0663
				}
			}
			{bone revolute "wheell1"
				{parameters "ID=trackleft;Radius=0.333;"}
				{Matrix34
					-1	0	0
					0	0	1
					0	1	0
					54.3236	30.1095	0.884129
				}
				{VolumeView "wheell1.ply"}
			}
			{bone revolute "wheell9"
				{parameters "ID=trackleft;Radius=0.19;"}
				{Matrix34
					-1	0	0
					0	0	1
					0	1	0
					29.0613	30.1095	5.32793
				}
				{VolumeView "wheell9.ply"}
			}
			{bone revolute "wheell10"
				{parameters "ID=trackleft;Radius=0.19;"}
				{Matrix34
					-1	0	0
					0	0	1
					0	1	0
					13.9225	30.1095	5.5149
				}
				{VolumeView "wheell10.ply"}
			}
			{bone revolute "wheell11"
				{parameters "ID=trackleft;Radius=0.19;"}
				{Matrix34
					-1	0	0
					0	0	1
					0	1	0
					-1.56042	30.1095	6.00282
				}
				{VolumeView "wheell11.ply"}
			}
			{bone revolute "wheell12"
				{parameters "ID=trackleft;Radius=0.19;"}
				{Matrix34
					-1	0	0
					0	0	1
					0	1	0
					-17.2007	30.1095	6.00282
				}
				{VolumeView "wheell12.ply"}
			}
			{bone revolute "wheell13"
				{parameters "ID=trackleft;Radius=0.19;"}
				{Matrix34
					-1	0	0
					0	0	1
					0	1	0
					-34.2335	30.1095	6.00282
				}
				{VolumeView "wheell13.ply"}
			}
			{bone revolute "wheell14"
				{parameters "ID=trackleft;Radius=0.19;"}
				{Matrix34
					-1	0	0
					0	0	1
					0	1	0
					-51.4779	30.1095	-3.81707
				}
				{VolumeView "wheell14.ply"}
			}
			{bone revolute "wheell8"
				{parameters "ID=trackleft;Radius=0.3;"}
				{Matrix34
					-1	0	0
					0	0	1
					0	1	0
					-57.8203	34.2907	4.22345
				}
				{VolumeView "wheell8.ply"}
			}
			{bone revolute "wheelr14"
				{parameters "ID=trackright;Radius=0.19;"}
				{Matrix34
					-1	0	0
					0	0	1
					0	1	0
					-51.4779	-26.9342	-3.81707
				}
				{VolumeView "wheelr14.ply"}
			}
			{bone revolute "wheelr13"
				{parameters "ID=trackright;Radius=0.19;"}
				{Matrix34
					-1	0	0
					0	0	1
					0	1	0
					-34.2335	-26.9342	6.00282
				}
				{VolumeView "wheelr13.ply"}
			}
			{bone revolute "wheelr8"
				{parameters "ID=trackright;Radius=0.30;"}
				{Matrix34
					-1	0	0
					0	0	1
					0	1	0
					-57.8203	-32.6306	4.22345
				}
				{VolumeView "wheelr8.ply"}
			}
			{bone revolute "wheelr12"
				{parameters "ID=trackright;Radius=0.19;"}
				{Matrix34
					-1	0	0
					0	0	1
					0	1	0
					-17.2007	-26.9342	6.00282
				}
				{VolumeView "wheelr12.ply"}
			}
			{bone revolute "wheelr11"
				{parameters "ID=trackright;Radius=0.19;"}
				{Matrix34
					-1	0	0
					0	0	1
					0	1	0
					-1.56042	-26.9342	6.00282
				}
				{VolumeView "wheelr11.ply"}
			}
			{bone revolute "wheelr10"
				{parameters "ID=trackright;Radius=0.19;"}
				{Matrix34
					-1	0	0
					0	0	1
					0	1	0
					13.9225	-26.9342	5.5149
				}
				{VolumeView "wheelr10.ply"}
			}
			{bone revolute "wheelr9"
				{parameters "ID=trackright;Radius=0.19;"}
				{Matrix34
					-1	0	0
					0	0	1
					0	1	0
					29.0613	-26.9342	5.32793
				}
				{VolumeView "wheelr9.ply"}
			}
			{bone revolute "wheelr1"
				{parameters "ID=trackright;Radius=0.333;"}
				{Matrix34
					-1	0	0
					0	0	1
					0	1	0
					54.3236	-28.4114	0.884129
				}
				{VolumeView "wheelr1.ply"}
			}
			{bone revolute "turret"
				{parameters "ID=turret;"}
				{animation
					{sequence "repair" {file "turret_r.anm"}}
				}
				{speed 0.005}
				{Position 8.95405	0.841324	16.5998}
				{VolumeView "turret.ply"}
				{bone revolute "turret_mg"
					{Position -9.10056	-11.1081	14.6368}
					{VolumeView "turret_mgun.ply"}
					{bone "turret_mgun_hatch"
						{parameters "id=turret_mg;"}
						{Matrix34
							-0.939693	0.34202	0
							0	0	1
							0.34202	0.939693	0
							-9.5567	2.36035	5.11248
						}
						{VolumeView "turret_mgun_hatch.ply"}
					}
					{bone "mgun_rot"
						{parameters "id=turret_mg;"}
						{Matrix34
							1	0	0
							0	0	1
							0	-1	0
							7.65527	0.721558	6.84071
						}
						{VolumeView "mgun_rot.ply"}
						{bone "mgun_acav"
							{parameters "id=turret_mg;"}
							{Matrix34
								1	0	0
								0	0	-1
								0	1	0
								0.0371723	0.0259247	-0.155037
							}
							{VolumeView "mgun_acav.ply"}
						}
					}
					{bone "visor1"
						{Position 12.3867	0.277626	10.5065}
					}
					{bone "mgun2_mount"
						{parameters "id=turret_mg;"}
						{Position 8.0856	0.683441	9.12161}
						{VolumeView "mgun2_mount.ply"}
						{bone revolute "mgun2_turret"
							{parameters "id=turret_mg;"}
							{Position -0.0532856	-0.0105419	0.875389}
							{VolumeView "mgun2_turret.ply"}
							{bone "gunner2"
								{Matrix34
									0.996195	-0.0871557	0
									0.0871557	0.996195	0
									0	0	1
									-12.8941	0.952892	6.84187
								}
							}
							{bone revolute "mgun2_rot"
								{parameters "id=turret_mg;"}
								{Matrix34
									0.939693	0	0.34202
									-0.34202	0	0.939693
									0	-1	0
									-1.64495	0.0206394	3.45352
								}
								{VolumeView "mgun2_rot.ply"}
								{bone "mgun2"
									{parameters "id=turret_mg;"}
									{Matrix34
										1	0	0
										0	0	-1
										0	1	0
										8.10607	0.675339	0
									}
									{VolumeView "mgun2.ply"}
									{bone "shooter01"
										{Position 16.2885	-1.7416	0.904827}
									}
									{bone "shooter00"
										{Position 16.2885	1.73556	0.904835}
									}
									{bone "foresight3"
										{Position 17.2268	0.0321369	1.17615}
									}
								}
							}
						}
					}
				}
				{bone "hatch"
					{parameters "ID=turret;"}
					{Position -18.5725	8.94073	18.0387}
					{VolumeView "hatch.ply"}
				}
				{bone "enumerator1"
					{Matrix34
						0.93857	-0.338951	-0.0647905
						0.341121	0.882895	0.322697
						-0.0521754	-0.324975	0.944282
						2.13407	22.1401	7.28235
					}
					{VolumeView "enumerator1.ply"}
				}
				{bone "enumerator2"
					{Matrix34
						-0.998582	0.0517871	-0.0123694
						-0.0531863	-0.981006	0.186546
						-0.00247381	0.186939	0.982368
						2.13407	-22.6221	7.28235
					}
					{VolumeView "enumerator2.ply"}
				}
				{bone "at_a1"
					{Position -20.5468	14.2427	18.5857}
					{bone "at_a2"
						{Position 0	0	12.4853}
						{bone "at_a3"
							{Position 0	0	9.79543}
						}
					}
				}
				{bone "at1_a1"
					{Position -29.9868	-6.27032	18.5854}
					{bone "at1_a2"
						{Position 0	0	12.4447}
						{bone "at1_a3"
							{Position 0	0	9.83632}
						}
					}
				}
				{bone "detail1"
					{Position -23.3442	22.2084	9.70029}
					{VolumeView "detail1.ply"}
				}
				{bone "detail2"
					{Position -23.3443	-22.2081	9.70029}
					{VolumeView "detail2.ply"}
				}
				{bone "visor1"
					{parameters "Voxels=0;"}
					{Matrix34
						1	0	0
						0	1	0
						0	0	1
						10.1576	-11.0914	15.727
					}
				}
				{bone "fxfire3"
					{Matrix34
						0	0	1
						0	1	0
						-1	0	0
						-5.61137	-10.5818	9.29213
					}
				}
				{bone revolute "gun_rot"
					{parameters "ID=gun;"}
					{animation
						{sequence "repair" {file "gun_r.anm"}}
					}
					{limits -7 15}
					{speed 0.01}
					{Matrix34
						1	0	0
						0	0	1
						0	-1	0
						17.1728	0	5.5172
					}
					{bone "gun"
						{parameters "ID=gun;"}
						{Matrix34
							0.999997	0.00258302	0
							0	0	-1
							-0.00258302	0.999997	0
							3.23534	0.0491104	0
						}
						{VolumeView "gun.ply"}
						{bone "foresight1"
							{Matrix34
								1	0	0
								0	1	0
								0	0	1
								72.6735	0	1.0057
							}
						}
					}
					{bone "gun2"
						{parameters "ID=gun;"}
						{Matrix34
							1	0	0
							0	0	-1
							0	1	0
							3.29268	0	0
						}
						{VolumeView "gun2.ply"}
						{bone "mgun_hlp"
							{Position -0.114407	-5.62493	3.44193}
							{bone "foresight5"
								{Position 6.29961	0	0}
							}
						}
						{bone "shield1"
							{parameters "id=gun;"}
							{Matrix34
								0	-1	0
								0	0	1
								-1	0	0
								9.88612	0.00574565	10.6874
							}
							{VolumeView "shield1.ply"}
							{bone "ir_glass"
								{parameters "id=irglass;"}
								{Position 0	0	-9.51754}
								{VolumeView "ir_glass.ply"}
							}
						}
					}
				}
				{bone "detail9"
					{parameters "id=turret;"}
					{Position 20.934	0	5.62883}
					{VolumeView "detail9.ply"}
				}
				{bone "detail22"
					{parameters "id=turret;"}
					{Position -39.5875	-1.98463	3.94015}
					{VolumeView "detail22.ply"}
				}
				{bone "detail21"
					{parameters "id=turret;"}
					{Position -25.5719	-23.0806	2.81145}
					{VolumeView "detail21.ply"}
				}
				{bone "detail20"
					{parameters "id=turret;"}
					{Position -18.1494	-23.0735	8.27319}
					{VolumeView "detail20.ply"}
				}
				{bone "detail19"
					{parameters "id=turret;"}
					{Position -39.1695	-13.8835	12.3574}
					{VolumeView "detail19.ply"}
				}
				{bone "detail17"
					{parameters "id=turret;"}
					{Position -14.6251	-0.997637	19.0299}
					{VolumeView "detail17.ply"}
				}
				{bone "detail16"
					{parameters "id=turret;"}
					{Position -22.7853	20.5644	9.80302}
					{VolumeView "detail16.ply"}
				}
				{bone "detail15"
					{parameters "id=turret;"}
					{Matrix34
						0.45726	-0.883339	0.10308
						0.866584	0.416512	-0.274863
						0.199863	0.215011	0.955942
						-33.2833	-10.9655	11.86
					}
					{VolumeView "detail15.ply"}
				}
				{bone "shieldl1"
					{parameters "id=shieldl1;"}
					{Matrix34
						0.723645	0.679699	0.119776
						-0.684628	0.728893	0
						-0.0873042	-0.0820024	0.992801
						18.8278	15.8506	3.38067
					}
					{VolumeView "shieldl1.ply"}
				}
				{bone "shieldl2"
					{parameters "id=shieldl2;"}
					{Matrix34
						0.375101	0.920551	0.10902
						-0.925377	0.378775	-0.0144175
						-0.0545661	-0.0954766	0.993935
						8.7845	23.0488	3.38067
					}
					{VolumeView "shieldl2.ply"}
				}
				{bone "shieldl3"
					{parameters "id=shieldl3;"}
					{Matrix34
						-0.0280797	0.974678	0.221846
						-0.999604	-0.0270096	-0.00785673
						-0.00166583	-0.221978	0.97505
						-3.74718	24.8709	3.38823
					}
					{VolumeView "shieldl3.ply"}
				}
				{bone "shieldl4"
					{parameters "id=shieldl4;"}
					{Matrix34
						0.542353	0.509416	0.668093
						-0.684628	0.728893	0
						-0.486968	-0.457395	0.744078
						16.7582	13.8556	11.1891
					}
					{VolumeView "shieldl4.ply"}
				}
				{bone "shieldl5"
					{parameters "id=shieldl5;"}
					{Matrix34
						0.28451	0.719207	0.633874
						-0.925377	0.378775	-0.0144171
						-0.250465	-0.58247	0.773302
						6.59957	20.6384	10.9168
					}
					{VolumeView "shieldl5.ply"}
				}
				{bone "shieldl6"
					{parameters "id=shieldl6;"}
					{Matrix34
						-0.023257	0.807276	0.589716
						-0.99969	-0.0240467	-0.00650733
						0.00892749	-0.589684	0.807584
						-5.40513	22.179	10.8687
					}
					{VolumeView "shieldl6.ply"}
				}
				{bone "shieldr1"
					{parameters "id=shieldr1;"}
					{Matrix34
						0.743709	-0.668504	0
						0.668504	0.743709	0
						0	0	1
						18.8278	-15.5368	3.38067
					}
					{VolumeView "shieldr1.ply"}
				}
				{bone "shieldr2"
					{parameters "id=shieldr2;"}
					{Matrix34
						0.366493	-0.930421	0
						0.930421	0.366493	0
						0	0	1
						9.10844	-23.0352	3.38067
					}
					{VolumeView "shieldr2.ply"}
				}
				{bone "shieldr3"
					{parameters "id=shieldr3;"}
					{Matrix34
						0.0455378	-0.994086	0.0985906
						0.998963	0.0453154	-0.00449411
						0	0.098693	0.995118
						-2.86679	-24.9666	3.38067
					}
					{VolumeView "shieldr3.ply"}
				}
				{bone "shieldr4"
					{parameters "id=shieldr4;"}
					{Matrix34
						0.671897	-0.561891	0.482529
						0.647802	0.761659	-0.0151024
						-0.359036	0.32273	0.87575
						16.4289	-13.9433	11.0865
					}
					{VolumeView "shieldr4.ply"}
				}
				{bone "shieldr5"
					{parameters "id=shieldr5;"}
					{Matrix34
						0.265698	-0.85415	0.447026
						0.948175	0.315349	0.0389864
						-0.174269	0.4135	0.893671
						7.04751	-20.9907	11.0201
					}
					{VolumeView "shieldr5.ply"}
				}
				{bone "shieldr6"
					{parameters "id=shieldr6;"}
					{Matrix34
						0.0436312	-0.952466	0.301503
						0.999005	0.0444	-0.00430595
						-0.00928547	0.301391	0.953456
						-4.71207	-23.8908	10.746
					}
					{VolumeView "shieldr6.ply"}
				}
				{bone "detail29"
					{parameters "id=turret;"}
					{Matrix34
						-0.399348	-0.434937	-0.807063
						0.801859	-0.592467	-0.0774847
						-0.444458	-0.678095	0.585359
						10.8473	14.0102	16.2647
					}
					{VolumeView "detail29.ply"}
				}
				{bone "detail24"
					{parameters "id=turret;"}
					{Position -45.1692	2.81383	13.6783}
					{VolumeView "detail24.ply"}
				}
			}
			{bone "visor2"
				{parameters "Voxels=0;"}
				{Matrix34
					1	0	0
					0	1	0
					0	0	1
					47.7793	0.815998	14.7787
				}
			}
			{bone "detail4"
				{parameters "id=body;"}
				{Matrix34
					1	0	0
					0	0	-1
					0	1	0
					35.3427	0.761844	15.1631
				}
				{VolumeView "detail4.ply"}
			}
			{bone "detail5"
				{parameters "id=body;"}
				{Position -2.30825	0.761811	-17.6071}
				{VolumeView "detail5.ply"}
			}
			{bone "cover_driver"
				{parameters "id=body;"}
				{Matrix34
					1	0	0
					0	0	-1
					0	1	0
					37.6977	-6.55556	13.4792
				}
				{VolumeView "cover_driver.ply"}
			}
			{bone "detail6"
				{parameters "id=body;"}
				{Position -2.30825	0.761811	-17.6071}
				{VolumeView "detail6.ply"}
			}
			{bone "engine"
				{parameters "id=engine;"}
				{Position -40.7961	0.763633	17.6154}
				{VolumeView "engine.ply"}
				{bone "barrel_holder"
					{Position -20.7399	-0.0210674	2.09718}
					{VolumeView "barrel_holder.ply"}
				}
			}
			{bone "detail3"
				{parameters "id=body;"}
				{Matrix34
					0	1	0
					-1	0	0
					0	0	1
					51.0773	26.9133	15.5796
				}
				{VolumeView "detail3.ply"}
			}
			{bone "detail7"
				{parameters "id=body;"}
				{Matrix34
					0.996195	0	0.0871557
					-0.0871557	0	0.996195
					0	-1	0
					59.8906	-3.63838	14.1565
				}
				{VolumeView "detail7.ply"}
			}
			{bone "detail8"
				{parameters "id=body;"}
				{Matrix34
					0	1	0
					-0.819152	0	0.573577
					0.573577	0	0.819152
					58.5935	-1.03102	8.79339
				}
				{VolumeView "detail8.ply"}
			}
			{bone "detail10"
				{parameters "id=body;"}
				{Position 43.0485	-25.5441	17.135}
				{VolumeView "detail10.ply"}
			}
			{bone "detail11"
				{parameters "id=body;"}
				{Matrix34
					0	1	0
					0	0	-1
					-1	0	0
					-1.2052	-33.2127	16.5922
				}
				{VolumeView "detail11.ply"}
			}
			{bone "detail12"
				{parameters "id=body;"}
				{Position -22.8755	28.1148	15.7711}
				{VolumeView "detail12.ply"}
			}
			{bone "detail13"
				{parameters "id=body;"}
				{Matrix34
					-1	0	0
					0	-0.766045	-0.642788
					0	-0.642788	0.766045
					-27.7122	35.3613	16.849
				}
				{VolumeView "detail13.ply"}
			}
			{bone "detail18"
				{parameters "id=engine;"}
				{Matrix34
					0.999498	0	0.0316791
					0	1	0
					-0.0316791	0	0.999498
					-53.6786	0.0956497	20.0063
				}
				{VolumeView "detail18.ply"}
			}
			{bone "detail14"
				{parameters "id=body;"}
				{Matrix34
					1	0	0
					0	0.98948	0.144671
					0	-0.144671	0.98948
					6.84877	-31.9678	17.2431
				}
				{VolumeView "detail14.ply"}
			}
			{bone "detail28"
				{parameters "id=body;"}
				{Position -56.1365	26.5844	18.6794}
				{VolumeView "detail28.ply"}
			}
		}
		{bone "emit6"
			{parameters "Voxels=0;"}
			{Matrix34
				0	1	0
				-1	0	0
				0	0	1
				-43.2565	-57.8346	0.0742562
			}
		}
		{bone "emit2"
			{parameters "Voxels=0;"}
			{Matrix34
				0	1	0
				-1	0	0
				0	0	1
				3.5876	-57.8346	0.0742562
			}
		}
		{bone "emit4"
			{parameters "Voxels=0;"}
			{Matrix34
				0	1	0
				-1	0	0
				0	0	1
				-28.5641	-58.8885	0.0742562
			}
		}
		{bone "emit5"
			{parameters "Voxels=0;"}
			{Matrix34
				0	-1	0
				1	0	0
				0	0	1
				-43.2457	57.6191	0.0742566
			}
		}
		{bone "emit3"
			{parameters "Voxels=0;"}
			{Matrix34
				0	-1	0
				1	0	0
				0	0	1
				-28.4856	57.6191	0.0742566
			}
		}
		{bone "emit1"
			{parameters "Voxels=0;"}
			{Matrix34
				0	-1	0
				1	0	0
				0	0	1
				3.42238	57.4224	0.0742566
			}
		}
		{bone "wheelsr"
			{parameters "wheelsR;"}
			{Position -5.50789	-19.9324	10.6648}
			{VolumeView "wheelsr.ply"}
			{bone "fxtracer1"
				{Matrix34
					-1	0	0
					0	-1	0
					0	0	1
					28.0297	-8.42824	-10.1482
				}
			}
			{bone "fxtracer2"
				{Matrix34
					-1	0	0
					0	-1	0
					0	0	1
					-21.1403	-8.42824	-10.1482
				}
			}
			{bone "fxtracer3"
				{Matrix34
					-0.820007	-0.168851	0.54688
					0.163177	-0.984808	-0.0593905
					0.5486	0.0405378	0.835102
					-47.5817	-8.42824	-6.17244
				}
			}
			{bone prizmatic "suspension_r5"
				{limits -0.1 0.1}
				{Position -21.7075	-2.3613	-1.79207}
				{bone revolute "wheelr6"
					{parameters "ID=trackright;Radius=0.333;"}
					{Matrix34
						-1	0	0
						0	0	1
						0	1	0
						0	-6.95901	0
					}
					{VolumeView "wheelr6.ply"}
				}
			}
			{bone prizmatic "suspension_r6"
				{limits -0.1 0.1}
				{Position -37.8334	-2.3613	-1.74451}
				{bone revolute "wheelr7"
					{parameters "ID=trackright;Radius=0.333;"}
					{Matrix34
						-1	0	0
						0	0	1
						0	1	0
						0	-6.95901	0
					}
					{VolumeView "wheelr7.ply"}
				}
			}
			{bone prizmatic "suspension_r4"
				{limits -0.1 0.1}
				{Position -6.64119	-2.36128	-1.9391}
				{bone revolute "wheelr5"
					{parameters "ID=trackright;Radius=0.333;"}
					{Matrix34
						-1	0	0
						0	0	1
						0	1	0
						0	-6.95902	0
					}
					{VolumeView "wheelr5.ply"}
				}
			}
			{bone prizmatic "suspension_r3"
				{limits -0.1 0.1}
				{Position 8.71189	-2.36131	-1.9391}
				{bone revolute "wheelr4"
					{parameters "ID=trackright;Radius=0.333;"}
					{Matrix34
						-1	0	0
						0	0	1
						0	1	0
						0	-6.959	0
					}
					{VolumeView "wheelr4.ply"}
				}
			}
			{bone prizmatic "suspension_r2"
				{limits -0.1 0.1}
				{Matrix34
					-1	0	0
					0	-1	0
					0	0	1
					24.2079	-2.3613	-1.9391
				}
				{bone revolute "wheelr3"
					{parameters "ID=trackright;Radius=0.333;"}
					{Matrix34
						1	0	0
						0	0	1
						0	-1	0
						0	6.95901	0
					}
					{VolumeView "wheelr3.ply"}
				}
			}
			{bone prizmatic "suspension_r1"
				{limits -0.1 0.1}
				{Matrix34
					-1	0	0
					0	-1	0
					0	0	1
					39.6058	-2.3613	-2.16906
				}
				{bone revolute "wheelr2"
					{parameters "ID=trackright;Radius=0.333;"}
					{Matrix34
						1	0	0
						0	0	1
						0	-1	0
						0	6.95901	0
					}
					{VolumeView "wheelr2.ply"}
				}
			}
			{bone "trackr"
				{parameters "ID=trackright;"}
				{Position 1.4942	-8.42823	2.41866}
				{VolumeView "trackr.ply"}
			}
		}
		{bone "wheelsl"
			{parameters "wheelsL;"}
			{Position -5.50789	19.9319	10.6648}
			{VolumeView "wheelsl.ply"}
			{bone "fxtracel1"
				{Matrix34
					-1	0	0
					0	-1	0
					0	0	1
					28.0297	8.42882	-10.1481
				}
			}
			{bone "fxtracel2"
				{Matrix34
					-1	0	0
					0	-1	0
					0	0	1
					-21.1403	8.42882	-10.1482
				}
			}
			{bone "fxtracel3"
				{Matrix34
					-0.828884	0.101642	0.55011
					-0.0982254	-0.994522	0.0357515
					0.55073	-0.0244008	0.834327
					-47.5817	8.42882	-6.17243
				}
			}
			{bone prizmatic "suspension_l1"
				{limits -0.1 0.1}
				{Matrix34
					-1	0	0
					0	-1	0
					0	0	1
					41.6213	2.99	-2.16906
				}
				{bone revolute "wheell2"
					{parameters "ID=trackleft;Radius=0.333;"}
					{Matrix34
						1	0	0
						0	0	1
						0	-1	0
						0	-6.3463	0
					}
					{VolumeView "wheell2.ply"}
				}
			}
			{bone prizmatic "suspension_l2"
				{limits -0.1 0.1}
				{Position 26.2871	2.99	-1.9391}
				{bone revolute "wheell3"
					{parameters "ID=trackleft;Radius=0.333;"}
					{Matrix34
						-1	0	0
						0	0	1
						0	1	0
						0	6.3463	0
					}
					{VolumeView "wheell3.ply"}
				}
			}
			{bone prizmatic "suspension_l3"
				{limits -0.1 0.1}
				{Position 10.7236	2.99	-1.9391}
				{bone revolute "wheell4"
					{parameters "ID=trackleft;Radius=0.333;"}
					{Matrix34
						-1	0	0
						0	0	1
						0	1	0
						0	6.3463	0
					}
					{VolumeView "wheell4.ply"}
				}
			}
			{bone prizmatic "suspension_l4"
				{limits -0.1 0.1}
				{Position -4.62842	2.99	-1.9391}
				{bone revolute "wheell5"
					{parameters "ID=trackleft;Radius=0.333;"}
					{Matrix34
						-1	0	0
						0	0	1
						0	1	0
						0	6.3463	0
					}
					{VolumeView "wheell5.ply"}
				}
			}
			{bone prizmatic "suspension_l5"
				{limits -0.1 0.1}
				{Position -19.913	2.99	-1.79207}
				{bone revolute "wheell6"
					{parameters "ID=trackleft;Radius=0.333;"}
					{Matrix34
						-1	0	0
						0	0	1
						0	1	0
						0	6.3463	0
					}
					{VolumeView "wheell6.ply"}
				}
			}
			{bone prizmatic "suspension_l6"
				{limits -0.1 0.1}
				{Position -37.3433	2.99	-1.74451}
				{bone revolute "wheell7"
					{parameters "ID=trackleft;Radius=0.333;"}
					{Matrix34
						-1	0	0
						0	0	1
						0	1	0
						0	6.3463	0
					}
					{VolumeView "wheell7.ply"}
				}
			}
			{bone "trackl"
				{parameters "ID=trackleft;"}
				{Position 1.60561	8.42881	3.55913}
				{VolumeView "trackl.ply"}
			}
		}
	}
}
{Volume "ammo1"
	{Box 15.7303 9.9726 7.56264}
	{Bone "body"}
	{Position 45.1722	13.3596	2.53396}
}
{Volume "ammo2"
	{Box 15.7303 6.38246 9.7558}
	{Bone "body"}
	{Position 45.1722	-10.8664	3.63055}
}
{Volume "ammo3"
	{Box 16.3857 6.05011 4.53758}
	{Bone "body"}
	{Position 19.1213	0	-4.103089}
}
{Volume "ammo4"
	{Box 18.7914 7.34314 11.8329}
	{Bone "body"}
	{Matrix34
		0.939693	-0.34202	0
		0.34202	0.939693	0
		0	0	1
		15.3324	13.9604	1.3741
	}
}
{Volume "body"
	{Polyhedron "body.vol"}
	{Bone "body"}
	{Position -6.50018	0.255376	-6.67295}
}
{Volume "engine"
	{Box 24.5417 32.9529 18.6682}
	{Bone "body"}
	{Position -33.9608	0.848494	5.01721}
}
{Volume "fuel1"
	{Box 7.05846 11.596 15.1903}
	{Bone "body"}
	{Position -16.0203	-13.0172	6.54593}
}
{Volume "fuel2"
	{Box 7.05846 11.596 15.1903}
	{Bone "body"}
	{Position -16.0203	14.1732	6.54593}
}
{Volume "transmission"
	{Cylinder 6.08425 32.1556}
	{Bone "body"}
	{Matrix34
		1	0	0
		0	0	1
		0	-1	0
		-54.444	0	4.53024
	}
}
{Volume "gun"
	{Cylinder 2.06284 68.4642}
	{Bone "gun_rot"}
	{Matrix34
		0.000925227	-1	0
		0	0	-1
		1	0.000925227	0
		40.7582	1.06095	-0.0884478
	}
}
{Volume "mantlet"
	{Polyhedron "mantlet.vol"}
	{Bone "gun2"}
	{Matrix34
		0.000222997	-1	0
		-0.0829469	-1.85563e-005	0.996554
		-0.996554	-0.000222223	-0.0829469
		2.01168	0.560169	0.034935
	}
}
{Volume "ram"
	{Polyhedron "ram.vol"}
	{Bone "body"}
	{Position 7.80116	0.841323	-10.3377}
}
{Volume "trackleft"
	{Polyhedron "trackleft.vol"}
	{Bone "wheelsl"}
	{Position 0.634009	2.89615	0.159913}
}
{Volume "trackright"
	{Polyhedron "trackright.vol"}
	{Bone "wheelsr"}
	{Position 0.633993	-14.1437	0.159924}
}
{Volume "turret_mg"
	{Polyhedron "turret_mgun.vol"}
	{Bone "turret_mg"}
	{Position 0	0	0}
}
{Volume "turret"
	{Polyhedron "turret.vol"}
	{Bone "turret"}
}
{Volume "ir_glass"
	{Box 0.119285 8.99685 12.5088}
	{Bone "ir_glass"}
	{Matrix34
		0	0	-1
		0	1	0
		1	0	0
		-0.0736437	-0.0512123	0.817001
	}
}
{Volume "shield1"
	{Box 11.9285 9.88665 13.8986}
	{Bone "shield1"}
	{Matrix34
		0	0	-1
		0	1	0
		1	0	0
		-0.00782399	-0.0512142	-3.32677
	}
}

{Volume "exshieldl1"
	{Box 11.883 7.69381 2.17704}
	{Bone "shieldl1"}
	{Matrix34
		0	-1	0
		0	0	1
		-1	0	0
		-0.0196139	-0.00056849	0.0198687
	}
}

{Volume "shieldl1"
	{Box 11.883 7.69381 2.17704}
	{Bone "shieldl1"}
	{Matrix34
		0	-1	0
		0	0	1
		-1	0	0
		-0.0196139	-0.00056849	0.0198687
	}
}

{Volume "exshieldl2"
	{Box 11.883 7.69381 2.17704}
	{Bone "shieldl2"}
	{Matrix34
		0	-1	0
		0	0	1
		-1	0	0
		-0.0196099	-0.000570375	0.0198745
	}
}

{Volume "shieldl2"
	{Box 11.883 7.69381 2.17704}
	{Bone "shieldl2"}
	{Matrix34
		0	-1	0
		0	0	1
		-1	0	0
		-0.0196099	-0.000570375	0.0198745
	}
}

{Volume "exshieldl3"
	{Box 11.883 7.69381 2.17704}
	{Bone "shieldl3"}
	{Matrix34
		0	-1	0
		0	0	1
		-1	0	0
		-0.0196099	-0.000569406	0.0198744
	}
}

{Volume "shieldl3"
	{Box 11.883 7.69381 2.17704}
	{Bone "shieldl3"}
	{Matrix34
		0	-1	0
		0	0	1
		-1	0	0
		-0.0196099	-0.000569406	0.0198744
	}
}

{Volume "exshieldl4"
	{Box 11.883 7.69381 2.17704}
	{Bone "shieldl4"}
	{Matrix34
		0	-1	0
		0	0	1
		-1	0	0
		-0.0196061	-0.000569447	0.0198725
	}
}

{Volume "shieldl4"
	{Box 11.883 7.69381 2.17704}
	{Bone "shieldl4"}
	{Matrix34
		0	-1	0
		0	0	1
		-1	0	0
		-0.0196061	-0.000569447	0.0198725
	}
}

{Volume "exshieldl5"
	{Box 11.883 7.69381 2.17704}
	{Bone "shieldl5"}
	{Matrix34
		0	-1	0
		0	0	1
		-1	0	0
		-0.0196062	-0.000570349	0.0198761
	}
}

{Volume "shieldl5"
	{Box 11.883 7.69381 2.17704}
	{Bone "shieldl5"}
	{Matrix34
		0	-1	0
		0	0	1
		-1	0	0
		-0.0196062	-0.000570349	0.0198761
	}
}

{Volume "exshieldl6"
	{Box 11.883 7.69381 2.17704}
	{Bone "shieldl6"}
	{Matrix34
		0	-1	0
		0	0	1
		-1	0	0
		-0.0196099	-0.000571313	0.0198707
	}
}

{Volume "shieldl6"
	{Box 11.883 7.69381 2.17704}
	{Bone "shieldl6"}
	{Matrix34
		0	-1	0
		0	0	1
		-1	0	0
		-0.0196099	-0.000571313	0.0198707
	}
}

{Volume "exshieldr1"
	{Box 11.883 7.69381 2.17704}
	{Bone "shieldr1"}
	{Matrix34
		0	-1	0
		0	0	1
		-1	0	0
		-0.0196061	-0.000571348	0.0198783
	}
}

{Volume "shieldr1"
	{Box 11.883 7.69381 2.17704}
	{Bone "shieldr1"}
	{Matrix34
		0	-1	0
		0	0	1
		-1	0	0
		-0.0196061	-0.000571348	0.0198783
	}
}

{Volume "exshieldr2"
	{Box 11.883 7.69381 2.17704}
	{Bone "shieldr2"}
	{Matrix34
		0	-1	0
		-0.0444805	0	0.99901
		-0.99901	0	-0.0444805
		-0.0204768	-0.000570361	0.0189833
	}
}
{Volume "exshieldr3"
	{Box 11.883 7.69381 2.17704}
	{Bone "shieldr3"}
	{Matrix34
		0	-1	0
		0	0	1
		-1	0	0
		-0.0196083	-0.000570364	0.0198782
	}
}
{Volume "exshieldr4"
	{Box 11.883 7.69381 2.17704}
	{Bone "shieldr4"}
	{Matrix34
		0	-1	0
		0	0	1
		-1	0	0
		-0.0196098	-0.000568886	0.0198723
	}
}
{Volume "exshieldr5"
	{Box 11.883 7.69381 2.17704}
	{Bone "shieldr5"}
	{Matrix34
		0	-1	0
		-0.0444803	0	0.99901
		-0.99901	0	-0.0444807
		-0.020475	-0.000571302	0.0189832
	}
}
{Volume "exshieldr6"
	{Box 11.883 7.69381 2.17704}
	{Bone "shieldr6"}
	{Matrix34
		0	-1	0
		0	0	1
		-1	0	0
		-0.019606	-0.000570374	0.0198781
	}
}

{Volume "shieldr2"
	{Box 11.883 7.69381 2.17704}
	{Bone "shieldr2"}
	{Matrix34
		0	-1	0
		-0.0444805	0	0.99901
		-0.99901	0	-0.0444805
		-0.0204768	-0.000570361	0.0189833
	}
}
{Volume "shieldr3"
	{Box 11.883 7.69381 2.17704}
	{Bone "shieldr3"}
	{Matrix34
		0	-1	0
		0	0	1
		-1	0	0
		-0.0196083	-0.000570364	0.0198782
	}
}
{Volume "shieldr4"
	{Box 11.883 7.69381 2.17704}
	{Bone "shieldr4"}
	{Matrix34
		0	-1	0
		0	0	1
		-1	0	0
		-0.0196098	-0.000568886	0.0198723
	}
}
{Volume "shieldr5"
	{Box 11.883 7.69381 2.17704}
	{Bone "shieldr5"}
	{Matrix34
		0	-1	0
		-0.0444803	0	0.99901
		-0.99901	0	-0.0444807
		-0.020475	-0.000571302	0.0189832
	}
}
{Volume "shieldr6"
	{Box 11.883 7.69381 2.17704}
	{Bone "shieldr6"}
	{Matrix34
		0	-1	0
		0	0	1
		-1	0	0
		-0.019606	-0.000570374	0.0198781
	}
}

