;Exported by: misan
;Date:        Sun Jul  9 08:50:14 2023
;File:        D:\Cold War\ModelWIP\USA\M2 30 cal Tripod\Mk 18 AGL.max
{Skeleton
	{bone revolute "basis"
		{Orientation
			1	0	0
			0	-1	0
			0	0	1
		}
		{bone "emit2"
			{Position -17.3589	17.5763	0}
		}
		{bone "emit1"
			{Position -27.9343	0.206054	0}
		}
		{bone "driver2"
			{Position -0.818188	6.62192	0}
		}
		{bone "driver1"
			{Position -0.466085	-5.98277	0}
		}
		{bone "commander"
			{Matrix34
				0	-1	0
				1	0	0
				0	0	1
				-13.7659	14.9872	0
			}
		}
		{bone "body"
			{parameters "id=body;"}
			{Position 0.410889	0.0197631	4.77087}
			{VolumeView "body.ply"}
			{bone "standf"
				{parameters "id=body;"}
				{Matrix34
					0	-1	0
					-0.707107	0	0.707107
					-0.707107	0	-0.707107
					1.62475	0.00257938	-0.0551062
				}
				{VolumeView "standf.ply"}
			}
			{bone "standr"
				{parameters "id=body;"}
				{Matrix34
					0.984808	0.173648	0
					-0.173648	0.984808	0
					0	0	1
					-1.48216	-0.471516	0.185932
				}
				{VolumeView "standr.ply"}
			}
			{bone "standl"
				{parameters "id=body;"}
				{Matrix34
					0.906308	-0.422618	0
					0.422618	0.906308	0
					0	0	1
					-1.48216	0.471846	0.185932
				}
				{VolumeView "standl.ply"}
			}
			{bone revolute "turret"
				{parameters "id=body;"}
				{Position 0.147373	-0.00557524	1.2087}
				{VolumeView "turret.ply"}
				{bone revolute "gun_rot"
					{parameters "id=body;"}
					{Matrix34
						1	0	0
						0	0.0871558	0.996195
						0	-0.996195	0.0871558
						0.0120931	-0.0142972	0.0755558
					}
					{VolumeView "gun_rot.ply"}
					{bone "gun"
						{parameters "id=gun;"}
						{Matrix34
							0.913545	0.405189	0.0354492
							-0.406737	0.910069	0.0796209
							0	-0.0871558	0.996195
							-0.0287851	0.0143504	0.00114524
						}
						{VolumeView "gun.ply"}
						{bone "lid"
							{parameters "id=gun;"}
							{Matrix34
								1	0	0
								0	0	-1
								0	1	0
								1.31103	6.4523	0
							}
							{VolumeView "lid.ply"}
							{bone "chutedoor_r"
								{parameters "id=gun;"}
								{Matrix34
									1	0	0
									0	-1	0
									0	0	-1
									-2.74303	-2.13824	-0.0645504
								}
								{VolumeView "chutedoor_r.ply"}
							}
							{bone "chutedoor_l"
								{parameters "id=gun;"}
								{Position -2.74303	2.15452	-0.0645485}
								{VolumeView "chutedoor_l.ply"}
							}
						}
						{bone "crank"
							{parameters "id=gun;"}
							{Matrix34
								1	0	0
								0	0	-1
								0	1	0
								-7.34012	4.14518	1.97121
							}
							{VolumeView "crank.ply"}
						}
						{bone "barrel"
							{parameters "id=gun;"}
							{Position 2.98386	5.44337	0}
							{VolumeView "barrel.ply"}
							{bone "foresight1"
								{Matrix34
									1	0	0
									0	0	-1
									0	1	0
									1.5347	0.0119238	-0.0185978
								}
							}
						}
					}
				}
				{bone "gunner"
					{Position -25.5676	-11.83	-5.97957}
				}
			}
		}
	}
}
{Volume "body"
	{Box 4.65135 3.62141 1.46185}
	{Bone "body"}
	{Position -0.971007	-0.0197631	0.158056}
}
{Volume "gun"
	{Box 4.40387 8.99382 10.8236}
	{Bone "gun"}
	{Matrix34
		0	0	1
		0	1	0
		-1	0	0
		-4.15795	5.32635	-0.0557205
	}
}
{Volume "standf"
	{Cylinder 0.363235 6.62359}
	{Bone "standf"}
	{Matrix34
		1	0	0
		0	0	1
		0	-1	0
		0.0272305	-3.46279	-0.053357
	}
}
{Volume "standl"
	{Cylinder 0.363235 13.5121}
	{Bone "standr"}
	{Matrix34
		0	-1	0
		-0.342021	0	0.939692
		-0.939693	0	-0.34202
		-6.30051	-0.00488069	-2.27252
	}
}
{Volume "standr"
	{Cylinder 0.363235 13.5121}
	{Bone "standl"}
	{Matrix34
		0	-1	0
		-0.342021	0	0.939693
		-0.939693	0	-0.34202
		-6.30051	0.00143717	-2.27253
	}
}
