;Exported by: pk
;Date:        Thu Mar 28 12:28:00 2019
;File:        E:\Chris models\m35\m35_export.max
{Skeleton
	{animation
		{sequence "start" {speed 0.7}}
		{sequence "stop" {speed 0.7}}
		{sequence "doorleft" {speed 0.5} {events {1 "truck_open"} {40 "truck_close"}}}
		{sequence "doorright" {speed 0.5} {events {1 "truck_open"} {50 "truck_close"}}}
	}
	{bone "basis"
		{parameters "SteerMax=25;WheelRadius=0.58;"}
		{Orientation
			1	0	0
			0	-1	0
			0	0	1
		}
		{bone revolute "pivot_back"
			{Position -36.3687	0.0148638	11.6022}
			{bone "fxtracel2"
				{Matrix34
					-1	0	0
					0	-1	0
					0	0	1
					-12.8662	19.3651	-11.6022
				}
			}
			{bone "fxtracer2"
				{Matrix34
					-1	0	0
					0	-1	0
					0	0	1
					-12.8662	-18.9005	-11.6022
				}
			}
			{bone prizmatic "suspension_l3"
				{limits -0.3 0.1}
				{Position 13.3325	19.3651	-0.797434}
				{bone revolute "wheell2"
					{parameters "ID=wheelleft2;"}
					{Matrix34
						1	0	0
						0	0	-1
						0	1	0
						0	0	0
					}
					{VolumeView "wheell2.ply"}
				}
			}
			{bone prizmatic "suspension_l4"
				{limits -0.3 0.1}
				{Position -12.8662	19.3651	-0.797434}
				{bone revolute "wheell3"
					{parameters "ID=wheelleft3;"}
					{Matrix34
						1	0	0
						0	0	-1
						0	1	0
						0	0	0
					}
					{VolumeView "wheell3.ply"}
				}
			}
			{bone prizmatic "suspension_r3"
				{limits -0.3 0.1}
				{Position 13.3325	-19.3949	-0.797434}
				{bone revolute "wheelr2"
					{parameters "ID=wheelright2;"}
					{Matrix34
						1	0	0
						0	0	-1
						0	1	0
						0	0	0
					}
					{VolumeView "wheelr2.ply"}
				}
			}
			{bone prizmatic "suspension_r4"
				{limits -0.3 0.1}
				{Position -12.8662	-19.3949	-0.797434}
				{bone revolute "wheelr3"
					{parameters "ID=wheelright3;"}
					{Matrix34
						1	0	0
						0	0	-1
						0	1	0
						0	0	0
					}
					{VolumeView "wheelr3.ply"}
				}
			}
		}
		{bone "pivot_front"
			{Position 49.6863	0.000766686	12.0777}
			{bone revolute "steer_r1"
				{Matrix34
					-1	0	0
					0	1	0
					0	0	-1
					0	-19.7185	-1.84121
				}
				{bone "fxtracer1"
					{Matrix34
						1	0	0
						0	-1	0
						0	0	-1
						0	0.333319	10.2356
					}
				}
				{bone prizmatic "suspension_r1"
					{limits -0.3 0.1}
					{Matrix34
						1	0	0
						0	-1	0
						0	0	-1
						-0.135704	0	-0.223425
					}
					{bone revolute "wheelr1"
						{parameters "ID=wheelright1;"}
						{Matrix34
							-1	0	0
							0	0	-1
							0	-1	0
							0.1357	0	-0.223425
						}
						{VolumeView "wheelr1.ply"}
					}
				}
			}
			{bone revolute "steer_l1"
				{Matrix34
					-1	0	0
					0	1	0
					0	0	-1
					0	19.7169	-1.84121
				}
				{bone "fxtracel1"
					{Matrix34
						1	0	0
						0	-1	0
						0	0	-1
						0	-0.940567	10.2495
					}
				}
				{bone prizmatic "suspension_l1"
					{limits -0.3 0.1}
					{Matrix34
						1	0	0
						0	-1	0
						0	0	-1
						-0.135715	0	-0.223423
					}
					{bone revolute "wheell1"
						{parameters "ID=wheelleft1;"}
						{Matrix34
							-1	0	0
							0	0	-1
							0	-1	0
							0.135715	0	-0.223424
						}
						{VolumeView "wheell1.ply"}
					}
				}
			}
		}
		{bone "emit1"
			{parameters "Group=driver;"}
			{Matrix34
				0	-1	0
				1	0	0
				0	0	1
				11.7822	36.4155	0
			}
		}
		{bone "emit2"
			{parameters "Group=commander;"}
			{Matrix34
				0	1	0
				-1	0	0
				0	0	1
				11.7822	-36.3567	0
			}
		}
		{bone "body"
			{parameters "ID=body;"}
			{animation
				{sequence "repair" {file "body_r.anm"} {speed 0.9}}
			}
			{Position -3.11518	0.354326	30.8089}
			{VolumeView "body.ply"}
			{bone "visor1"
				{Matrix34
					0.999974	-0.00727677	0
					0.00727677	0.999974	0
					0	0	1
					28.7017	8.86443	15.9033
				}
			}
			{bone "headlightr"
				{Matrix34
					0.999974	0	0.00727647
					-0.00727647	0	0.999974
					0	-1	0
					69.7288	-11.5182	-0.231005
				}
			}
			{bone "headlightl"
				{Matrix34
					0.999974	0	0.00727647
					-0.00727647	0	0.999974
					0	-1	0
					69.7288	10.8449	-0.231005
				}
			}
			{bone "fxstop2"
				{Matrix34
					-0.999974	0	-0.00727647
					-0.00727647	0	0.999974
					0	1	0
					-70.7884	20.3632	-4.20129
				}
			}
			{bone "fxstop1"
				{Matrix34
					-0.999974	0	-0.00727647
					-0.00727647	0	0.999974
					0	1	0
					-70.7884	-21.0238	-4.20129
				}
			}
			{bone "fxlight"
				{Matrix34
					0.999974	0	0.00727647
					-0.00727647	0	0.999974
					0	-1	0
					78.6824	0.138866	-3.23699
				}
			}
			{bone "driver"
				{Matrix34
					0.999974	0	0.00727647
					0	1	0
					-0.00727647	0	0.999974
					23.2453	8.93016	-7.25342
				}
			}
			{bone "commander"
				{Matrix34
					0.999974	0	0.00727647
					0	1	0
					-0.00727647	0	0.999974
					23.3068	-11.1463	-7.21229
				}
			}
			{bone "fxfire1"
				{Matrix34
					0	0	1
					0	1	0
					-1	0	0
					55.5514	-0.974159	4.75871
				}
			}
			{bone "link2"
				{Matrix34
					-0.999974	0	-0.00727647
					-0.00727647	0	0.999974
					0	1	0
					-66.4532	-0.403941	-12.2724
				}
			}
			{bone "engine"
				{parameters "ID=engine;"}
				{animation
					{sequence "repair" {file "engine_r.anm"}}
				}
				{Matrix34
					-1	0	0
					0	-1	0
					0	0	1
					42.9716	-0.354326	8.7051
				}
				{VolumeView "engine.ply"}
			}
			{bone "glass_back"
				{Matrix34
					0	-1	0
					0	0	1
					-1	0	0
					25.3224	-0.228938	14.826
				}
				{VolumeView "glass_back.ply"}
			}
			{bone "glass_front"
				{Matrix34
					0	-1	0
					0	0	1
					-1	0	0
					36.0689	-0.22894	14.826
				}
				{VolumeView "glass_front.ply"}
			}
			{bone "doorleft"
				{Matrix34
					-1	0	0
					0	-1	0
					0	0	1
					35.8689	17.8454	5.46902
				}
				{VolumeView "doorleft.ply"}
				{bone "glass_doorl1"
					{Matrix34
						0	1	0
						0	0	1
						1	0	0
						9.19544	0.170284	8.92213
					}
					{VolumeView "glass_doorl1.ply"}
				}
			}
			{bone "doorright"
				{Matrix34
					-1	0	0
					0	-1	0
					0	0	1
					35.8689	-18.5541	4.86885
				}
				{VolumeView "doorright.ply"}
				{bone "glass_doorr1"
					{Matrix34
						0	1	0
						0	0	1
						1	0	0
						9.19508	-0.19356	9.53931
					}
					{VolumeView "glass_doorr1.ply"}
				}
			}
			{bone "detail1"
				{parameters "ID=body;"}
				{Position -28.6413	-0.354326	2.99317}
				{VolumeView "detail1.ply"}
			}
			{bone revolute "steer_b"
				{Matrix34
					0	-1	0
					-0.485318	0	-0.874338
					0.874338	0	-0.485318
					36.8654	8.52289	4.56782
				}
				{bone "steer_hand"
					{parameters "ID=body;"}
					{Matrix34
						0	-1	0
						-1	0	0
						0	0	-1
						0	0	0
					}
					{VolumeView "steer_hand.ply"}
				}
			}
			{bone "seat07"
				{Matrix34
					0.34202	-0.939693	0
					0.939668	0.342011	0.00727656
					-0.0068377	-0.00248881	0.999974
					-45.7827	18.16	-3.17111
				}
			}
			{bone "seat09"
				{Matrix34
					-0.173648	-0.984808	0
					0.984782	-0.173644	0.00727656
					-0.00716603	0.00126348	0.999974
					-61.1337	18.16	-3.17111
				}
			}
			{bone "seat05"
				{Matrix34
					0	-1	0
					0.999974	0	0.00727656
					-0.00727656	0	0.999974
					-29.4182	18.16	-3.17111
				}
			}
			{bone "seat01"
				{Matrix34
					-0.173648	-0.984808	0
					0.984782	-0.173644	0.00727656
					-0.00716603	0.00126348	0.999974
					0.560768	18.16	-3.17111
				}
			}
			{bone "seat02"
				{Matrix34
					-0.173648	0.984808	0
					-0.984782	-0.173644	-0.00727599
					-0.00716546	-0.00126346	0.999974
					-1.05856	-18.3377	-3.17145
				}
			}
			{bone "seat04"
				{Matrix34
					-0.258819	0.965926	0
					-0.9659	-0.258813	-0.00727599
					-0.00702807	-0.00188317	0.999974
					-17.008	-18.3377	-3.17144
				}
			}
			{bone "seat06"
				{Matrix34
					0.173648	0.984808	0
					-0.984808	0.173648	0
					0	0	1
					-32.3826	-18.3377	-3.17145
				}
			}
			{bone "seat10"
				{Matrix34
					0.34202	0.939693	0
					-0.939668	0.342011	-0.00727599
					-0.0068372	0.00248853	0.999974
					-61.8153	-18.3377	-3.17145
				}
			}
			{bone "seat03"
				{Matrix34
					0.173648	-0.984808	0
					0.984782	0.173643	0.00727656
					-0.007166	-0.00126365	0.999974
					-15.0264	18.16	-3.17111
				}
			}
			{bone "seat08"
				{Matrix34
					0	1	0
					-0.999974	0	-0.00727599
					-0.00727599	0	0.999974
					-47.8575	-18.3377	-3.17145
				}
			}
			{bone "fxsmoke1"
				{Matrix34
					0	-0.906308	0.422618
					1	0	0
					0	0.422618	0.906308
					39.7433	-22.4028	24.1868
				}
			}
		}
		{bone "emit3"
			{parameters "Group=driver;"}
			{Position -96.2448	7.98627	0}
		}
		{bone "emit4"
			{parameters "Group=commander;"}
			{Position -96.2448	-7.92568	0}
		}
	}
}
{Volume "body1"
	{Polyhedron "body1.vol"}
	{Bone "body"}
	{Position 43.6222	-0.354295	-17.6115}
}
{Volume "body2"
	{Polyhedron "body2.vol"}
	{Bone "body"}
	{Matrix34
		-1	0	0
		0	0	1
		0	1	0
		0.594409	-5.20501	-1.69106
	}
}
{Volume "body3"
	{Polyhedron "body3.vol"}
	{Bone "body"}
	{Position 54.6154	-0.354297	-9.77206}
}
{Volume "body4"
	{Polyhedron "body4.vol"}
	{Bone "body"}
	{Position 43.6222	-0.354295	-27.0382}
}
{Volume "body"
	{Polyhedron "body.vol"}
	{Bone "body"}
	{Position 30.9829	-0.354291	-19.0738}
}
{Volume "glass_back"
	{Box 16.4041 6.49475 2.20041}
	{Bone "glass_back"}
	{Matrix34
		1	0	0
		0	0.99509	0.0989724
		0	-0.0989724	0.99509
		0.0604821	0.058381	10.6742
	}
}
{Volume "glass_doorl1"
	{Box 3.84843 10.9252 16.6132}
	{Bone "glass_doorl1"}
	{Matrix34
		0.996195	0	0.0871557
		0	1	0
		-0.0871557	0	0.996195
		0.0308357	0	-0.155444
	}
}
{Volume "glass_doorr1"
	{Box 3.74803 10.9203 16.4211}
	{Bone "glass_doorr1"}
	{Matrix34
		0.996195	0	-0.0871556
		0	1	0
		0.0871555	0	0.996195
		-0.00609279	0	-0.199112
	}
}
{Volume "glass_front"
	{Box 34.1752 9.27822 2.61953}
	{Bone "glass_front"}
	{Matrix34
		1	0	0
		0	0.99509	0.0989725
		0	-0.0989725	0.99509
		0.0604762	0.0376208	-0.511798
	}
}
{Volume "ram"
	{Polyhedron "ram.vol"}
	{Bone "body"}
	{Matrix34
		-1	0	0
		0	0	1
		0	1	0
		1.35286	-23.5345	-12.6253
	}
}
{Volume "wheelleft1"
	{Cylinder 11.4173 7.08661}
	{Bone "wheell1"}
	{Matrix34
		0.991445	0.130525	0
		-0.130525	0.991445	0
		0	0	1
		0	0	-0.841478
	}
}
{Volume "wheelleft2"
	{Cylinder 11.4173 12.0079}
	{Bone "wheell2"}
	{Matrix34
		0.0971367	-0.995271	-1.43051e-005
		0.995271	0.0971367	-1.09673e-005
		1.23049e-005	-1.31721e-005	1
		3.19163e-005	-3.23547e-005	-0.0150914
	}
}
{Volume "wheelleft3"
	{Cylinder 11.4173 12.0079}
	{Bone "wheell3"}
	{Matrix34
		0.867091	-0.49815	0
		0.49815	0.867091	0
		0	0	1
		0	0	-0.0150933
	}
}
{Volume "wheelright1"
	{Cylinder 11.4173 7.07642}
	{Bone "wheelr1"}
	{Matrix34
		-0.793353	-0.608761	0
		0.608761	-0.793353	0
		0	0	1
		0	0	0.748637
	}
}
{Volume "wheelright2"
	{Cylinder 11.4173 12.0079}
	{Bone "wheelr2"}
	{Position 0	0	-0.0534606}
}
{Volume "wheelright3"
	{Cylinder 11.4173 12.0079}
	{Bone "wheelr3"}
	{Matrix34
		1	0	0
		0	1	0
		0	0	1
		0	0	-0.0534606
	}
}
{Volume "engine"
	{Box 22.0926 18.1557 15} ; front-back;side-side;up-down
	{Bone "body"}
	{Position 54.4932	-0.354324	-5}
}
{Volume "fuel"
	{Box 22 13 10} ; front-back;side-side;up-down
	{Bone "body"}
	{Position 6	-17.5	-16}
}
{volume "transmission"
	{cylinder 5 65}
	{bone "body"}
	{matrix34
		0 	 1 	 0
		0 	 0 	 1
		1 	 0 	 0
		5	 0 	 -15
	}
}
