;Exported by: Kislov_A
;Date:        Mon Apr 05 16:37:42 2010
;File:        E:\Men of war red tide2\Art\Models\Technics\Dodge_M37\DodgeM-37_xx.max
{Skeleton
	{bone "basis"
		{Orientation
			1	0	0
			0	-1	0
			0	0	1
		}
		{bone "pivot_front"
			{parameters "ID=body;"}
			{Matrix34
				1	0	0
				0	0	-1
				0	1	0
				34.0768	0.120087	7.18088
			}
			{VolumeView "pivot_front.ply"}
			{bone revolute "steer_l1"
				{Matrix34
					1	0	0
					0	0	-1
					0	1	0
					1.23817	0	12.655
				}
				{bone revolute "wheelleft1"
					{parameters "ID=wheelleft1;"}
					{Matrix34
						1	0	0
						0	0	1
						0	-1	0
						0	-2.71465	0.00280905
					}
					{VolumeView "wheelleft1.ply"}
				}
			}
			{bone revolute "steer_r1"
				{Matrix34
					1	0	0
					0	0	-1
					0	1	0
					1.23817	0	-12.8766
				}
				{bone revolute "wheelright1"
					{parameters "ID=wheelright1;"}
					{Matrix34
						1	0	0
						0	0	1
						0	-1	0
						0	2.73323	0.00280666
					}
					{VolumeView "wheelright1.ply"}
				}
			}
		}
		{bone "pivot_back"
			{parameters "ID=body;"}
			{Matrix34
				1	0	0
				0	0	-1
				0	1	0
				-24.7523	0.12007	7.18088
			}
			{VolumeView "pivot_back.ply"}
			{bone revolute "spring_l"
				{Matrix34
					1	0	0
					0	0	-1
					0	1	0
					-1.09465	0	12.6551
				}
				{bone revolute "wheelleft2"
					{parameters "ID=wheelleft2;"}
					{Matrix34
						1	0	0
						0	0	1
						0	-1	0
						-0.00331497	-2.71465	0.00280857
					}
					{VolumeView "wheelleft2.ply"}
				}
			}
			{bone revolute "spring_r"
				{Matrix34
					1	0	0
					0	0	-1
					0	1	0
					-1.09624	0	-12.8766
				}
				{bone revolute "wheelright2"
					{parameters "ID=wheelright2;"}
					{Matrix34
						1	0	0
						0	0	1
						0	-1	0
						-0.00173187	2.73323	0.00280666
					}
					{VolumeView "wheelright2.ply"}
				}
			}
		}
		{bone "body"
			{parameters "ID=body;"}
			{Matrix34
				1	0	0
				0	0	-1
				0	1	0
				7.68837	0	7.18088
			}
			{VolumeView "body.ply"}
			{bone "bodyback"
				{parameters "ID=bodyback;"}
				{Matrix34
					1	0	0
					0	0	1
					0	-1	0
					-35.2047	-11.4125	0
				}
				{VolumeView "bodyback.ply"}
			}
			{bone "engine"
				{parameters "ID=engine;"}
				{Matrix34
					1	0	0
					0	0	1
					0	-1	0
					27.4604	-19.5087	-0.0379562
				}
				{VolumeView "engine.ply"}
				{bone "fxfire1"
					{Matrix34
						0	0	1
						-1	0	0
						0	1	0
						-1.79043	0.137375	0.999435
					}
				}
				{bone "part5"
					{parameters "ID=engine;"}
					{Matrix34
						0.85614	-0.0138029	0.51656
						0.0135802	0.999899	0.0042106
						-0.516566	0.00341009	0.856241
						-12.7138	-0.000309542	2.01088
					}
					{VolumeView "part5.ply"}
				}
			}
			{bone "fuel"
				{Matrix34
					1	0	0
					0	-1	0
					0	0	-1
					-43.6354	-3.65335	-0.0266812
				}
			}
			{bone "cabin"
				{parameters "ID=cabin;"}
				{Matrix34
					1	0	0
					0	0	1
					0	-1	0
					0	-12.285	0
				}
				{VolumeView "cabin.ply"}
				{bone "part4"
					{parameters "ID=cabin;"}
					{Matrix34
						0.984257	-0.169621	0.0496722
						0.173291	0.981416	-0.0824186
						-0.0347692	0.0897288	0.995359
						9.83979	14.9211	0.0202656
					}
					{VolumeView "part4.ply"}
				}
				{bone "part3"
					{parameters "ID=cabin;"}
					{Matrix34
						0.984565	0.167968	0.049174
						-0.165222	0.984698	-0.0554211
						-0.0577305	0.046441	0.997252
						9.83632	-14.9371	0.0202656
					}
					{VolumeView "part3.ply"}
				}
				{bone "part1"
					{parameters "ID=cabin;"}
					{Matrix34
						0.999601	-0.000748336	-0.0282249
						0	0.999649	-0.026498
						0.0282348	0.0264874	0.99925
						17.1608	16.5171	9.3528
					}
					{VolumeView "part1.ply"}
				}
				{bone "part2"
					{parameters "ID=cabin;"}
					{Matrix34
						0.999601	-0.000748336	-0.0282249
						0	0.999649	-0.026498
						0.0282348	0.0264874	0.99925
						17.1608	-15.3494	10.1642
					}
					{VolumeView "part2.ply"}
				}
			}
		}
	}
}
{Volume "body1"
	{Box 37.4575 28.0165 5.98186}
	{Bone "body"}
	{Matrix34
		1	0	0
		0	0	1
		0	-1	0
		-31.5344	-2.58393	-0.0999481
	}
}
{Volume "body"
	{Box 54.9003 32.9041 9.04304}
	{Bone "body"}
	{Matrix34
		1	0	0
		0	0	1
		0	-1	0
		14.5659	-3.70766	-0.0999481
	}
}
{Volume "bodyback"
	{Box 43.487 32.5263 12.3679}
	{Bone "bodyback"}
	{Position 0.687603	0.0365682	0.303645}
}
{Volume "cabin"
	{Polyhedron "cabin.vol"}
	{Bone "body"}
	{Matrix34
		1	0	0
		0	0	1
		0	-1	0
		-0.812593	-3.61809	-0.0999482
	}
}
{Volume "engine"
	{Polyhedron "engine.vol"}
	{Bone "engine"}
	{Position -2.24422	-0.0619926	-11.4191}
}
{Volume "part1"
	{Cylinder 0.48256 11.1739}
	{Bone "part1"}
	{Matrix34
		0.968101	-0.00591258	0.25049
		0.0929543	0.936855	-0.337139
		-0.232679	0.349669	0.90752
		0.0290966	-0.351399	0.776917
	}
}
{Volume "part2"
	{Cylinder 0.48256 11.1739}
	{Bone "part2"}
	{Matrix34
		0.96962	-0.145369	0.196738
		0.0741075	0.941035	0.330092
		-0.233122	-0.305484	0.92322
		0.0462208	0.428265	0.170924
	}
}
{Volume "part3"
	{Box 18.6267 1.18689 17.6129}
	{Bone "part3"}
	{Matrix34
		0.997865	0.0650632	-0.00560903
		-0.0650998	0.997857	-0.00662025
		0.00516623	0.00697127	0.999962
		-9.50332	-0.588638	0.0866499
	}
}
{Volume "part4"
	{Box 18.6267 1.18689 17.6129}
	{Bone "part4"}
	{Matrix34
		0.997443	-0.0697677	-0.0154976
		0.0699812	0.997454	0.0136908
		0.0145029	-0.0147404	0.999786
		-9.54227	0.532557	0.170382
	}
}
{Volume "part5"
	{Polyhedron "part5.vol"}
	{Bone "part5"}
	{Matrix34
		0.998011	0.0139865	-0.0614752
		-0.0138029	0.999899	0.00341009
		0.0615165	-0.00255479	0.998103
		11.5864	0.115639	-5.09729
	}
}
{Volume "wheelleft1"
	{Cylinder 7.87402 5.29691}
	{Bone "wheelleft1"}
	{Matrix34
		1	0	0
		0	-1	0
		0	0	-1
		0	-0.00281	-0.00595307
	}
}
{Volume "wheelleft2"
	{Cylinder 7.87402 5.29691}
	{Bone "wheelleft2"}
	{Matrix34
		1	0	0
		0	-1	0
		0	0	-1
		0.00385475	-0.00280952	-0.00595403
	}
}
{Volume "wheelright1"
	{Cylinder 7.87402 5.29691}
	{Bone "wheelright1"}
	{Matrix34
		1	0	0
		0	-1	0
		0	0	-1
		0	-0.00280857	-0.00235105
	}
}
{Volume "wheelright2"
	{Cylinder 7.87402 5.29691}
	{Bone "wheelright2"}
	{Matrix34
		1	0	0
		0	-1	0
		0	0	-1
		0.00385666	-0.00280857	-0.002352
	}
}
