;Exported by: misan
;Date:        Wed Jun 28 10:28:36 2023
;File:        D:\Cold War\ModelWIP\USA\MGR-3\MGR-3.max
{Skeleton
	{animation
		{sequence "close" {speed 0.15}}
		{sequence "spin" {speed 0.3}}
	}
	{bone revolute "basis"
		{Orientation
			1	0	0
			0	-1	0
			0	0	1
		}
		{bone "body"
			{parameters "id=body;"}
			{Position -2.13717	-0.0471655	5.05705}
			{VolumeView "body.ply"}
			{bone "wheels"
				{Matrix34
					-0.292372	0	-0.956305
					0	-1	0
					-0.956305	0	0.292372
					0.040813	0.0471652	-0.0729518
				}
				{bone revolute "suspension_r"
					{parameters "id=body;"}
					{Matrix34
						0.933581	0	0.358368
						-0.358368	0	0.933581
						0	-1	0
						0.00682831	-8.52974	-0.00331116
					}
					{VolumeView "suspension_r.ply"}
					{bone revolute "wheelr"
						{parameters "id=wheelright;"}
						{Matrix34
							-0.615661	-0.788011	0
							0.788011	-0.615661	0
							0	0	1
							-3.18785	-1.28682	3.89584
						}
						{VolumeView "wheelr.ply"}
					}
				}
				{bone revolute "suspension_l"
					{parameters "id=body;"}
					{Matrix34
						0.933581	0	0.358368
						-0.358368	0	0.933581
						0	-1	0
						0.00682449	8.62403	-0.00331116
					}
					{VolumeView "suspension_l.ply"}
					{bone revolute "wheell"
						{parameters "id=wheelleft;"}
						{Matrix34
							-0.615661	-0.788011	0
							0.788011	-0.615661	0
							0	0	1
							-3.18785	-1.28682	-3.89522
						}
						{VolumeView "wheell.ply"}
					}
				}
			}
			{bone "seat4"
				{Matrix34
					-0.882948	-0.469472	0
					0.469472	-0.882948	0
					0	0	1
					-9.29593	-9.32394	-13.1477
				}
			}
			{bone "seat3"
				{Matrix34
					-0.857167	0.515038	0
					-0.515038	-0.857167	0
					0	0	1
					-8.702	8.91577	-13.1477
				}
			}
			{bone "standf"
				{parameters "id=body;"}
				{Position 17.7643	0	-4.45354}
				{VolumeView "standf.ply"}
			}
			{bone "standl"
				{parameters "id=body;"}
				{Position -11.4649	10.4243	-4.437}
				{VolumeView "standl.ply"}
			}
			{bone "standr"
				{parameters "id=body;"}
				{Position -11.4649	-10.4243	-4.437}
				{VolumeView "standr.ply"}
			}
			{bone revolute "turret"
				{parameters "id=body;"}
				{Position 2.50556	0.00375362	2.79973}
				{VolumeView "turret.ply"}
				{bone "arm"
					{parameters "id=body;"}
					{Matrix34
						-0.87462	0	0.484809
						0	-1	0
						0.484809	0	0.87462
						-13.631	-0.0037572	-1.82721
					}
					{VolumeView "arm.ply"}
					{bone "hydraulic_connect2"
						{Matrix34
							0.87462	0	-0.484809
							0.484809	0	0.87462
							0	-1	0
							10.6001	-0.047166	7.9991
						}
					}
				}
				{bone "hydraulic"
					{Matrix34
						-0.898794	0	0.438371
						0	-1	0
						0.438371	0	0.898794
						-19.5796	-0.0115842	10.1616
					}
					{VolumeView "hydraulic.ply"}
				}
				{bone revolute "gun_rot"
					{parameters "id=gun;"}
					{Matrix34
						-0.939693	0	0.34202
						0.34202	0	0.939693
						0	1	0
						15.581	-0.00374847	7.84988
					}
					{VolumeView "gun_rot.ply"}
					{bone "foresight"
						{Matrix34
							1	0	0
							0	0	-1
							0	1	0
							54.3405	5.36118	0.0471699
						}
					}
					{bone "rocket"
						{parameters "id=gun;"}
						{Matrix34
							1	0	0
							0	0	-1
							0	1	0
							-11.5559	5.3104	0
						}
						{VolumeView "rocket.ply"}
					}
					{bone "visor"
						{Matrix34
							1	0	0
							0	0	-1
							0	1	0
							20.2829	6.52127	-10.5618
						}
					}
					{bone "shooter"
						{Matrix34
							1	0	0
							0	0	-1
							0	1	0
							-6.70057	5.45428	0.0471693
						}
					}
					{bone "hook"
						{parameters "id=gun;"}
						{Matrix34
							0.999391	-0.0348993	0
							0	0	-1
							0.0348993	0.999391	0
							68.2027	-8.03906	0.00319336
						}
						{VolumeView "hook.ply"}
						{bone "link1"
							{Matrix34
								-1	0	0
								0	-1	0
								0	0	1
								0.0094986	-0.0439674	-0.000308037
							}
						}
					}
					{bone "steer_f"
						{parameters "id=gun;"}
						{Matrix34
							0.999391	-0.0348993	0
							0	0	-1
							0.0348993	0.999391	0
							55.4302	-12.5376	-0.00805423
						}
						{VolumeView "steer_f.ply"}
						{bone "wheelf"
							{parameters "id=gun;"}
							{Position -0.97411	-0.011252	-3.03656}
							{VolumeView "wheelf.ply"}
						}
					}
					{bone "hydraulic_connect1"
						{Matrix34
							0.939693	-0.34202	0
							0.34202	0.939693	0
							0	0	1
							41.5858	-0.847485	0.0471628
						}
					}
				}
			}
			{bone "seat2"
				{Matrix34
					0.529919	0.848048	0
					-0.848048	0.529919	0
					0	0	1
					7.25536	6.52499	-10.6731
				}
			}
			{bone "seat1"
				{Matrix34
					0.669131	-0.743145	0
					0.743145	0.669131	0
					0	0	1
					7.98127	-7.57865	-10.6731
				}
			}
		}
		{bone "emit3"
			{Matrix34
				-0.656059	-0.75471	0
				0.75471	-0.656059	0
				0	0	1
				-16.71	31.1747	0
			}
		}
		{bone "emit2"
			{Matrix34
				-0.93358	-0.358368	0
				0.358368	-0.93358	0
				0	0	1
				10.6621	26.5309	0
			}
		}
		{bone "emit4"
			{Matrix34
				-0.766045	0.642787	0
				-0.642787	-0.766045	0
				0	0	1
				-11.8578	-35.0792	0
			}
		}
		{bone "emit1"
			{Matrix34
				-1	0	0
				0	-1	0
				0	0	1
				18.6276	-25.4642	0
			}
		}
		{bone "driver4"
			{Position 22.7938	-12.9147	0}
		}
		{bone "driver1"
			{Position -25.9042	-9.95356	0}
		}
		{bone "driver2"
			{Position 22.5313	10.9969	0}
		}
		{bone "driver3"
			{Position -26.0361	9.3678	0}
		}
		{bone "commander"
			{Matrix34
				-1	0	0
				0	-1	0
				0	0	1
				-13.0482	-33.6231	0
			}
		}
		{bone "charger2"
			{Matrix34
				-1	0	0
				0	-1	0
				0	0	1
				-17.0152	30.8685	0
			}
		}
		{bone "charger"
			{Matrix34
				-1	0	0
				0	-1	0
				0	0	1
				10.2618	26.4686	0
			}
		}
		{bone "gunner"
			{Matrix34
				-1	0	0
				0	-1	0
				0	0	1
				17.3147	-25.4641	0
			}
		}
	}
}
{Volume "ammo"
	{Cylinder 3.21202 65.2783}
	{Bone "rocket"}
	{Matrix34
		0	-1	0
		0	0	1
		-1	0	0
		32.9752	0.0518842	0.0402459
	}
}
{Volume "body"
	{Polyhedron "body.vol"}
	{Bone "body"}
	{Matrix34
		-1	0	0
		0	-1	0
		0	0	1
		4.64873	0.155226	1.67537
	}
}
{Volume "gun1"
	{Box 6.78104 3.25041 31.9886}
	{Bone "turret"}
	{Matrix34
		0	1	0
		-0.207912	0	0.978147
		0.978147	0	0.207912
		2.43675	0.0479307	1.55683
	}
}
{Volume "gun2"
	{Box 3.84386 3.50029 71.0761}
	{Bone "gun_rot"}
	{Matrix34
		0	0	1
		0	1	0
		-1	0	0
		23.4269	0.369584	-0.071693
	}
}
{Volume "wheelleft"
	{Cylinder 6.41662 2.85495}
	{Bone "wheell"}
	{Matrix34
		-0.292371	0.956305	0
		-0.956305	-0.292371	0
		0	0	1
		0.0252357	-0.0094099	0.00558102
	}
}
{Volume "wheelright"
	{Cylinder 6.41662 2.85495}
	{Bone "wheelr"}
	{Matrix34
		-0.292371	0.956305	0
		-0.956305	-0.292371	0
		0	0	1
		0.0252375	-0.00941422	-0.00546062
	}
}
