;Exported by: and
;Date:        Sun Feb 28 14:26:56 2010
;File:        D:\theGame\Mig_23\mig23.max
{Skeleton
	{animation
		{sequence "open1" {speed 0.05}}
		{sequence "wheels" {speed 0.6}}
	}
	{bone "basis"
		{parameters "Wheelradius=0.5;"}
		{Orientation
			1	0	0
			0	-1	0
			0	0	1
		}
		{bone "emit1"
			{Matrix34
				0	-1	0
				1	0	0
				0	0	1
				90.7822	25.8581	-2.40746
			}
			{visibility 0}
		}
		{bone "seat03"
			{Position -16.4604	0.327676	10.9249}
		}
		{bone "seat02"
			{Position -16.4604	9.88654	10.9249}
		}
		{bone "seat01"
			{Position -16.4603	-9.50332	10.9249}
		}
		{bone "commander"
			{Position -0.284888	-8.00098	10.9249}
		}
		{bone "driver"
			{Matrix34
				0.995508	0	0.0946818
				0	1	0
				-0.0946818	0	0.995508
				81.5347	0.0479439	43.1877
			}
		}
		{bone "body"
			{parameters "id=body;"}
			{Position -31.3853	1.14543	44.4811}
			{VolumeView "body.ply"}
			{bone "krihka2"
				{parameters "ID=body;"}
				{Matrix34
					0.0235796	0.999543	0.0189308
					-0.99624	0.0250726	-0.0829247
					-0.0833617	-0.0169039	0.996376
					112.126	-6.51712	-7.42612
				}
				{VolumeView "krihka2.ply"}
			}
			{bone "krihka1"
				{parameters "ID=body;"}
				{Matrix34
					-0.0248246	0.923456	0.382901
					-0.99758	0.00199964	-0.0694974
					-0.0649436	-0.383699	0.921172
					113.049	5.60178	-7.03826
				}
				{VolumeView "krihka1.ply"}
			}
			{bone "wingl1"
				{parameters "id=wingleft;"}
				{Matrix34
					0.0102802	0.999947	0
					-0.999936	0.0102805	0.00462803
					0.00462744	-4.78164e-005	0.999989
					-4.08992	41.1635	12.4445
				}
				{VolumeView "wingl1.ply"}
				{bone revolute "aileron1"
					{parameters "id=wingl1;"}
					{limits -30 30}
					{speed 2}
					{Matrix34
						0.183761	-0.98296	0.00462755
						-0.000803029	0.00455788	0.999989
						-0.982971	-0.183763	4.77858e-005
						52.9245	38.5388	-2.40607
					}
					{VolumeView "aileron1.ply"}
				}
			}
			{bone "wingr1"
				{parameters " ID=wingright;"}
				{Matrix34
					0.0102802	0.999947	0
					-0.999936	0.0102805	0.00462803
					0.00462744	-4.78164e-005	0.999989
					-4.87563	-40.6627	13.2737
				}
				{VolumeView "wingr1.ply"}
				{bone revolute "aileron2"
					{parameters "id=wingr1;"}
					{limits -30 30}
					{speed 2}
					{Matrix34
						-0.16183	-0.986807	0.0047745
						0.00990643	-0.00646299	-0.99993
						0.986769	-0.161771	0.0108221
						-53.3976	37.7871	-4.08773
					}
					{VolumeView "aileron2.ply"}
				}
			}
			{bone revolute "elevator1"
				{parameters "id=wingLeft;"}
				{limits -30 30}
				{speed 2}
				{Matrix34
					-0.110572	-0.0256655	0.993537
					-0.993857	-0.00179925	-0.110653
					0.00462805	-0.999669	-0.0253094
					-139.974	18.7276	6.84988
				}
				{VolumeView "elevator1.ply"}
			}
			{bone "hvostl"
				{parameters "id=body1;"}
				{Matrix34
					0.0102802	0.999947	0
					-0.999936	0.0102805	0.00462803
					0.00462744	-4.78164e-005	0.999989
					-113.929	6.83145	33.1684
				}
				{VolumeView "hvostl.ply"}
				{bone "rudder1"
					{parameters "id=body_back;"}
					{Matrix34
						1	0	0
						0	0.87537	-0.483453
						0	0.483454	0.87537
						-4.04403	40.1241	3.65012
					}
					{VolumeView "rudder1.ply"}
				}
			}
			{bone "steklo"
				{parameters "ID=body;"}
				{Matrix34
					0.0102802	0.999947	0
					-0.999936	0.0102805	0.00462801
					0.00462742	-4.69461e-005	0.999989
					131.675	0.793099	20.4772
				}
				{VolumeView "steklo.ply"}
			}
			{bone "nos"
				{parameters "ID=Body;"}
				{Matrix34
					0.0102802	0.999947	0
					-0.999936	0.0102805	0.00462797
					0.00462744	-4.73362e-005	0.999989
					198.641	1.62764	8.30144
				}
				{VolumeView "nos.ply"}
			}
			{bone "hvost"
				{parameters "ID=body;"}
				{Matrix34
					0.0198118	0.999783	-0.00644937
					-0.994307	0.0203784	0.104585
					0.104693	0.00434098	0.994495
					-119.479	1.65919	-28.1891
				}
				{VolumeView "hvost.ply"}
			}
			{bone revolute "retract_wheelback"
				{parameters "id=retract_wheelBack;"}
				{Matrix34
					0.0102802	0.999947	0
					-0.999936	0.0102805	0.00462804
					0.00462746	-4.73959e-005	0.999989
					129.127	-0.369584	-6.17889
				}
				{VolumeView "retract_wheelback.ply"}
				{bone revolute "wheelback"
					{parameters "id=retract_wheelBack;Radius=0.4;"}
					{Matrix34
						0	0	-1
						0	1	0
						1	0	0
						0.0110316	2.59424	-31.0115
					}
					{VolumeView "wheelback.ply"}
				}
			}
			{bone revolute "elevator2"
				{parameters "id=wingRight;"}
				{limits -30 30}
				{speed 2}
				{Matrix34
					0.0666396	-0.00656589	0.997756
					-0.997766	-0.00507483	0.0666074
					0.00462656	-0.999966	-0.00688975
					-140.172	-16.17	1.97206
				}
				{VolumeView "elevator2.ply"}
			}
			{bone "drawcall_140"
				{Matrix34
					-0.0102802	-0.999947	0
					-0.999937	0.0102807	0.00462859
					0.00462814	-4.72862e-005	0.999989
					-19.7515	-4.77702	-15.1188
				}
				{VolumeView "drawcall_140.ply"}
			}
			{bone "w3"
				{Matrix34
					-0.999863	0	-0.0165693
					0	-1	0
					-0.0165695	0	0.999863
					-174.382	2.1548	-5.8619
				}
			}
			{bone revolute "gun_rot1"
				{Matrix34
					1	0	0
					0	0	1
					0	-1	0
					150.352	0.142661	-8.5178
				}
				{bone "foresight3"
					{Matrix34
						1	0	0
						0	0	1
						0	-1	0
						8.52345	0	0
					}
				}
				{bone "foresight1"
					{Matrix34
						1	0	0
						0	0	1
						0	-1	0
						7.25781	0	0
					}
				}
			}
			{bone revolute "barrel02"
				{limits -30 2}
				{Matrix34
					1	0	0
					0	0	1
					0	-1	0
					86.1403	0.142666	-11.9195
				}
			}
			{bone "rocket03"
				{Matrix34
					0.999851	0.00693392	0.0158287
					-0.00856303	0.994409	0.105252
					-0.0150107	-0.105372	0.99432
					25.6452	7.57994	-13.6652
				}
				{VolumeView "rocket03.ply"}
			}
			{bone "rocket02"
				{Matrix34
					0.9987	0.00692594	0.0504901
					-0.0122115	0.994383	0.105131
					-0.0494786	-0.105611	0.993176
					25.7715	-7.08811	-15.2177
				}
				{VolumeView "rocket02.ply"}
			}
			{bone "rocket01"
				{Matrix34
					0.998177	0.00221062	0.0603161
					-0.0085628	0.994409	0.105252
					-0.0597463	-0.105576	0.992615
					24.0827	36.3952	5.66227
				}
				{VolumeView "rocket01.ply"}
			}
			{bone "rocket00"
				{Matrix34
					0.999851	0.00693401	0.0158288
					-0.00856298	0.994409	0.105252
					-0.0150106	-0.105372	0.99432
					25.7005	-37.7118	2.68566
				}
				{VolumeView "rocket00.ply"}
			}
			{bone "shooter_r03"
                                {parameters "rocket;"}
				{Matrix34
					1	0	0
					0	-1	0
					0	0	-1
					29.2694	8.54667	-20.1953
				}
			}
			{bone "shooter_r02"
                                {parameters "rocket;"}
				{Matrix34
					1	0	0
					0	-1	0
					0	0	-1
					29.2695	-8.18843	-20.2274
				}
			}
			{bone "shooter_r00"
                                {parameters "rocket;"}
				{Matrix34
					1	0	0
					0	-1	0
					0	0	-1
					17.93	-36.7845	5.58952
				}
			}
			{bone "shooter_r01"
                                {parameters "rocket;"}
				{Matrix34
					1	0	0
					0	-1	0
					0	0	-1
					17.93	37.2255	5.58953
				}
			}
			{bone revolute "turret_tl1"
					{limits -20 20}
					{Position 17.93	37.2255	5.58953}
					{bone revolute "turret_tl01"
						{limits -15 15}
						{Matrix34
							1	0	0
							0	0	-1
							0	1	0
							1.56667	0	0
						}
					}
			}
			{bone revolute "turret_tl"
					{limits -20 20}
					{Position 17.93	-36.7845	5.58952}
					{bone revolute "turret_tl0"
						{limits -15 15}
						{Matrix34
							1	0	0
							0	0	-1
							0	1	0
							1.56667	0	0
						}
					}
			}
			{bone revolute "turret_tl2"
					{limits -20 20}
					{Position 29.2695	-8.18843	-20.2274}
					{bone revolute "turret_tl02"
						{limits -15 15}
						{Matrix34
							1	0	0
							0	0	-1
							0	1	0
							1.56667	0	0
						}
					}
			}
			{bone revolute "turret_tl3"
					{limits -20 20}
					{Position 29.2694	8.54667	-20.19534}
					{bone revolute "turret_tl03"
						{limits -15 15}
						{Matrix34
							1	0	0
							0	0	-1
							0	1	0
							1.56667	0	0
						}
					}
			}
			{bone revolute "gun_rot"
				{limits -30 2}
				{Matrix34
					1	0	0
					0	0	1
					0	-1	0
					148.253	0.142661	-8.5178
				}
			}
		}
		{bone "cabine"
			{parameters "id=Body;"}
			{Matrix34
				0.0102803	0.999947	0
				-0.999936	0.0102804	0.00462787
				0.00462756	-4.67729e-005	0.999989
				65.8835	0.633269	68.2654
			}
			{VolumeView "cabine.ply"}
		}
		{bone "retract_wheelr"
			{parameters "id=retract_wheelR;"}
			{Matrix34
				-0.0102962	-0.999941	-0.00349902
				-0.999936	0.0102799	0.00462757
				0.00459133	-0.00354645	0.999983
				-42.1991	-6.02678	25.7823
			}
			{VolumeView "retract_wheelr.ply"}
			{bone revolute "wheelr"
				{parameters "id=retract_wheelR;Radius=0.5;"}
				{Matrix34
					0	0	-1
					0	1	0
					1	0	0
					26.4701	7.5874	-15.0946
				}
				{VolumeView "wheelr.ply"}
			}
			{bone "drawcall_136"
				{Matrix34
					0.974216	0.0103509	0.225382
					0.0297675	0.984318	-0.173876
					-0.223647	0.176102	0.958629
					30.637	6.02202	-6.68921
				}
				{VolumeView "drawcall_136.ply"}
			}
		}
		{bone "retract_wheell"
			{parameters "ID=retract_wheelL;"}
			{Matrix34
				0.01028	0.999947	0
				-0.999936	0.0102799	0.00462784
				0.0046276	-4.75457e-005	0.999989
				-42.0538	8.10769	25.7823
			}
			{VolumeView "retract_wheell.ply"}
			{bone revolute "wheell"
				{parameters "id=retract_wheelL;Radius=0.5;"}
				{Matrix34
					0	0	-1
					0	1	0
					1	0	0
					26.4701	7.58739	-15.0946
				}
				{VolumeView "wheell.ply"}
			}
			{bone "drawcall_0130"
				{Matrix34
					0.939713	-0.00791024	0.341873
					0.0432664	0.994448	-0.0959177
					-0.339217	0.104927	0.934838
					29.9153	5.93867	-3.78821
				}
				{VolumeView "drawcall_0130.ply"}
			}
		}
		{bone "drawcall_0134"
			{Matrix34
				0.990001	-0.125789	-0.0638398
				0.138794	0.949438	0.281608
				0.0251888	-0.287653	0.957403
				-37.0397	23.273	40.5172
			}
			{VolumeView "drawcall_0134.ply"}
		}
		{bone "drawcall_0135"
			{Matrix34
				0.0102804	0.999947	0
				-0.999936	0.0102803	0.00462784
				0.0046276	-4.75469e-005	0.999989
				-51.1367	6.54007	28.9662
			}
			{VolumeView "drawcall_0135.ply"}
		}
		{bone "______03"
			{parameters "Poly ; ID=body  ;"}
			{Matrix34
				0.0474672	-0.609719	0.791195
				-0.993303	-0.112347	-0.0269855
				-0.105342	0.784615	0.610968
				-51.1819	-19.9261	52.0131
			}
		}
		{bone "______02"
			{parameters "ID=body;"}
			{Matrix34
				0.0102804	0.999947	0
				-0.999936	0.0102803	0.00462777
				0.00462753	-4.75753e-005	0.999989
				-49.0958	22.8626	52.8587
			}
			{VolumeView "______02.ply"}
		}
		{bone "drawcall_138"
			{Matrix34
				-0.298205	0.393929	0.869422
				-0.949538	-0.0296544	-0.312248
				0.0972214	0.918662	-0.382894
				-32.9745	-19.7301	39.3029
			}
		}
		{bone "drawcall_139"
			{Matrix34
				-0.23765	0.3155	0.918685
				-0.949862	0.122355	-0.287735
				0.203186	0.941004	-0.270604
				-36.0989	-19.4268	36.1398
			}
			{VolumeView "drawcall_139.ply"}
		}
	}
}
{Obstacle "rectangle1"
	{Obb2
		{Center -51.8857 0.13641}
		{Extent 67.61 162.879}
		{Axis -1 0}
	}
	{Rotate}
}
{Obstacle "rectangle2"
	{Obb2
		{Center -12.5793 -0.426606}
		{Extent 189.769 10.7561}
		{Axis -1 0}
	}
	{Rotate}
}
{Volume "aileron1"
	{Polyhedron "aileron1.vol"}
	{Bone "aileron1"}
	{Matrix34
		0.991223	0.10113	0.0851405
		-0.0869129	0.013242	0.996128
		0.099611	-0.994785	0.0219154
		-2.76989	0.956394	-6.48375
	}
}
{Volume "aileron2"
	{Box 15.633 124.353 5.68472}
	{Bone "aileron2"}
	{Matrix34
		0.993883	-0.109953	0.0103705
		0.0111563	0.00652399	-0.999916
		0.109877	0.993916	0.00770868
		-7.07838	1.99727	-6.14159
	}
}
{Volume "body"
	{Polyhedron "body.vol"}
	{Bone "body"}
	{Matrix34
		1	0	0
		0	0	1
		0	-1	0
		-2.73555	21.6274	3.22148
	}
}
{Volume "cabine"
	{Polyhedron "cabine.vol"}
	{Bone "cabine"}
	{Matrix34
		0.0102802	-0.999936	0.00462756
		0	0.0046281	0.999989
		-0.999947	-0.0102801	4.68011e-005
		10.8292	-19.0802	0.839302
	}
}
{Volume "elevator1"
	{Box 51.1178 44.1996 8.83992}
	{Bone "elevator1"}
	{Matrix34
		-0.110571	-0.993858	0.00462796
		0.0256656	0.00179906	0.999669
		-0.993537	0.110653	0.0253099
		-2.15081	9.28918	-26.4363
	}
}
{Volume "elevator2"
	{Box 49.1346 48.4274 6.14951}
	{Bone "elevator2"}
	{Matrix34
		0.0666392	-0.997767	0.00462823
		0.00656629	0.00507682	0.999966
		-0.997755	-0.0666074	0.00688936
		-0.336044	9.03703	26.0339
	}
}
{Volume "hvostl"
	{Polyhedron "hvostl.vol"}
	{Bone "hvostl"}
	{Matrix34
		0.01028	-0.999936	0.00462756
		0	0.00462811	0.999989
		-0.999947	-0.0102801	4.77756e-005
		-1.67728	-6.13826	8.68824
	}
}
{Volume "nos"
	{Polyhedron "nos.vol"}
	{Bone "nos"}
	{Matrix34
		0.999947	0.0102805	-4.73687e-005
		0	0.00462784	0.999989
		0.0102804	-0.999936	0.00462748
		-2.70648	30.3488	-2.83667
	}
}
{Volume "retract_wheelback"
	{Polyhedron "retract_wheelback.vol"}
	{Bone "retract_wheelback"}
	{Matrix34
		0.01028	-0.999936	0.00462765
		0	0.00462802	0.999989
		-0.999947	-0.0102802	4.73928e-005
		2.06553	-1.33312	-12.6876
	}
}
{Volume "retract_wheell"
	{Polyhedron "retract_wheell.vol"}
	{Bone "retract_wheell"}
	{Matrix34
		0.0102801	-0.999936	0.00462768
		-0.882044	-0.00688786	0.471117
		-0.471055	-0.00892502	-0.882059
		11.9685	-1.1208	0.769873
	}
}
{Volume "retract_wheelr"
	{Polyhedron "retract_wheelr.vol"}
	{Bone "retract_wheelr"}
	{Matrix34
		-0.0102964	-0.999936	0.00459128
		0.867486	-0.0112161	-0.497336
		-0.497356	0.00113788	-0.867546
		14.2466	-1.53553	0.821779
	}
}
{Volume "rudder1"
	{Polyhedron "rudder1.vol"}
	{Bone "rudder1"}
	{Matrix34
		0.0100666	-0.956581	-0.291291
		-0.00208572	-0.291325	0.956622
		-0.999947	-0.00902237	-0.00492817
		-1.29832	7.02194	4.87691
	}
}
{Volume "wheelback"
	{Polyhedron "wheelback.vol"}
	{Bone "wheelback"}
	{Matrix34
		-0.00985339	-0.99835	0.0565703
		-0.999951	0.0098759	0.000121391
		-0.000679592	-0.0565665	-0.998399
		-0.24912	0.541634	5.92303
	}
}
{Volume "wheell"
	{Polyhedron "wheell.vol"}
	{Bone "wheell"}
	{Matrix34
		0.0010249	-0.999682	0.0251848
		-1	-0.00102487	3.61071e-005
		-1.03732e-005	-0.0251849	-0.999683
		0.208386	0.62534	4.60647
	}
}
{Volume "wheelr"
	{Polyhedron "wheelr.vol"}
	{Bone "wheelr"}
	{Matrix34
		-0.0091402	-0.999035	-0.0429528
		-0.999951	0.00929696	-0.0034559
		-0.00385199	-0.0429198	0.999071
		0.133105	0.0182724	-4.67033
	}
}
{Volume "wingl1"
	{Polyhedron "wingl1.vol"}
	{Bone "wingl1"}
	{Matrix34
		0.235007	-0.968263	0.0850811
		-0.971993	-0.234181	0.019701
		0.000848511	-0.0873282	-0.996179
		61.2441	21.6395	-2.43498
	}
}
{Volume "wingr1"
	{Polyhedron "wingr1.vol"}
	{Bone "wingr1"}
	{Matrix34
		-0.353301	-0.929264	0.107921
		-0.935509	0.350801	-0.0419705
		0.00114272	-0.11579	-0.993273
		-54.1053	16.4567	0.0796318
	}
}
