;Exported by: misan
;Date:        Thu Jul  4 15:21:44 2024
;File:        D:\Cold War\ModelWIP\West Germany\Raketenjagdpanzer 2\Rakjpz_2.max
{Skeleton
	{bone revolute "basis"
		{limits 0 0}
		{Orientation
			1	0	0
			0	-1	0
			0	0	1
		}
		{bone "body"
			{parameters "id=body;"}
			{Position -2.63276	-0.0879293	0.13199}
			{VolumeView "body.ply"}
			{bone "enumerator1"
				{Position 10.0736	-23.2307	28.7588}
				{VolumeView "enumerator1.ply"}
			}
			{bone "enumerator2"
				{Position 10.0736	23.228	28.7588}
				{VolumeView "enumerator2.ply"}
			}
			{bone "fenderl1"
				{Position 56.6608	22.3604	20.2074}
				{VolumeView "fenderl1.ply"}
				{bone "detail9"
					{Position 4.43697	0.0135918	-1.83302}
					{VolumeView "detail9.ply"}
				}
			}
			{bone "fenderl2"
				{parameters "id=shieldl2;"}
				{Position -48.2676	22.4001	19.1583}
				{VolumeView "fenderl2.ply"}
			}
			{bone "fenderr1"
				{parameters "id=shieldr1;"}
				{Position 56.6608	-22.3604	20.2074}
				{VolumeView "fenderr1.ply"}
				{bone "detail8"
					{Position 4.43694	-0.0135841	-1.833}
					{VolumeView "detail8.ply"}
				}
			}
			{bone "fenderr2"
				{parameters "id=shieldr2;"}
				{Position -48.2676	-22.4001	19.1583}
				{VolumeView "fenderr2.ply"}
			}
			{bone "detail7"
				{parameters "id=body;"}
				{VolumeView "detail7.ply"}
			}
			{bone "detail6"
				{parameters "id=body;"}
				{VolumeView "detail6.ply"}
			}
			{bone "detail3"
				{parameters "id=body;"}
				{Position -24.3148	-24.3001	27.3524}
				{VolumeView "detail3.ply"}
			}
			{bone "detail2"
				{parameters "id=engine;"}
				{Position -18.6441	7.25929	31.5898}
				{VolumeView "detail2.ply"}
			}
			{bone "detail1"
				{parameters "id=body;"}
				{Position -17.8193	24.5025	27.1971}
				{VolumeView "detail1.ply"}
			}
			{bone "fxsmoke1"
				{Matrix34
					0	0	1
					0	1	0
					-1	0	0
					-30.4288	2.12223	32.4352
				}
			}
			{bone "fxfire3"
				{Position 7.44426	-6.34968	27.097}
			}
			{bone "fxfire1"
				{Position -17.5892	-14.7821	27.097}
			}
			{bone "fxfire3_2"
				{Position 18.1295	9.80077	27.097}
			}
			{bone revolute "wheell1"
				{parameters "id=trackleft;Radius=0.33;"}
				{Matrix34
					1	0	0
					0	0	-1
					0	1	0
					52.9855	22.9873	14.3675
				}
				{VolumeView "wheell1.ply"}
			}
			{bone revolute "wheelr1"
				{parameters "id=trackright;Radius=0.33;"}
				{Matrix34
					1	0	0
					0	0	-1
					0	1	0
					52.9855	-23.2316	14.3675
				}
				{VolumeView "wheelr1.ply"}
			}
			{bone revolute "wheelr10"
				{parameters "id=trackright;Radius=0.15;"}
				{Matrix34
					1	0	0
					0	0	-1
					0	1	0
					-19.68	-22.7807	18.1018
				}
				{VolumeView "wheelr10.ply"}
			}
			{bone revolute "wheelr9"
				{parameters "id=trackright;Radius=0.15;"}
				{Matrix34
					1	0	0
					0	0	-1
					0	1	0
					13.5992	-22.7807	18.1018
				}
				{VolumeView "wheelr9.ply"}
			}
			{bone revolute "wheelr8"
				{parameters "id=trackright;Radius=0.15;"}
				{Matrix34
					1	0	0
					0	0	-1
					0	1	0
					30.4359	-22.7807	18.1018
				}
				{VolumeView "wheelr8.ply"}
			}
			{bone revolute "wheelr7"
				{parameters "id=trackright;Radius=0.35;"}
				{Matrix34
					1	0	0
					0	0	-1
					0	1	0
					-42.9858	-22.5644	14.5849
				}
				{VolumeView "wheelr7.ply"}
			}
			{bone revolute "wheell10"
				{parameters "id=trackleft;Radius=0.15;"}
				{Matrix34
					1	0	0
					0	0	-1
					0	1	0
					-19.68	22.8533	18.1018
				}
				{VolumeView "wheell10.ply"}
			}
			{bone revolute "wheell9"
				{parameters "id=trackleft;Radius=0.15;"}
				{Matrix34
					1	0	0
					0	0	-1
					0	1	0
					13.5992	22.8533	18.1018
				}
				{VolumeView "wheell9.ply"}
			}
			{bone revolute "wheell8"
				{parameters "id=trackleft;Radius=0.15;"}
				{Matrix34
					1	0	0
					0	0	-1
					0	1	0
					30.4359	22.8533	18.1018
				}
				{VolumeView "wheell8.ply"}
			}
			{bone revolute "wheell7"
				{parameters "id=trackleft;Radius=0.35;"}
				{Matrix34
					1	0	0
					0	0	-1
					0	1	0
					-42.9858	22.637	14.5849
				}
				{VolumeView "wheell7.ply"}
			}
			{bone "visor2"
				{Position 42.4359	12.7123	34.2194}
			}
			{bone "gunner2"
				{Position 35.4561	-12.8346	16.19}
			}
			{bone "engine"
				{parameters "id=engine;"}
				{Position -0.00024271	0	1.00434e-05}
				{VolumeView "engine.ply"}
				{bone "box"
					{parameters "id=shield1;"}
					{VolumeView "box.ply"}
				}
				{bone "detail5"
					{parameters "id=engine;"}
					{Position -40.6537	11.2882	28.8295}
					{VolumeView "detail5.ply"}
				}
				{bone "detail4"
					{parameters "id=engine;"}
					{Position -40.6537	3.58515	28.8295}
					{VolumeView "detail4.ply"}
				}
				{bone "smoke_launchers"
					{parameters "id=engine;"}
					{Position -18.0621	5.57694	34.5135}
					{VolumeView "smoke_launchers.ply"}
					{bone "smoke_shot8"
						{Matrix34
							-0.621665	0.575865	-0.530954
							-0.448277	-0.817439	-0.36172
							-0.642324	0.0131458	0.76632
							0.937502	-10.0882	1.89978
						}
					}
					{bone "smoke_shot7"
						{Matrix34
							-0.741022	0.244672	-0.625317
							-0.195717	-0.969517	-0.147418
							-0.642324	0.0131455	0.76632
							1.52652	-7.07857	2.44652
						}
					}
					{bone "smoke_shot6"
						{Matrix34
							-0.75287	0.176446	-0.634077
							-0.143549	-0.984223	-0.103439
							-0.642325	0.0131455	0.76632
							1.66841	-3.93075	2.56702
						}
					}
					{bone "smoke_shot5"
						{Matrix34
							-0.764752	0.0551842	-0.641957
							-0.0507278	-0.99839	-0.0253928
							-0.642325	0.0131459	0.76632
							1.66489	-1.22761	2.52187
						}
					}
					{bone "smoke_shot4"
						{Matrix34
							-0.766056	0.0203074	-0.642453
							-0.0240073	-0.999707	-0.00297372
							-0.642325	0.0131455	0.76632
							1.77254	1.15445	2.52187
						}
					}
					{bone "smoke_shot3"
						{Matrix34
							-0.758585	-0.153442	-0.633249
							0.131814	-0.98792	0.0814776
							-0.638101	-0.0216636	0.769648
							1.60662	4.07395	2.53849
						}
					}
					{bone "smoke_shot2"
						{Matrix34
							-0.710838	-0.320924	-0.625873
							0.337154	-0.936415	0.0972333
							-0.617281	-0.141899	0.77384
							1.50139	7.0313	2.48351
						}
					}
					{bone "smoke_shot1"
						{Matrix34
							-0.610364	-0.48417	-0.626926
							0.585344	-0.808928	0.0548487
							-0.533694	-0.333489	0.777146
							0.900658	10.1047	1.85229
						}
					}
				}
			}
			{bone "headlightl"
				{Position 57.592	12.2925	23.0194}
			}
			{bone "headlightr"
				{Position 57.592	-12.8304	23.0194}
			}
			{bone "fxstop2"
				{Matrix34
					-1	0	0
					0	-1	0
					0	0	1
					-44.6635	22.5659	25.0736
				}
			}
			{bone "fxstop1"
				{Matrix34
					-1	0	0
					0	-1	0
					0	0	1
					-44.6635	-22.5747	25.0736
				}
			}
			{bone "cover1"
				{parameters "id=body;"}
				{Matrix34
					0.972084	-0.14168	-0.187028
					0.137352	0.989869	-0.0359692
					0.190229	0.0092765	0.981696
					34.6188	-18.2317	35.3211
				}
				{VolumeView "cover1.ply"}
			}
			{bone "cover2"
				{parameters "id=body;"}
				{Matrix34
					0.972084	0.14168	-0.187027
					0.137352	-0.989869	-0.0359692
					0.190228	-0.00927662	0.981696
					34.6188	18.2892	35.3211
				}
				{VolumeView "cover2.ply"}
			}
			{bone "missile_cover_l"
				{parameters "id=body;"}
				{Position 16.8897	15.6411	35.7874}
				{VolumeView "missile_cover_l.ply"}
			}
			{bone "missile_cover_r"
				{parameters "id=body;"}
				{Position 16.8897	-15.2346	35.7874}
				{VolumeView "missile_cover_r.ply"}
			}
			{bone "missile_flap_r"
				{parameters "id=body;"}
				{Position 28.6632	-10.5793	36.2405}
				{VolumeView "missile_flap_r.ply"}
			}
			{bone "missile_flap_l"
				{parameters "id=body;"}
				{Position 28.6632	10.7773	36.2405}
				{VolumeView "missile_flap_l.ply"}
			}
			{bone revolute "mgun2_vrot"
				{Matrix34
					1	0	0
					0	0	1
					0	-1	0
					53.7566	-9.15261	23.1982
				}
				{bone revolute "mgun2_hrot"
					{parameters "id=body;"}
					{Matrix34
						1	0	0
						0	0	-1
						0	1	0
						0.00354004	0.00337982	0.00548935
					}
					{VolumeView "mgun2_hrot.ply"}
					{bone "foresight4"
						{Position 4.83979	0.0054903	-0.00337791}
					}
				}
			}
			{bone "launcher_l_post"
				{parameters "id=body;"}
				{Position 26.6632	10.7874	19.0804}
				{VolumeView "launcher_l_post.ply"}
				{bone "launcher_l_turret"
					{parameters "id=body;"}
					{Position -0.0031662	-0.00841713	4.60317}
					{VolumeView "launcher_l_turret.ply"}
					{bone "launcher_l_rot"
						{parameters "id=body;"}
						{Matrix34
							0	0	1
							-1	0	0
							0	-1	0
							0.430714	-0.608036	1.307
						}
						{VolumeView "launcher_l_rot.ply"}
						{bone "launcher_l_attach"
							{parameters "id=body;"}
							{Matrix34
								0	0	1
								0	1	0
								-1	0	0
								0.896181	2.78249	-0.621295
							}
							{VolumeView "launcher_l_attach.ply"}
							{bone "shooter01"
								{Matrix34
									0	-0.0871559	-0.996195
									-1	0	0
									0	0.996195	-0.0871559
									-0.0219316	2.0601	-0.841919
								}
								{bone "rocket_01"
									{parameters "id=body;"}
									{Matrix34
										0.996195	0	0.0871557
										0	1	0
										-0.0871557	0	0.996195
										0.000638962	0.0188379	0.00955963
									}
									{VolumeView "rocket_01.ply"}
								}
							}
						}
					}
				}
			}
			{bone "launcher_r_post"
				{parameters "id=body;"}
				{Position 26.6632	-10.5953	19.0804}
				{VolumeView "launcher_r_post.ply"}
				{bone "launcher_r_turret"
					{parameters "id=body;"}
					{Position -0.00316811	-0.00841713	4.60318}
					{VolumeView "launcher_r_turret.ply"}
					{bone "launcher_r_rot"
						{parameters "id=body;"}
						{Matrix34
							0	0	1
							-1	0	0
							0	-1	0
							0.430714	-0.608036	1.307
						}
						{VolumeView "launcher_r_rot.ply"}
						{bone "launcher_r_attach"
							{parameters "id=body;"}
							{Matrix34
								0	0	1
								0	1	0
								-1	0	0
								0.896181	2.78249	-0.621295
							}
							{VolumeView "launcher_r_attach.ply"}
							{bone "shooter00"
								{Matrix34
									0	-0.0871559	-0.996195
									-1	0	0
									0	0.996195	-0.0871559
									-0.0499887	2.0601	-0.841927
								}
								{bone "rocket_00"
									{parameters "id=body;"}
									{Matrix34
										0.996195	0	0.0871562
										0	1	0
										-0.0871562	0	0.996195
										0.000635147	-0.0289087	0.00955391
									}
									{VolumeView "rocket_00.ply"}
								}
							}
						}
					}
				}
			}
			{bone revolute "sight_pole"
				{parameters "id=body;"}
				{Position 38.3608	2.17708	32.7204}
				{VolumeView "sight_pole.ply"}
				{bone revolute "sight"
					{parameters "id=body;"}
					{Matrix34
						1	0	0
						0	0	1
						0	-1	0
						-0.00617599	-0.00493813	5.35012
					}
					{VolumeView "sight.ply"}
					{bone "visor1"
						{Matrix34
							1	0	0
							0	0	-1
							0	1	0
							1.81303	1.28798	0.00974655
						}
					}
					{bone "foresight"
						{Matrix34
							1	0	0
							0	0	-1
							0	1	0
							1.81303	0.10471	0.00974655
						}
					}
				}
			}
			{bone "cw_panorama_basis"
				{Position 38.3854	-2.36717	36.9038}
				{bone "commander_rot"
					{parameters "id=body;"}
					{Position -0.00940704	0.00984573	0.792347}
					{VolumeView "commander_rot.ply"}
					{bone "vision_rot"
						{Matrix34
							1	0	0
							0	0	1
							0	-1	0
							0.00940704	-0.00984335	-0.00598145
						}
						{bone "visor3"
							{Matrix34
								1	0	0
								0	0	-1
								0	1	0
								1.63165	0	0
							}
						}
					}
				}
			}
		}
		{bone "emit2"
			{Matrix34
				0	1	0
				-1	0	0
				0	0	1
				31.921	-42.251	0
			}
		}
		{bone "emit1"
			{Matrix34
				0.087156	-0.996195	0
				0.996195	0.087156	0
				0	0	1
				30.49	40.9758	0
			}
		}
		{bone "wheelsr"
			{Position 0	-15.7213	5.9345}
			{bone "fxtracer1"
				{Matrix34
					0	-1	0
					0	0	1
					-1	0	0
					29.7169	-6.85314	-5.9345
				}
			}
			{bone "fxtracer2"
				{Matrix34
					0	-1	0
					0	0	1
					-1	0	0
					0.0263302	-6.85314	-5.9345
				}
			}
			{bone "fxtracer3"
				{Matrix34
					0	-1	0
					0	0	1
					-1	0	0
					-30.1016	-6.85314	-5.9345
				}
			}
			{bone prizmatic "suspension_r1"
				{limits -0.1 0.1}
				{Position 35.2641	-2.13326	1.55923}
				{bone revolute "wheelr2"
					{parameters "id=trackright;Radius=0.30;"}
					{Matrix34
						1	0	0
						0	0	-1
						0	1	0
						0.00688934	-5.30061	-0.0675774
					}
					{VolumeView "wheelr2.ply"}
				}
			}
			{bone prizmatic "suspension_r2"
				{limits -0.1 0.1}
				{Position 18.4556	-2.13326	1.51112}
				{bone revolute "wheelr3"
					{parameters "id=trackright;Radius=0.30;"}
					{Matrix34
						1	0	0
						0	0	-1
						0	1	0
						0.0274734	-5.30061	-0.0194597
					}
					{VolumeView "wheelr3.ply"}
				}
			}
			{bone prizmatic "suspension_r3"
				{limits -0.1 0.1}
				{Position 1.7351	-2.13326	1.62663}
				{bone revolute "wheelr4"
					{parameters "id=trackright;Radius=0.30;"}
					{Matrix34
						1	0	0
						0	0	-1
						0	1	0
						-0.0281048	-5.30061	-0.134975
					}
					{VolumeView "wheelr4.ply"}
				}
			}
			{bone prizmatic "suspension_r4"
				{limits -0.1 0.1}
				{Position -14.8354	-2.13326	1.49929}
				{bone revolute "wheelr5"
					{parameters "id=trackright;Radius=0.30;"}
					{Matrix34
						1	0	0
						0	0	-1
						0	1	0
						0.00629234	-5.30061	-0.0076313
					}
					{VolumeView "wheelr5.ply"}
				}
			}
			{bone prizmatic "suspension_r5"
				{limits -0.1 0.1}
				{Position -32.029	-2.13326	1.52296}
				{bone revolute "wheelr6"
					{parameters "id=trackright;Radius=0.30;"}
					{Matrix34
						1	0	0
						0	0	-1
						0	1	0
						-0.0313568	-5.30061	-0.0313034
					}
					{VolumeView "wheelr6.ply"}
				}
			}
			{bone "trackr"
				{parameters "id=trackright;"}
				{Position 2.61469	-6.84803	5.09622}
				{VolumeView "trackr.ply"}
			}
		}
		{bone "wheelsl"
			{Position 0	15.7886	5.9345}
			{bone "fxtracel1"
				{Matrix34
					0	-1	0
					0	0	1
					-1	0	0
					29.7169	6.69751	-5.9345
				}
			}
			{bone "fxtracel2"
				{Matrix34
					0	-1	0
					0	0	1
					-1	0	0
					0.0263317	6.69751	-5.9345
				}
			}
			{bone "fxtracel3"
				{Matrix34
					0	-1	0
					0	0	1
					-1	0	0
					-30.1016	6.69751	-5.9345
				}
			}
			{bone prizmatic "suspension_l1"
				{limits -0.1 0.1}
				{Position 35.2641	2.13094	1.55923}
				{bone revolute "wheell2"
					{parameters "id=trackleft;Radius=0.3;"}
					{Matrix34
						1	0	0
						0	0	-1
						0	1	0
						0.00688934	5.14407	-0.0675755
					}
					{VolumeView "wheell2.ply"}
				}
			}
			{bone prizmatic "suspension_l2"
				{limits -0.1 0.1}
				{Position 18.4556	2.13094	1.51111}
				{bone revolute "wheell3"
					{parameters "id=trackleft;Radius=0.3;"}
					{Matrix34
						1	0	0
						0	0	-1
						0	1	0
						0.0274734	5.14407	-0.0194578
					}
					{VolumeView "wheell3.ply"}
				}
			}
			{bone prizmatic "suspension_l3"
				{limits -0.1 0.1}
				{Position 1.7351	2.13094	1.62663}
				{bone revolute "wheell4"
					{parameters "id=trackleft;Radius=0.3;"}
					{Matrix34
						1	0	0
						0	0	-1
						0	1	0
						-0.0281057	5.14407	-0.134974
					}
					{VolumeView "wheell4.ply"}
				}
			}
			{bone prizmatic "suspension_l4"
				{limits -0.1 0.1}
				{Position -14.8354	2.13094	1.49929}
				{bone revolute "wheell5"
					{parameters "id=trackleft;Radius=0.3;"}
					{Matrix34
						1	0	0
						0	0	-1
						0	1	0
						0.00629616	5.14407	-0.00762939
					}
					{VolumeView "wheell5.ply"}
				}
			}
			{bone prizmatic "suspension_l5"
				{limits -0.1 0.1}
				{Position -32.029	2.13094	1.52296}
				{bone revolute "wheell6"
					{parameters "id=trackleft;Radius=0.3;"}
					{Matrix34
						1	0	0
						0	0	-1
						0	1	0
						-0.0313568	5.14407	-0.0313015
					}
					{VolumeView "wheell6.ply"}
				}
			}
			{bone "trackl"
				{parameters "id=trackleft;"}
				{Position 2.61469	6.75264	5.09621}
				{VolumeView "trackl.ply"}
			}
		}
	}
}