;Exported by:	 TigerF
;Date:			 22.05.2018 20:20:52
;File:			 D:\PROGRAMS\3ds_max\3dsmax9_saves\scenes\Early WW2 tanks\germany\sdkfz10\ammo_trailer_xx.max
{skeleton
	{bone "basis"
		{orientation
			1 	 0 	 0
			0 	 -1 	 0
			0 	 0 	 1
		}
		{bone "body"
			{parameters "id=body;"}
			{matrix34
				0.9962 	 0 	 0.0872
				0 	 1 	 0
				-0.0872 	 0 	 0.9962
				1.057 	 0.0002 	 0.9728
			}
			{VolumeView "body.ply"}
			{bone revolute "part1"
				{parameters "id=part1;"}
				{matrix34
					0.9962 	 0 	 -0.0872
					-0.0727 	 -0.5519 	 -0.8307
					-0.0481 	 0.8339 	 -0.5498
					0.4583 	 -18.7723 	 5.2927
				}
				{VolumeView "part1.ply"}
			}
			{bone "part2"
				{parameters "id=part2;"}
				{matrix34
					0.9944 	 -0.0032 	 -0.106
					-0.0144 	 0.9863 	 -0.1644
					0.1051 	 0.165 	 0.9807
					14.1083 	 -0.1681 	 0.9396
				}
				{VolumeView "part2.ply"}
			}
		}
	}
}
{volume "body"
	{box 33.6149 2.43772 26.5647}
	{bone "body"}
	{matrix34
		1 	 0 	 0
		0 	 0 	 1
		0 	 -1 	 0
		-1.6282 	 0.1604 	 2.0104
	}
}
{volume "box"
	{box 33.1017 11.2905 20.7835}
	{bone "body"}
	{matrix34
		0.9944 	 -0.0032 	 -0.106
		0.1051 	 0.165 	 0.9807
		0.0144 	 -0.9863 	 0.1644
		3.4184 	 0.2778 	 4.7736
	}
}
{volume "part1"
	{cylinder 7.67818 4.13967}
	{bone "part1"}
	{matrix34
		1 	 0 	 0
		0 	 -1 	 0
		0 	 0 	 -1
		0 	 0 	 0.1614
	}
}
{volume "part2"
	{box 32.8571 20.6667 0.974703}
	{bone "part2"}
	{matrix34
		0.9962 	 0.0871 	 0.0044
		-0.0872 	 0.9952 	 0.0447
		-0.0005 	 -0.045 	 0.999
		-11.7312 	 0.058 	 8.189
	}
}
