;Exported by: pk
;Date:        Mon Feb 25 20:14:12 2019
;File:        E:\Chris models\su-7\Su-7_x_export.max
{Skeleton
	{bone "basis"
		{Orientation
			1	0	0
			0	-1	0
			0	0	1
		}
		{bone "body"
			{parameters "ID=body;"}
			{Matrix34
				0.999287	0	-0.0377636
				0	1	0
				0.0377636	0	0.999287
				0	0	40.5635
			}
			{VolumeView "body.ply"}
			{bone "retract_wheelr1"
				{parameters "ID=body;"}
				{Matrix34
					1	0	0
					0	-1	0
					0	0	-1
					-17.508	-38.2049	-5.49047
				}
				{VolumeView "retract_wheelr1.ply"}
				{bone "retract_wheelr2"
					{parameters "ID=body;"}
					{Position 0	0	13.1289}
					{VolumeView "retract_wheelr2.ply"}
					{bone "retract_wheelr3"
						{parameters "ID=body;"}
						{Matrix34
							-0.921242	0	0.388989
							0.388989	0	0.921242
							0	1	0
							0	0	7.74035
						}
						{VolumeView "retract_wheelr3.ply"}
						{bone "retract_wheelr4"
							{parameters "ID=body;"}
							{Matrix34
								-0.543052	-0.839699	0
								-0.839696	0.54305	-0.00285768
								0.00240003	-0.0015512	-0.999996
								-3.48538	3.35938	-0.70216
							}
							{VolumeView "retract_wheelr4.ply"}
						}
						{bone revolute "wheelr"
							{parameters "ID=body;Radius=0.44;support;"}
							{Matrix34
								-0.353936	-0.93527	0
								-0.93527	0.353936	0
								0	0	-1
								9.6327	2.95486	-2.63234
							}
							{VolumeView "wheelr.ply"}
						}
					}
				}
				{bone "retract_wheelr5"
					{parameters "ID=body;"}
					{Matrix34
						-1	0	0
						0	0	-1
						0	-1	0
						1.59465	-9.91821e-005	16.8497
					}
					{VolumeView "retract_wheelr5.ply"}
					{bone "retract_wheelr6"
						{parameters "ID=body;"}
						{Matrix34
							0.984808	0.172987	0.0151352
							-0.173004	0.969924	0.171223
							0.0149395	-0.17124	0.985116
							-4.38777	0.99287	0.252853
						}
						{VolumeView "retract_wheelr6.ply"}
					}
				}
				{bone "wheelflapr1"
					{parameters "ID=body;"}
					{Matrix34
						0.532802	0.0264531	0.845826
						-0.844862	-0.0404005	0.533458
						0.0482834	-0.998833	0.000823763
						0.744303	0.568169	0.760975
					}
					{VolumeView "wheelflapr1.ply"}
				}
			}
			{bone "retract_wheell1"
				{parameters "ID=body;"}
				{Position -17.508	38.2049	-5.49047}
				{VolumeView "retract_wheell1.ply"}
				{bone "retract_wheell5"
					{parameters "ID=body;"}
					{Position 1.59464	-8.39233e-005	-16.8497}
					{VolumeView "retract_wheell5.ply"}
					{bone "retract_wheell6"
						{parameters "ID=body;"}
						{Position 4.38778	-0.252857	0.992863}
						{VolumeView "retract_wheell6.ply"}
					}
				}
				{bone "retract_wheell2"
					{parameters "ID=body;"}
					{Position 0	0	-13.1289}
					{VolumeView "retract_wheell2.ply"}
					{bone "retract_wheell3"
						{parameters "ID=body;"}
						{Position 0	1.14441e-005	-7.74035}
						{VolumeView "retract_wheell3.ply"}
						{bone "retract_wheell4"
							{Position 4.51764	-0.702156	-1.73903}
							{VolumeView "retract_wheell4.ply"}
						}
						{bone revolute "wheell"
							{parameters "ID=body;Radius=0.44;support;"}
							{Matrix34
								-0.0377527	0	0.999287
								0.999287	0	0.0377527
								0	1	0
								-7.72464	-2.63234	-6.46916
							}
							{VolumeView "wheell.ply"}
						}
					}
				}
				{bone "wheelflapl1"
					{parameters "ID=body;"}
					{Matrix34
						0.492404	0.0868246	-0.866026
						0.864758	0.06398	0.498097
						0.0986554	-0.994167	-0.0435782
						0.679825	0.635185	-0.76828
					}
					{VolumeView "wheelflapl1.ply"}
				}
			}
			{bone "window3"
				{parameters "ID=window3;"}
				{Matrix34
					0	1	0
					0.0739536	0	0.997262
					0.997262	0	-0.0739536
					56.2567	0	15.3748
				}
			}
			{bone "wheelflapr2"
				{parameters "ID=body;"}
				{Matrix34
					1	0	0
					0	-0.422618	-0.906308
					0	0.906308	-0.422618
					-18.1915	-40.1556	-7.49308
				}
				{VolumeView "wheelflapr2.ply"}
			}
			{bone "cabine"
				{parameters "ID=body;"}
				{Matrix34
					0.996494	0	-0.0836611
					0	1	0
					0.0836611	0	0.996494
					84.4463	-0.000120163	12.5875
				}
				{VolumeView "cabine.ply"}
				{bone "window4"
					{parameters "ID=window4;"}
					{Matrix34
						0	1	0
						-0.00973765	0	0.999953
						0.999953	0	0.00973765
						-28.324	0.000118126	0.419159
					}
					{VolumeView "window4.ply"}
				}
			}
			{bone "wheelflapl2"
				{parameters "ID=body;"}
				{Matrix34
					1	0	0
					0	-0.34202	0.939693
					0	-0.939693	-0.34202
					-18.1914	40.1559	-7.49309
				}
				{VolumeView "wheelflapl2.ply"}
			}
			{bone "wheelflapf2"
				{parameters "ID=body;"}
				{Matrix34
					0	-0.46082	-0.887494
					0	-0.887494	0.46082
					-1	0	0
					87.9097	-3.86272	-14.7071
				}
				{VolumeView "wheelflapf2.ply"}
			}
			{bone "retract_wheelf"
				{parameters "ID=body;"}
				{Position 75.3002	-9.55518e-005	-12.0914}
				{VolumeView "retract_wheelf.ply"}
				{bone revolute "wheelf"
					{parameters "ID=body;Radius=0.34;support;"}
					{Matrix34
						-0.0377343	0	0.999288
						0.999288	0	0.0377343
						0	1	0
						-4.27229	0	-19.7264
					}
					{VolumeView "wheelf.ply"}
				}
			}
			{bone "wheelflapf1"
				{parameters "ID=body;"}
				{Matrix34
					0	-0.377841	0.925871
					0	-0.925871	-0.377841
					1	0	0
					87.9097	3.79503	-14.7071
				}
				{VolumeView "wheelflapf1.ply"}
			}
			{bone "engine"
				{parameters "ID=body;"}
				{Position 0	0	0}
				{VolumeView "engine.ply"}
			}
			{bone "pivot_back"
				{Matrix34
					0.999287	0	0.0377637
					0	1	0
					-0.0377637	0	0.999287
					-25.9475	-9.55518e-005	-12.414
				}
			}
			{bone "pivot_front"
				{Matrix34
					0.999287	0	0.0377637
					0	1	0
					-0.0377637	0	0.999287
					75.8563	-9.55518e-005	-12.0704
				}
			}
			{bone "wingl1"
				{parameters "ID=body;"}
				{Position -14.5393	42.1961	-5.98827}
				{VolumeView "wingl1.ply"}
				{bone revolute "flap1"
					{parameters "ID=body;"}
					{limits -20 20}
					{speed2 15}
					{Matrix34
						0.768555	-0.638891	0.0337884
						0.639256	0.768995	0
						-0.0259831	0.0215994	0.999429
						-40.0923	-7.89424	0.389076
					}
					{VolumeView "flap1.ply"}
				}
			}
			{bone "wingl2"
				{parameters "ID=body;"}
				{Position -92.7063	75.0616	-8.108}
				{VolumeView "wingl2.ply"}
				{bone "wingpart1"
					{parameters "ID=body;"}
					{Matrix34
						0	1	0
						0.0739534	0	0.997262
						0.997262	0	-0.0739534
						148.963	-75.0616	23.4827
					}
					{VolumeView "wingpart1.ply"}
				}
				{bone revolute "aileron1"
					{parameters "ID=body;"}
					{limits -20 20}
					{speed2 15}
					{Matrix34
						0.781923	-0.622463	0.0336993
						0.622817	0.782368	0
						-0.0263653	0.0209885	0.999432
						-1.49207	-2.22325	0.616077
					}
					{VolumeView "aileron1.ply"}
				}
			}
			{bone "wingr1"
				{parameters "ID=body;"}
				{Position -14.14	-42.1961	-5.93033}
				{VolumeView "wingr1.ply"}
				{bone revolute "flap2"
					{parameters "ID=body;"}
					{limits -20 20}
					{speed2 15}
					{Matrix34
						0.768556	0.63889	0.0337885
						-0.639255	0.768995	0
						-0.0259831	-0.0215994	0.999429
						-40.4684	7.91348	0.332142
					}
					{VolumeView "flap2.ply"}
				}
			}
			{bone "wingr2"
				{parameters "ID=body;"}
				{Position -92.7063	-75.0616	-8.108}
				{VolumeView "wingr2.ply"}
				{bone "wingpart2"
					{parameters "ID=body;"}
					{Matrix34
						0	1	0
						0.0739536	0	0.997262
						0.997262	0	-0.0739536
						148.963	75.0616	23.4827
					}
					{VolumeView "wingpart2.ply"}
				}
				{bone revolute "aileron2"
					{parameters "ID=body;"}
					{limits -20 20}
					{speed2 15}
					{Matrix34
						0.781923	0.622463	0.0336993
						-0.622817	0.782367	0
						-0.0263653	-0.0209885	0.999432
						-1.46194	2.24724	0.617382
					}
					{VolumeView "aileron2.ply"}
				}
			}
			{bone "window1"
				{parameters "ID=window1;"}
				{Matrix34
					0	1	0
					0.0739536	0	0.997262
					0.997262	0	-0.0739536
					56.2567	0	15.3747
				}
				{VolumeView "window1.ply"}
			}
			{bone "window2"
				{parameters "ID=window2;"}
				{Matrix34
					0	1	0
					0.0739536	0	0.997262
					0.997262	0	-0.0739536
					56.2567	0	15.3747
				}
				{VolumeView "window2.ply"}
			}
			{bone revolute "elevator1"
				{parameters "ID=body;"}
				{limits -20 20}
				{speed2 15}
				{Matrix34
					0.996099	0.0882368	0
					-0.0882368	0.9961	0
					0	0	1
					-135.461	14.5829	-2.54046
				}
				{VolumeView "elevator1.ply"}
			}
			{bone revolute "elevator2"
				{parameters "ID=body;"}
				{limits -20 20}
				{speed2 15}
				{Matrix34
					0.994993	-0.0999411	0
					0.099941	0.994993	0
					0	0	1
					-135.458	-14.5537	-2.54045
				}
				{VolumeView "elevator2.ply"}
			}
			{bone revolute "rudder"
				{parameters "ID=body;"}
				{limits -30 30}
				{speed2 15}
				{Matrix34
					0.663642	0	-0.748051
					0	1	0
					0.748051	0	0.663642
					-155.321	2.28882e-005	37.2406
				}
				{VolumeView "rudder.ply"}
			}
		}
	}
}
{Volume "wheelf"
	{Cylinder 6.02143 4.74586}
	{Bone "wheelf"}
	{Matrix34
		2.92611e-005	0.999287	0.0377632
		1	-2.9314e-005	0
		0	0.0377632	-0.999287
		0	0	0
	}
}
{Volume "wheell"
	{Cylinder 9.26374 4.74586}
	{Bone "wheell"}
	{Matrix34
		1.08137e-005	0.999287	0.0377632
		1	-1.10047e-005	0
		0	0.0377632	-0.999287
		0	0.0246771	0.0377853
	}
}
{Volume "wheelr"
	{Cylinder 9.26374 4.74586}
	{Bone "wheelr"}
	{Matrix34
		1.46375e-005	0.999287	0.0377632
		1	-1.4565e-005	0
		0	0.0377632	-0.999287
		0	0	0
	}
}
