;Exported by: misan
;Date:        Wed Feb  8 10:46:57 2023
;File:        D:\Cold War\ModelWIP\West Germany\Raketenjagdpanzer 1\Rak1.max
{Skeleton
	{animation
		{sequence "start" {speed 0.15}}
		{sequence "stop" {speed 0.15}}
		{sequence "open_right" {speed 0.05}{resume}{events {1 "hatch_light"}}}
		{sequence "open_left" {speed 0.05}{resume}{events {1 "hatch_light"}}}
		{sequence "open1" {speed 0.3}{resume}{events {2 "hatch_light"}}}
		{sequence "raise_sight" {speed 0.2}{events {2 "hatch_visor"}}}
		{sequence "lower_sight" {speed 0.2}{events {2 "hatch_visor"}}}
		{sequence "raise_launcher_r" {speed 0.1}{events {2 "hatch_light"}}}
		{sequence "lower_launcher_r" {speed 0.1}{events {2 "hatch_light"}}}
		{sequence "raise_launcher_l" {speed 0.1}{events {2 "hatch_light"}}}
		{sequence "lower_launcher_l" {speed 0.1}{events {2 "hatch_light"}}}
	}
	{bone revolute "basis"
		{limits 0 0}
		{Orientation
			1	0	0
			0	-1	0
			0	0	1
		}
		{bone "body"
			{parameters "id=body;"}
			{Position -0.519913	0.0078587	18.8831}
			{VolumeView "body.ply"}
			{bone revolute "wheell1"
				{parameters "id=trackleft;Radius=0.3;"}
				{Matrix34
					-1	0	0
					0	0	1
					0	1	0
					48.0068	20.4764	-6.5067
				}
				{VolumeView "wheell1.ply"}
			}
			{bone revolute "wheell8"
				{parameters "id=trackleft;Radius=0.12;"}
				{Matrix34
					-1	0	0
					0	0	1
					0	1	0
					24.1083	21.1656	-4.55758
				}
				{VolumeView "wheell8.ply"}
			}
			{bone revolute "wheell9"
				{parameters "id=trackleft;Radius=0.12;"}
				{Matrix34
					-1	0	0
					0	0	1
					0	1	0
					8.3035	21.1656	-4.55758
				}
				{VolumeView "wheell9.ply"}
			}
			{bone revolute "wheell10"
				{parameters "id=trackleft;Radius=0.12;"}
				{Matrix34
					-1	0	0
					0	0	1
					0	1	0
					-21.1672	21.1656	-4.55758
				}
				{VolumeView "wheell10.ply"}
			}
			{bone revolute "wheell7"
				{parameters "id=trackleft;Radius=0.3;"}
				{Matrix34
					-1	0	0
					0	0	1
					0	1	0
					-41.1668	20.3807	-7.10975
				}
				{VolumeView "wheell7.ply"}
			}
			{bone revolute "wheelr1"
				{parameters "id=wheelright;Radius=0.3;"}
				{Matrix34
					-1	0	0
					0	0	1
					0	1	0
					48.0068	-20.3389	-6.5067
				}
				{VolumeView "wheelr1.ply"}
			}
			{bone revolute "wheelr8"
				{parameters "id=wheelright;Radius=0.12;"}
				{Matrix34
					-1	0	0
					0	0	1
					0	1	0
					24.1083	-21.0361	-4.55758
				}
				{VolumeView "wheelr8.ply"}
			}
			{bone revolute "wheelr9"
				{parameters "id=wheelright;Radius=0.12;"}
				{Matrix34
					-1	0	0
					0	0	1
					0	1	0
					8.3035	-21.0361	-4.55758
				}
				{VolumeView "wheelr9.ply"}
			}
			{bone revolute "wheelr10"
				{parameters "id=wheelright;Radius=0.12;"}
				{Matrix34
					-1	0	0
					0	0	1
					0	1	0
					-21.1672	-21.0361	-4.55758
				}
				{VolumeView "wheelr10.ply"}
			}
			{bone revolute "wheelr7"
				{parameters "id=wheelright;Radius=0.3;"}
				{Matrix34
					-1	0	0
					0	0	1
					0	1	0
					-41.1668	-20.0493	-7.10975
				}
				{VolumeView "wheelr7.ply"}
			}
			{bone "engine"
				{parameters "id=engine;"}
				{Matrix34
					1	0	0
					0	0	1
					0	-1	0
					-32.8084	1.45128e-05	1.04873
				}
				{VolumeView "engine.ply"}
				{bone "detail2"
					{Matrix34
						1	0	0
						0	0	-1
						0	1	0
						-12.8616	2.38479	-16.905
					}
					{VolumeView "detail2.ply"}
				}
				{bone "detail3"
					{Position -13.8269	5.56267	11.2056}
					{VolumeView "detail3.ply"}
				}
				{bone "fxfire1"
					{Matrix34
						1	0	0
						0	0	-1
						0	1	0
						2.85987	3.90719	8.56983
					}
				}
			}
			{bone "detail1"
				{parameters "id=body;"}
				{Position 24.0736	-22.6786	5.18808}
				{VolumeView "detail1.ply"}
			}
			{bone "smoke_shot6"
				{Matrix34
					-0.633022	0.111619	-0.766044
					-0.173648	-0.984808	0
					-0.754407	0.133022	0.642788
					48.7246	-12.5676	7.77529
				}
			}
			{bone "smoke_shot7"
				{Matrix34
					-0.582564	0.271654	-0.766044
					-0.422618	-0.906308	0
					-0.694272	0.323744	0.642788
					48.7246	-15.4073	7.77529
				}
			}
			{bone "smoke_shot1"
				{Matrix34
					-0.642788	0	-0.766044
					0	-1	0
					-0.766044	0	0.642788
					48.7246	9.88569	7.77529
				}
			}
			{bone "smoke_shot2"
				{Matrix34
					-0.633022	-0.111619	-0.766044
					0.173649	-0.984808	0
					-0.754406	-0.133023	0.642788
					48.7246	12.5385	7.77529
				}
			}
			{bone "smoke_shot8"
				{Matrix34
					-0.45452	0.454519	-0.766044
					-0.707107	-0.707107	0
					-0.541675	0.541675	0.642788
					48.7246	-18.3718	7.77529
				}
			}
			{bone "smoke_shot3"
				{Matrix34
					-0.582563	-0.271654	-0.766044
					0.422619	-0.906308	0
					-0.694272	-0.323745	0.642788
					48.7246	15.4287	7.77529
				}
			}
			{bone "smoke_shot4"
				{Matrix34
					-0.454519	-0.45452	-0.766045
					0.707107	-0.707107	0
					-0.541675	-0.541675	0.642788
					48.7246	18.2793	7.77529
				}
			}
			{bone "smoke_shot5"
				{Matrix34
					-0.642788	0	-0.766044
					0	-1	0
					-0.766044	0	0.642788
					48.7246	-9.90066	7.77529
				}
			}
			{bone "visor2"
				{Position 30.8609	8.86375	15.4158}
			}
			{bone "fxsmoke1"
				{Matrix34
					0	0	1
					0	1	0
					-1	0	0
					-53.0857	-3.8751	8.41209
				}
			}
			{bone "headlightr"
				{Position 53.6032	-12.8338	2.81375}
			}
			{bone "headlightl"
				{Position 53.6032	12.7568	2.81375}
			}
			{bone "fxstop2"
				{Matrix34
					-1	0	0
					0	-1	0
					0	0	1
					-52.2711	-22.3647	0.687624
				}
			}
			{bone "fxstop1"
				{Matrix34
					-1	0	0
					0	-1	0
					0	0	1
					-52.2711	22.3368	0.687624
				}
			}
			{bone "enumerator2"
				{Matrix34
					-1	0	0
					0	-0.573576	0.819152
					0	0.819152	0.573576
					-1.73132	18.2059	11.0288
				}
				{VolumeView "enumerator2.ply"}
			}
			{bone "enumerator1"
				{Matrix34
					1	0	0
					0	0.573576	0.819152
					0	-0.819152	0.573576
					-1.73132	-18.2373	11.0288
				}
				{VolumeView "enumerator1.ply"}
			}
			{bone "cover_l1"
				{parameters "id=body;"}
				{Matrix34
					0.00704409	0.801078	0.598518
					0.125257	-0.594526	0.79426
					-0.992099	-0.0693739	0.104529
					29.9701	15.3405	15.0109
				}
				{VolumeView "cover_l1.ply"}
			}
			{bone "cover_l2"
				{parameters "id=body;"}
				{Matrix34
					0	1	0
					0.104529	0	0.994522
					-0.994522	0	0.104529
					23.2304	4.42345	15.6979
				}
				{VolumeView "cover_l2.ply"}
			}
			{bone "cover_r2"
				{parameters "id=body;"}
				{Matrix34
					0	-1	0
					0.104528	0	0.994522
					-0.994522	0	0.104528
					23.2304	-4.43936	15.6979
				}
				{VolumeView "cover_r2.ply"}
			}
			{bone "cover_r1"
				{parameters "id=body;"}
				{Matrix34
					0.00704384	-0.801078	0.598518
					0.125257	0.594526	0.794261
					-0.992099	0.0693742	0.104529
					29.9701	-15.3618	15.0109
				}
				{VolumeView "cover_r1.ply"}
			}
			{bone "missile_cover_r"
				{parameters "id=body;"}
				{Position 8.17295	-14.0114	15.1054}
				{VolumeView "missile_cover_r.ply"}
			}
			{bone "missile_cover_l"
				{parameters "id=body;"}
				{Position 8.17295	14.0035	15.1054}
				{VolumeView "missile_cover_l.ply"}
			}
			{bone "missile_flap_r"
				{parameters "id=body;"}
				{Position 19.5691	-10.7119	15.8894}
				{VolumeView "missile_flap_r.ply"}
			}
			{bone "missile_flap_l"
				{parameters "id=body;"}
				{Position 19.5691	10.7119	15.8894}
				{VolumeView "missile_flap_l.ply"}
			}
			{bone revolute "sight_pole"
				{parameters "id=body;"}
				{Position 27.6355	0.00682476	13.9715}
				{VolumeView "sight_pole.ply"}
				{bone "sight"
					{parameters "id=body;"}
					{Matrix34
						1	0	0
						0	0	1
						0	-1	0
						-0.00617599	-0.0049381	5.35012
					}
					{VolumeView "sight.ply"}
					{bone "visor1"
						{Matrix34
							1	0	0
							0	0	-1
							0	1	0
							1.84801	1.19194	0.00974655
						}
					}
					{bone revolute "foresight"
						{limits -10 25}
						{Position 1.84801	0.116024	0.00974655}
					}
				}
			}
			{bone "launcher_r_post"
				{parameters "id=body;"}
				{Position 18.0244	-10.6911	-0.123945}
				{VolumeView "launcher_r_post.ply"}
				{bone revolute "launcher_r_turret"
					{parameters "id=body;"}
					{Position -0.00316811	-0.00841713	4.60318}
					{VolumeView "launcher_r_turret.ply"}
					{bone "launcher_r_rot"
						{parameters "id=body;"}
						{Matrix34
							0	0	1
							-1	0	0
							0	-1	0
							0.430714	-0.608037	1.307
						}
						{VolumeView "launcher_r_rot.ply"}
						{bone "launcher_r_attach"
							{parameters "id=body;"}
							{Matrix34
								0	0	1
								0	1	0
								-1	0	0
								0.896181	2.78249	-0.621296
							}
							{VolumeView "launcher_r_attach.ply"}
							{bone "shooter00"
								{Matrix34
									0	-0.0871559	-0.996195
									-1	0	0
									0	0.996195	-0.0871559
									-0.0499897	2.0601	-0.841927
								}
								{bone "rocket_00"
									{parameters "id=body;"}
									{Matrix34
										0.996195	0	0.0871562
										0	1	0
										-0.0871562	0	0.996195
										0.000635147	-0.0289087	0.00955677
									}
									{VolumeView "rocket_00.ply"}
								}
							}
						}
					}
				}
			}
			{bone "launcher_l_post"
				{parameters "id=body;"}
				{Position 18.0244	10.6916	-0.123945}
				{VolumeView "launcher_l_post.ply"}
				{bone revolute "launcher_l_turret"
					{parameters "id=body;"}
					{Position -0.0031662	-0.00841713	4.60317}
					{VolumeView "launcher_l_turret.ply"}
					{bone "launcher_l_rot"
						{parameters "id=body;"}
						{Matrix34
							0	0	1
							-1	0	0
							0	-1	0
							0.430714	-0.608037	1.307
						}
						{VolumeView "launcher_l_rot.ply"}
						{bone "launcher_l_attach"
							{parameters "id=body;"}
							{Matrix34
								0	0	1
								0	1	0
								-1	0	0
								0.896181	2.78249	-0.621296
							}
							{VolumeView "launcher_l_attach.ply"}
							{bone "shooter01"
								{Matrix34
									0	-0.0871559	-0.996195
									-1	0	0
									0	0.996195	-0.0871559
									-0.0219326	2.0601	-0.841919
								}
								{bone "rocket_01"
									{parameters "id=body;"}
									{Matrix34
										0.996195	0	0.0871558
										0	1	0
										-0.0871557	0	0.996195
										0.000640869	0.0188379	0.00955868
									}
									{VolumeView "rocket_01.ply"}
								}
							}
						}
					}
				}
			}
			{bone "fxfire3"
				{Position 24.83	-10.4085	11.8206}
			}
			{bone "fxfire3_2"
				{Position 24.83	10.3329	11.8206}
			}
		}
		{bone "wheelsl"
			{Position 0	15.7886	6.31093}
			{bone "fxtracel1"
				{Matrix34
					0	-1	0
					0	0	1
					-1	0	0
					29.7169	5.34943	-6.25369
				}
			}
			{bone "fxtracel2"
				{Matrix34
					0	-1	0
					0	0	1
					-1	0	0
					0.0263317	5.34943	-6.25369
				}
			}
			{bone "fxtracel3"
				{Matrix34
					0	-1	0
					0	0	1
					-1	0	0
					-30.1016	5.34943	-6.25369
				}
			}
			{bone "trackl"
				{parameters "id=trackleft;"}
				{Matrix34
					1	0	0
					0	0	1
					0	-1	0
					2.98027	5.39277	3.18984
				}
				{VolumeView "trackl.ply"}
			}
			{bone prizmatic "suspension_l5"
				{limits -0.1 0.1}
				{Position -29.8142	-0.00213051	0.903819}
				{bone revolute "wheell6"
					{parameters "id=trackleft;Radius=0.3;"}
					{Matrix34
						-1	0	0
						0	0	1
						0	1	0
						-0.00354767	5.56342	0.0781002
					}
					{VolumeView "wheell6.ply"}
				}
			}
			{bone prizmatic "suspension_l4"
				{limits -0.1 0.1}
				{Position -14.2156	-0.00213051	0.903819}
				{bone revolute "wheell5"
					{parameters "id=trackleft;Radius=0.3;"}
					{Matrix34
						-1	0	0
						0	0	1
						0	1	0
						0.0123119	5.56342	0.0781002
					}
					{VolumeView "wheell5.ply"}
				}
			}
			{bone prizmatic "suspension_l3"
				{limits -0.1 0.1}
				{Position 0.106016	-0.00213051	0.903819}
				{bone revolute "wheell4"
					{parameters "id=trackleft;Radius=0.3;"}
					{Matrix34
						-1	0	0
						0	0	1
						0	1	0
						0.0154293	5.56342	0.0781002
					}
					{VolumeView "wheell4.ply"}
				}
			}
			{bone prizmatic "suspension_l2"
				{limits -0.1 0.1}
				{Position 15.4892	-0.00213051	0.903819}
				{bone revolute "wheell3"
					{parameters "id=trackleft;Radius=0.3;"}
					{Matrix34
						-1	0	0
						0	0	1
						0	1	0
						-0.00302887	5.56342	0.0781002
					}
					{VolumeView "wheell3.ply"}
				}
			}
			{bone prizmatic "suspension_l1"
				{limits -0.1 0.1}
				{Position 31.6618	-0.00213051	0.903819}
				{bone revolute "wheell2"
					{parameters "id=trackleft;Radius=0.3;"}
					{Matrix34
						-1	0	0
						0	0	1
						0	1	0
						-0.000663757	5.56342	0.0781002
					}
					{VolumeView "wheell2.ply"}
				}
			}
		}
		{bone "wheelsr"
			{Position 0	-15.7213	6.31093}
			{bone "fxtracer1"
				{Matrix34
					0	-1	0
					0	0	1
					-1	0	0
					29.7169	-5.32148	-6.25369
				}
			}
			{bone "fxtracer2"
				{Matrix34
					0	-1	0
					0	0	1
					-1	0	0
					0.0263303	-5.32148	-6.25369
				}
			}
			{bone "fxtracer3"
				{Matrix34
					0	-1	0
					0	0	1
					-1	0	0
					-30.1016	-5.32148	-6.25369
				}
			}
			{bone "trackr"
				{parameters "id=wheelright;"}
				{Matrix34
					1	0	0
					0	0	1
					0	-1	0
					2.98027	-5.33231	3.18984
				}
				{VolumeView "trackr.ply"}
			}
			{bone prizmatic "suspension_r1"
				{limits -0.1 0.1}
				{Position 31.6618	0.06991	0.903819}
				{bone revolute "wheelr2"
					{parameters "id=wheelright;Radius=0.3;"}
					{Matrix34
						-1	0	0
						0	0	1
						0	1	0
						-0.000663757	-5.58638	0.0780983
					}
					{VolumeView "wheelr2.ply"}
				}
			}
			{bone prizmatic "suspension_r2"
				{limits -0.1 0.1}
				{Position 15.4892	0.06991	0.903819}
				{bone revolute "wheelr3"
					{parameters "id=wheelright;Radius=0.3;"}
					{Matrix34
						-1	0	0
						0	0	1
						0	1	0
						-0.00302887	-5.58638	0.0780983
					}
					{VolumeView "wheelr3.ply"}
				}
			}
			{bone prizmatic "suspension_r3"
				{limits -0.1 0.1}
				{Position 0.106015	0.06991	0.903819}
				{bone revolute "wheelr4"
					{parameters "id=wheelright;Radius=0.3;"}
					{Matrix34
						-1	0	0
						0	0	1
						0	1	0
						0.015429	-5.58638	0.0780983
					}
					{VolumeView "wheelr4.ply"}
				}
			}
			{bone prizmatic "suspension_r4"
				{limits -0.1 0.1}
				{Position -14.2156	0.06991	0.903819}
				{bone revolute "wheelr5"
					{parameters "id=wheelright;Radius=0.3;"}
					{Matrix34
						-1	0	0
						0	0	1
						0	1	0
						0.01231	-5.58638	0.0780983
					}
					{VolumeView "wheelr5.ply"}
				}
			}
			{bone prizmatic "suspension_r5"
				{limits -0.1 0.1}
				{Position -29.8142	0.06991	0.903819}
				{bone revolute "wheelr6"
					{parameters "id=wheelright;Radius=0.3;"}
					{Matrix34
						-1	0	0
						0	0	1
						0	1	0
						-0.00354385	-5.58638	0.0780983
					}
					{VolumeView "wheelr6.ply"}
				}
			}
		}
		{bone "emit2"
			{Matrix34
				0	1	0
				-1	0	0
				0	0	1
				29.2923	-42.251	0
			}
		}
		{bone "emit1"
			{Matrix34
				0	-1	0
				1	0	0
				0	0	1
				29.1736	39.837	0
			}
		}
	}
}
{Volume "ammo"
	{Box 22.3558 14.0759 23.1838}
	{Bone "body"}
	{Matrix34
		0	-1	0
		0	0	1
		-1	0	0
		11.7008	0.273174	0.113532
	}
}
{Volume "body1"
	{Polyhedron "body1.vol"}
	{Bone "body"}
	{Matrix34
		0	-1	0
		0	0	1
		-1	0	0
		41.5195	-0.299487	-6.09957
	}
}
{Volume "body2"
	{Polyhedron "body2.vol"}
	{Bone "body"}
	{Matrix34
		0	-1	0
		0	0	1
		-1	0	0
		39.0004	-0.0162726	4.71922
	}
}
{Volume "body3"
	{Polyhedron "body3.vol"}
	{Bone "body"}
	{Matrix34
		0	-1	0
		0	0	1
		-1	0	0
		10.4669	0.153654	5.39894
	}
}
{Volume "engine"
	{Box 26.1471 15.8897 9.70332}
	{Bone "body"}
	{Position -24.9881	-5.90673	1.65734}
}
{Volume "fuel1"
	{Box 13.8933 2.85857 5.42395}
	{Bone "body"}
	{Position -24.5289	15.1798	7.77196}
}
{Volume "fuel2"
	{Box 13.8933 2.85857 5.42395}
	{Bone "body"}
	{Position -24.5289	-16.1374	7.77196}
}
{Volume "trackleft"
	{Polyhedron "trackleft.vol"}
	{Bone "wheelsl"}
	{Matrix34
		1	0	0
		0	0	1
		0	-1	0
		0.906503	0.817039	3.13793
	}
}
{Volume "trackright"
	{Polyhedron "trackright.vol"}
	{Bone "wheelsr"}
	{Matrix34
		1	0	0
		0	0	1
		0	-1	0
		0.906502	-9.81453	3.13793
	}
}
