;Exported by: misan
;Date:        Thu May 26 13:59:00 2022
;File:        D:\Cold War\Model WIP\USA\M46 47\M47_x.max
{Skeleton
	{bone "basis"
		{Orientation
			1	0	0
			0	-1	0
			0	0	1
		}
		{bone "body"
			{parameters "id=body;"}
			{Position 0	0	18.1811}
			{VolumeView "body.ply"}
			{bone "turret"
				{parameters "id=turret;"}
				{Matrix34
					0.965926	0.258819	0
					-0.258819	0.965926	0
					0	0	1
					4.6345	-0.0467076	14.9473
				}
				{VolumeView "turret.ply"}
				{bone "cover1"
					{parameters "id=turret;"}
					{Matrix34
						0.766045	0	0.642788
						0	1	0
						-0.642788	0	0.766044
						-16.6793	-9.18141	21.7422
					}
					{VolumeView "cover1.ply"}
				}
				{bone "turret_mgun"
					{parameters "id=turret;"}
					{Position -0.644601	-1.8884	25.8292}
					{VolumeView "turret_mgun.ply"}
					{bone "mgun_rot"
						{Matrix34
							1	0	0
							0	0	1
							0	-1	0
							-1.67491	0.0861018	1.5164
						}
						{bone "mgun_help"
							{Position -4.95832	0	0}
						}
					}
				}
				{bone "gun_rot"
					{parameters "id=mantlet;"}
					{Matrix34
						0.984808	0	-0.173648
						0.173648	0	0.984808
						0	-1	0
						18.9653	0	8.27379
					}
					{VolumeView "gun_rot.ply"}
					{bone "gun"
						{parameters "id=gun;"}
						{Matrix34
							1	0	0
							0	0	-1
							0	1	0
							40.1913	-1.01949	0
						}
						{VolumeView "gun.ply"}
						{bone "foresight1"
							{Position 30.1808	0.0366049	-0.0466881}
						}
					}
					{bone "foresight5"
						{Matrix34
							1	0	0
							0	0	-1
							0	1	0
							9.37125	1.35106	-4.35348
						}
					}
				}
				{bone "visor1"
					{Position 4.80304	-10.5102	19.0717}
				}
				{bone "gunner2"
					{Matrix34
						0.866026	0.5	0
						-0.5	0.866026	0
						0	0	1
						-10.4058	-9.1307	3.29949
					}
				}
				{bone "fxfire3"
					{Position -10.5034	-9.25162	21.9935}
				}
				{bone "smoke_launchers"
					{parameters "id=turret;"}
					{Position 14.8344	0.0467084	12.2621}
					{VolumeView "smoke_launchers.ply"}
				}
			}
			{bone "engine"
				{parameters "id=engine;"}
				{Position 0	0	0}
				{VolumeView "engine.ply"}
				{bone "fxsmoke2"
					{Matrix34
						-1	0	0
						0	-1	0
						0	0	1
						-52.1853	-27.3322	10.9716
					}
				}
				{bone "fxsmoke1"
					{Matrix34
						-1	0	0
						0	-1	0
						0	0	1
						-52.1853	27.7287	10.9716
					}
				}
				{bone "fxfire1"
					{Position -51.2631	0.169782	6.99808}
				}
			}
			{bone "detail1"
				{parameters "id=body;"}
				{Position -8.57448	0.309844	3.68351}
				{VolumeView "detail1.ply"}
			}
			{bone "wheelr1"
				{parameters "id=trackright;radius=0.5;"}
				{Matrix34
					1	0	0
					0	0	-1
					0	1	0
					44.8181	-28.4744	-1.02594
				}
				{VolumeView "wheelr1.ply"}
			}
			{bone "wheelr10"
				{parameters "id=trackright;radius=0.25;"}
				{Matrix34
					1	0	0
					0	0	-1
					0	1	0
					24.7927	-28.5328	3.01473
				}
				{VolumeView "wheelr10.ply"}
			}
			{bone "wheelr11"
				{parameters "id=trackright;radius=0.25;"}
				{Matrix34
					1	0	0
					0	0	-1
					0	1	0
					9.15907	-28.5328	3.01473
				}
				{VolumeView "wheelr11.ply"}
			}
			{bone "wheelr12"
				{parameters "id=trackright;radius=0.25;"}
				{Matrix34
					1	0	0
					0	0	-1
					0	1	0
					-5.32328	-28.5328	3.01473
				}
				{VolumeView "wheelr12.ply"}
			}
			{bone "wheelr13"
				{parameters "id=trackright;radius=0.25;"}
				{Matrix34
					1	0	0
					0	0	-1
					0	1	0
					-19.6652	-28.5328	3.01473
				}
				{VolumeView "wheelr13.ply"}
			}
			{bone "wheelr14"
				{parameters "id=trackright;radius=0.25;"}
				{Matrix34
					1	0	0
					0	0	-1
					0	1	0
					-32.867	-28.5328	3.01473
				}
				{VolumeView "wheelr14.ply"}
			}
			{bone "wheelr9"
				{parameters "id=trackright;radius=0.5;"}
				{Matrix34
					1	0	0
					0	0	-1
					0	1	0
					-59.4305	-28.0334	-1.42656
				}
				{VolumeView "wheelr9.ply"}
			}
			{bone "wheell9"
				{parameters "id=trackleft;radius=0.5;"}
				{Matrix34
					1	0	0
					0	0	-1
					0	1	0
					-59.4305	28.4129	-1.42656
				}
				{VolumeView "wheell9.ply"}
			}
			{bone "wheell14"
				{parameters "id=trackleft;radius=0.25;"}
				{Matrix34
					1	0	0
					0	0	-1
					0	1	0
					-32.867	29.3327	3.01473
				}
				{VolumeView "wheell14.ply"}
			}
			{bone "wheell13"
				{parameters "id=trackleft;radius=0.25;"}
				{Matrix34
					1	0	0
					0	0	-1
					0	1	0
					-19.6652	29.3327	3.01473
				}
				{VolumeView "wheell13.ply"}
			}
			{bone "wheell12"
				{parameters "id=trackleft;radius=0.25;"}
				{Matrix34
					1	0	0
					0	0	-1
					0	1	0
					-5.32328	29.3327	3.01473
				}
				{VolumeView "wheell12.ply"}
			}
			{bone "wheell10"
				{parameters "id=trackleft;radius=0.25;"}
				{Matrix34
					1	0	0
					0	0	-1
					0	1	0
					24.7927	29.3327	3.01473
				}
				{VolumeView "wheell10.ply"}
			}
			{bone "wheell1"
				{parameters "id=trackleft;radius=0.5;"}
				{Matrix34
					1	0	0
					0	0	-1
					0	1	0
					44.8181	29.0592	-1.02594
				}
				{VolumeView "wheell1.ply"}
			}
			{bone "wheell11"
				{parameters "id=trackleft;radius=0.25;"}
				{Matrix34
					1	0	0
					0	0	-1
					0	1	0
					9.15907	29.3327	3.01473
				}
				{VolumeView "wheell11.ply"}
			}
			{bone "hull_mgun_turret"
				{Position 45.807	-14.4006	6.214}
				{bone "hull_mgun"
					{parameters "id=body;"}
					{Matrix34
						1	0	0
						0	0	-1
						0	1	0
						-0.640015	-5.24521e-05	-0.0272942
					}
					{VolumeView "hull_mgun.ply"}
					{bone "foresight4"
						{Matrix34
							1	0	0
							0	0	1
							0	-1	0
							9.22781	0.000764847	-0.0374241
						}
					}
				}
			}
		}
		{bone "wheelsr"
			{parameters "id=trackright;"}
			{Position -7.92509	0	21.26}
			{VolumeView "wheelsr.ply"}
			{bone "fxtracer2"
				{Position 4.48433	-28.5828	-21.26}
			}
			{bone "fxtracer3"
				{Position -33.1541	-28.5828	-21.26}
			}
			{bone "fxtracer1"
				{Position 41.4166	-28.5828	-21.26}
			}
			{bone "trackr"
				{Matrix34
					-1	0	0
					0	-1	0
					0	0	1
					-17.3503	-26.7322	-7.38734
				}
				{VolumeView "trackr.ply"}
			}
			{bone "wheelr2"
				{parameters "id=trackright;radius=0.5;"}
				{Matrix34
					0.971808	0.0774187	0.2227
					0.234307	-0.211958	-0.948775
					-0.0262498	0.974207	-0.224123
					42.1605	-28.4744	-13.4346
				}
				{VolumeView "wheelr2.ply"}
			}
			{bone "wheelr3"
				{parameters "id=trackright;radius=0.5;"}
				{Matrix34
					0.990488	-0.0734567	-0.116354
					-0.106698	0.123947	-0.986536
					0.0868894	0.989566	0.11493
					27.4977	-28.4744	-13.4346
				}
				{VolumeView "wheelr3.ply"}
			}
			{bone "wheelr4"
				{parameters "id=trackright;radius=0.5;"}
				{Matrix34
					0.910334	0.0654279	0.408671
					0.402984	-0.365162	-0.839203
					0.0943237	0.928642	-0.358785
					12.4908	-28.4744	-13.4346
				}
				{VolumeView "wheelr4.ply"}
			}
			{bone "wheelr5"
				{parameters "id=trackright;radius=0.5;"}
				{Matrix34
					0.942503	0.327358	0.0672638
					0.120368	-0.144754	-0.982119
					-0.311768	0.933747	-0.175834
					-2.52112	-28.4744	-13.4346
				}
				{VolumeView "wheelr5.ply"}
			}
			{bone "wheelr6"
				{parameters "id=trackright;radius=0.5;"}
				{Matrix34
					0.997664	-0.0677546	-0.00873629
					-0.0295817	-0.313187	-0.949231
					0.0615786	0.947272	-0.314459
					-17.3439	-28.4744	-13.4346
				}
				{VolumeView "wheelr6.ply"}
			}
			{bone "wheelr7"
				{parameters "id=trackright;radius=0.5;"}
				{Matrix34
					0.999735	-0.0154371	0.0170647
					0.0191013	0.143194	-0.98951
					0.0128316	0.989574	0.143451
					-32.7019	-28.4744	-13.4346
				}
				{VolumeView "wheelr7.ply"}
			}
			{bone "wheelr8"
				{parameters "id=trackright;radius=0.25;"}
				{Matrix34
					0.998617	-0.0521235	0.00688547
					0.0040423	-0.0544571	-0.998508
					0.0524207	0.997155	-0.0541711
					-42.9867	-28.5328	-11.5716
				}
				{VolumeView "wheelr8.ply"}
			}
		}
		{bone "wheelsl"
			{parameters "id=trackleft;"}
			{Position -7.92509	0	21.26}
			{VolumeView "wheelsl.ply"}
			{bone "trackl"
				{Position 17.3948	28.579	-7.38734}
				{VolumeView "trackl.ply"}
			}
			{bone "fxtracel1"
				{Position 41.4166	28.7709	-21.26}
			}
			{bone "fxtracel2"
				{Position 4.48433	28.7709	-21.26}
			}
			{bone "fxtracel3"
				{Position -33.154	28.7709	-21.26}
			}
			{bone "wheell7"
				{parameters "id=trackleft;radius=0.5;"}
				{Matrix34
					0.963441	0.0432445	0.264409
					0.256178	0.140303	-0.956393
					-0.0784562	0.989164	0.124095
					-32.7019	29.0592	-13.4346
				}
				{VolumeView "wheell7.ply"}
			}
			{bone "wheell8"
				{parameters "id=trackleft;radius=0.5;"}
				{Matrix34
					1	0	0
					0	0	-1
					0	1	0
					-42.9867	29.3327	-11.5716
				}
				{VolumeView "wheell8.ply"}
			}
			{bone "wheell6"
				{parameters "id=trackleft;radius=0.5;"}
				{Matrix34
					0.962025	-0.223853	-0.156197
					-0.152468	0.0339541	-0.987725
					0.226409	0.974031	-0.00146586
					-17.3439	29.0592	-13.4346
				}
				{VolumeView "wheell6.ply"}
			}
			{bone "wheell5"
				{parameters "id=trackleft;radius=0.5;"}
				{Matrix34
					0.967988	-0.242168	-0.0659875
					-0.0440484	0.094921	-0.99451
					0.247102	0.96558	0.0812152
					-2.52112	29.0592	-13.4346
				}
				{VolumeView "wheell5.ply"}
			}
			{bone "wheell4"
				{parameters "id=trackleft;radius=0.5;"}
				{Matrix34
					0.977691	-0.209187	0.0189908
					0.0450093	0.120331	-0.991713
					0.205168	0.970444	0.127062
					12.4908	29.0592	-13.4346
				}
				{VolumeView "wheell4.ply"}
			}
			{bone "wheell3"
				{parameters "id=trackleft;radius=0.5;"}
				{Matrix34
					0.970842	0.156124	-0.181909
					-0.148509	-0.203974	-0.967646
					-0.188178	0.966447	-0.174841
					27.4977	29.0592	-13.4346
				}
				{VolumeView "wheell3.ply"}
			}
			{bone "wheell2"
				{parameters "id=trackleft;radius=0.5;"}
				{Matrix34
					0.993997	-0.0664652	0.0868992
					0.0923863	0.0845004	-0.992131
					0.0585992	0.994204	0.0901337
					42.1605	29.0592	-13.4346
				}
				{VolumeView "wheell2.ply"}
			}
		}
		{bone "emit2"
			{Matrix34
				0	1	0
				-1	0	0
				0	0	1
				7.68824	-61.0435	0
			}
		}
		{bone "emit1"
			{Matrix34
				0	-1	0
				1	0	0
				0	0	1
				7.1501	58.4244	0
			}
		}
		{bone "emit4"
			{Matrix34
				0	1	0
				-1	0	0
				0	0	1
				-37.6497	-61.0435	0
			}
		}
		{bone "emit3"
			{Matrix34
				0	-1	0
				1	0	0
				0	0	1
				-38.1879	58.4244	0
			}
		}
	}
}
{Volume "body1"
	{Polyhedron "body1.vol"}
	{Bone "body"}
	{Position -7.48161	0.345669	1.86161}
}
{Volume "body2"
	{Polyhedron "body2.vol"}
	{Bone "body"}
	{Position -7.48161	0.345667	-7.50258}
}
{Volume "engine"
	{Box 37.1171 28.5743 15.3182}
	{Bone "body"}
	{Position -39.6751	0.0168641	3.20026}
}
{Volume "gun"
	{Cylinder 2.02182 60.5348}
	{Bone "gun"}
	{Matrix34
		0	-1	0
		0	0	1
		-1	0	0
		0.0802879	0.0271489	0.0485008
	}
}
{Volume "mantlet"
	{Polyhedron "mantlet.vol"}
	{Bone "gun_rot"}
	{Matrix34
		0	0	1
		0	1	0
		-1	0	0
		4.08713	-1.10357	-0.0075947
	}
}
{Volume "trackleft"
	{Polyhedron "trackleft.vol"}
	{Bone "wheelsl"}
	{Matrix34
		0	-1	0
		0	0	1
		-1	0	0
		44.9394	28.8618	-8.93573
	}
}
{Volume "trackright"
	{Polyhedron "trackright.vol"}
	{Bone "wheelsr"}
	{Matrix34
		0	-1	0
		0	0	1
		-1	0	0
		44.9394	-28.3216	-8.93584
	}
}
{Volume "turret"
	{Polyhedron "turret.vol"}
	{Bone "turret"}
	{Position 1.30779	0.0467085	-0.586113}
}
