;Exported by: pk
;Date:        Sat Mar 23 17:55:03 2019
;File:        E:\Chris models\t55\t-55.max
{Skeleton
	{animation
		{sequence "start" {speed 0.7}}
		{sequence "stop" {speed 0.7}}
		{sequence "fire" {speed 0.6}}
		{sequence "hit" {speed 0.5}}
		{sequence "open" {speed 0.6}{resume} {events {2 "hatch_medium"}}} ;open commander/aamg hatch
	}
	{bone "basis"
		{Orientation
			1	0	0
			0	-1	0
			0	0	1
		}
		{bone "body"
			{parameters "ID=body;"}
			{animation
				{sequence "repair" {file "body_r.anm"} {speed 0.9}}
			}
			{Position -2.99213	0	17.4738}
			{VolumeView "body.ply"}
			{bone revolute "turret"
				{parameters "ID=turret;"}
				{animation
					{sequence "repair" {file "turret_r.anm"}}
				}
				{speed 0.1}
				{Position 8.20495	0.841324	12.1908}
				{VolumeView "turret_t55a.ply"}
				{bone revolute "gun_rot"
					{parameters "ID=gun;"}
					{animation
						{sequence "repair" {file "gun_r.anm"}}
					}
					{limits -7 15}
					{speed 0.01}
					{Matrix34
						1	0	0
						0	0	1
						0	-1	0
						25.5874	-0.726845	5.09047
					}
					{bone "gun"
						{parameters "ID=gun;"}
						{Matrix34
							1	-0.000758779	0
							0	0	-1
							0.000758779	1	0
							40.4719	-0.0283089	0
						}
						{VolumeView "gun.ply"}
						{bone "foresight1"
							{Matrix34
								1	0	0
								0	1	0
								0	0	1
								38.1965	0	0.0289803
							}
						}
					}
				}
				{bone "fxfire3"
					{Matrix34
						0	0	1
						0	1	0
						-1	0	0
						-4.86228	-10.5818	13.7011
					}
				}
				{bone "enumerator2"
					{Position 0 0 0}
					{VolumeView "enumerator2.ply"}
				}
				{bone revolute "turret_mgun"
					{parameters "ID=turret;"}
					{speed 0.03}
					{Position -10.68045	-9.8799	14.9538}
					{VolumeView "turret_mgun.ply"}
					{bone revolute "mgun_rot"
						{parameters "ID=turret;"}
						{limits -10 30}
						{speed 0.03}
						{Matrix34
							0.996195	-0.087156	0
							0	0	1
							-0.087156	-0.996195	0
							4.40453	-0.0512705	6.72936
						}
						{VolumeView "mgun_rot.ply"}
						{bone "mgun_help"
							{Matrix34
								0.996195	0	-0.087156
								0	1	0
								0.087156	0	0.996195
								-6.85412	0.687298	0.721932
							}
						}
					}
					{bone "gunner2"
						{Matrix34
							0.988978	0.00863069	0.147809
							-0.0087267	0.999962	0
							-0.147804	-0.0012899	0.989016
							-2.682512	0.55225	9.5414
						}
					}
					{bone "cover1"
						{parameters "ID=turret;"}
						{Position -7.15104	0.00802326	0.480717}
						{VolumeView "cover1_1971.ply"}
					}
				}
				{bone revolute "commander_rot"
					{parameters "id=turret;"}
					{Position -10.7656	9.81877	15.136}
					{VolumeView "commander_rot.ply"}
					{bone "cover2"
						{parameters "id=turret;"}
						{Position 1.93851	0.0231056	2.24844}
						{VolumeView "cover2_1971.ply"}
					}
					{bone "visor1"
						{Position 5.22759	0.0782299	1.92968}
					}
					{bone revolute "vision_rot"
						{limits -8 8}
						{Matrix34
							1	0	0
							0	0	1
							0	-1	0
							5.2573	0.0437412	1.93008
						}
					}
				}
				{bone "gun2"
					{parameters "ID=gun;"}
					{Position 20.7893	-1.03067	6.26858}
					{VolumeView "gun2.ply"}
				}
				{bone "enumerator1"
					{Position 0 0 0}
					{VolumeView "enumerator1.ply"}
				}
				{bone revolute "mgun_rot"
					{limits -8 8}
					{Matrix34
						1	0	0
						0	-0.0897045	0.995969
						0	-0.995969	-0.0897045
						19.569	-7.6161	6.2112
					}
					{bone "mgun"
						{parameters "ID=mgun;"}
						{Matrix34
							1	0	0
							0	-0.0897046	-0.995968
							0	0.995968	-0.0897046
							0	0	0
						}
						{VolumeView "mgun.ply"}
						{bone "foresight5"
							{Matrix34
								1	0	0
								0	1	0
								0	0	1
								3.32998	0.00455904	-0.0112305
							}
						}
					}
				}
				{bone revolute "at1_a1"
					{parameters "ID=turret;"}
					{animation
						{sequence "repair" {file "turret_r.anm"}}
					}
					{speed 0.1}
					{Position -0.826903	15.6673	10.7035}
					{VolumeView "at1_a1.ply"}
					{bone revolute "at1_a2"
						{parameters "ID=turret;"}
						{animation
							{sequence "repair" {file "turret_r.anm"}}
						}
						{speed 0.1}
						{Matrix34
							0.999728	0.000450166	0.0233291
							0	0.999814	-0.0192921
							-0.0233334	0.0192869	0.999542
							0	0	10.3085
						}
						{VolumeView "at1_a2.ply"}
						{bone revolute "at1_a3"
							{parameters "ID=turret;"}
							{animation
								{sequence "repair" {file "turret_r.anm"}}
							}
							{speed 0.1}
							{Matrix34
								0.996454	-0.00207117	0.0841095
								0.00045017	0.999814	0.0192869
								-0.0841338	-0.0191806	0.99627
								-0.000249386	-0.00189686	12.5706
							}
							{VolumeView "at1_a3.ply"}
						}
					}
				}
				{bone "detail11"
					{Position -28.9443	10.5665	6.25601}
					{VolumeView "detail11.ply"}
				}
				{bone "irlamp_attach"
					{parameters "id=turret;"}
					{Position 0 0 0}
					{VolumeView "irlamp_attach.ply"}
					{bone "irlamp"
						{parameters "id=shield1;"}
						{Position 17.8596	-10.7364	16.8836}
						{VolumeView "irlamp.ply"}
					}
				}
				{bone "cupola_lining"
					{parameters "id=turret;"}
					{VolumeView "cupola_lining_1971.ply"}
				}
			}
			{bone "headlightr"
				{parameters "Voxels=0;"}
				{Matrix34
					1	0	0
					0	1	0
					0	0	1
					48.9741	-11.0467	9.9024
				}
			}
			{bone "fxlight"
				{parameters "Voxels=0;"}
				{Matrix34
					1	0	0
					0	1	0
					0	0	1
					76.3614	0.946254	4.68196
				}
			}
			{bone "visor2"
				{parameters "Voxels=0;"}
				{Matrix34
					1	0	0
					0	1	0
					0	0	1
					44.5664	14.4907	11.5429
				}
			}
			{bone "fxstop2"
				{Matrix34
					-0.999929	0.00373998	0.0112954
					0.00352432	0.999812	-0.019052
					-0.0113646	-0.0190108	-0.999755
					-51.2649	-20.7246	10.285
				}
			}
			{bone "fxstop1"
				{Matrix34
					-0.999929	0.00374021	0.011295
					0.00352457	0.999812	-0.0190522
					-0.0113641	-0.019011	-0.999755
					-51.2649	22.4173	10.285
				}
			}
			{bone "fxsmoke1"
				{Matrix34
					0.000664293	0.987534	0.157408
					1	-0.000741552	0.000432104
					0.000543449	0.157408	-0.987534
					-19.8538	33.0313	8.68788
				}
			}
			{bone "fxshot"
				{parameters "Voxels=0;"}
				{Matrix34
					0	1	0
					-1	0	0
					0	0	1
					7.58577	1.06874	-8.18783
				}
			}
			{bone "seat01"
				{Matrix34
					-0.12187	-0.992546	0
					0.992546	-0.12187	0
					0	0	1
					-15.6119	-29.2118	6.43235
				}
			}
			{bone "seat02"
				{Matrix34
					0.0174518	-0.999848	0
					0.999848	0.0174518	0
					0	0	1
					-34.6012	-27.9873	6.38361
				}
			}
			{bone "seat03"
				{Matrix34
					0.0523361	0.99863	0
					-0.99863	0.0523361	0
					0	0	1
					-35.3651	30.5061	6.56244
				}
			}
			{bone "seat04"
				{Matrix34
					0.0523361	0.99863	0
					-0.99863	0.0523361	0
					0	0	1
					-15.3651	30.5061	6.56244
				}
			}
			{bone "fxfire1"
				{Matrix34
					0	0	1
					0	1	0
					-1	0	0
					-40.6415	-9.59363	12.481
				}
			}
			{bone revolute "wheelr1"
				{parameters "ID=trackright;Radius=0.25;"}
				{Matrix34
					-0.999998	-0.0017972	0
					0	0.00127109	0.999999
					-0.0017972	0.999998	-0.00127108
					56.9687	-24.8819	-2.36797
				}
				{VolumeView "wheelr1.ply"}
			}
			{bone revolute "wheelr7"
				{parameters "ID=trackright;Radius=0.28;"}
				{Matrix34
					-0.999998	-0.0017972	0
					0	0.00127109	0.999999
					-0.0017972	0.999998	-0.00127108
					-45.2976	-24.8819	-3.22836
				}
				{VolumeView "wheelr7.ply"}
			}
			{bone revolute "wheell1"
				{parameters "ID=trackleft;Radius=0.25;"}
				{Matrix34
					-1	0	0
					0	-0.000646547	1
					0	1	0.000646547
					56.9687	26.5645	-2.36797
				}
				{VolumeView "wheell1.ply"}
			}
			{bone revolute "wheell7"
				{parameters "ID=trackleft;Radius=0.28;"}
				{Matrix34
					-1	0	0
					0	-0.000646547	1
					0	1	0.000646547
					-45.2976	26.5645	-3.22836
				}
				{VolumeView "wheell7.ply"}
			}
			{bone "detail1"
				{parameters "id=body;"}
				{Matrix34
					0	-1	0
					0.999967	0	0.00811681
					-0.00811681	0	0.999967
					48.4716	26.4127	9.49112
				}
				{VolumeView "detail1.ply"}
			}
			{bone "detail2"
				{parameters "id=body;"}
				{Matrix34
					0	-1	0
					0.999967	0	0.00811681
					-0.00811681	0	0.999967
					46.0166	26.4127	9.47119
				}
				{VolumeView "detail2.ply"}
			}
			{bone "detail3"
				{parameters "id=body;"}
				{Matrix34
					0	1	0
					-0.882897	0	-0.469567
					-0.469567	0	0.882897
					-46.8361	-24.7309	7.30566
				}
				{VolumeView "detail3.ply"}
			}
			{bone "detail4"
				{parameters "id=body;"}
				{Matrix34
					0	1	0
					-0.882897	0	-0.469567
					-0.469567	0	0.882897
					-48.9909	-24.7309	6.15961
				}
				{VolumeView "detail4.ply"}
			}
			{bone "detail5"
				{parameters "id=body;"}
				{Matrix34
					0	-1	0
					-0.321519	0	0.946903
					-0.946903	0	-0.321519
					-49.6355	0.841328	0.33852
				}
				{VolumeView "detail5.ply"}
			}
			{bone "detail6"
				{parameters "id=body;"}
				{Matrix34
					0	-1	0
					-0.321519	0	0.946903
					-0.946903	0	-0.321519
					-48.8612	0.841328	-1.94173
				}
				{VolumeView "detail6.ply"}
			}
			{bone "engine"
				{parameters "ID=engine;"}
				{animation
					{sequence "repair" {file "engine_r.anm"}}
				}
				{Position -39.5278	0.841305	11.9011}
				{VolumeView "engine.ply"}
			}
			{bone "internals"
				{Position     0   0   0}
			}
			{bone "fxfire4"
				{Position 8.20495	0.841324	6.1908}
			}
			{bone "detail10"
				{Matrix34
					1	0	0
					0	0	1
					0	-1	0
					-54.5909	0.951779	4.84215
				}
				{VolumeView "detail10.ply"}
			}
			{bone "detail8"
				{Matrix34
					1	0	0
					0	0	1
					0	-1	0
					-57.8637	12.0905	14.6143
				}
				{VolumeView "detail8.ply"}
				{bone "detail9"
					{Position 0	0	0}
					{VolumeView "detail9.ply"}
				}
			}
		}
		{bone "wheelsr"
			{parameters "wheelsR;"}
			{Position -2.98966	0	17.4738}
			{VolumeView "wheelsr.ply"}
			{bone "fxtracer1"
				{Matrix34
					-1	0	0
					0	-1	0
					0	0	1
					25.5115	-25.3261	-16.3455
				}
			}
			{bone "fxtracer2"
				{Matrix34
					-1	0	0
					0	-1	0
					0	0	1
					-23.6585	-25.3261	-16.3455
				}
			}
			{bone "fxtracer3"
				{Matrix34
					-0.904814	-0.168851	0.390897
					0.171185	-0.984808	-0.0291532
					0.38988	0.0405372	0.919973
					-38.749	-25.3261	-13.3625
				}
			}
			{bone prizmatic "suspension_r4"
				{limits -0.1 0.1}
				{Position -10.2864	-21.4524	-8.06214}
				{bone revolute "wheelr5"
					{parameters "ID=trackright;Radius=0.39;"}
					{Matrix34
						-1	0	0
						0	0	1
						0	1	0
						0	-3.42948	0
					}
					{VolumeView "wheelr5.ply"}
				}
			}
			{bone prizmatic "suspension_r5"
				{limits -0.1 0.1}
				{Position -27.7245	-21.4524	-8.06214}
				{bone revolute "wheelr6"
					{parameters "ID=trackright;Radius=0.39;"}
					{Matrix34
						-1	0	0
						0	0	1
						0	1	0
						0	-3.42948	0
					}
					{VolumeView "wheelr6.ply"}
				}
			}
			{bone prizmatic "suspension_r3"
				{limits -0.1 0.1}
				{Position 6.1863	-21.4524	-8.06214}
				{bone revolute "wheelr4"
					{parameters "ID=trackright;Radius=0.39;"}
					{Matrix34
						-1	0	0
						0	0	1
						0	1	0
						0	-3.4295	0
					}
					{VolumeView "wheelr4.ply"}
				}
			}
			{bone prizmatic "suspension_r2"
				{limits -0.1 0.1}
				{Position 22.1662	-21.4524	-8.06214}
				{bone revolute "wheelr3"
					{parameters "ID=trackright;Radius=0.39;"}
					{Matrix34
						-1	0	0
						0	0	1
						0	1	0
						0	-3.42948	0
					}
					{VolumeView "wheelr3.ply"}
				}
			}
			{bone prizmatic "suspension_r1"
				{limits -0.1 0.1}
				{Matrix34
					-1	0	0
					0	-1	0
					0	0	1
					44.2014	-21.4524	-8.06214
				}
				{bone revolute "wheelr2"
					{parameters "ID=trackright;Radius=0.39;"}
					{Matrix34
						1	0	0
						0	0	1
						0	-1	0
						0	3.42949	0
					}
					{VolumeView "wheelr2.ply"}
				}
			}
			{bone "trackr"
				{parameters "ID=trackRight;"}
				{Matrix34
					0	-1	0
					1	0	0
					0	0	1
					5.78633	-25.3261	-6.58107
				}
				{VolumeView "trackr.ply"}
			}
		}
		{bone "wheelsl"
			{parameters "wheelsL;"}
			{Position -2.98966	0	17.4738}
			{VolumeView "wheelsl.ply"}
			{bone "fxtracel1"
				{Matrix34
					-1	0	0
					0	-1	0
					0	0	1
					25.5115	27.0087	-16.3455
				}
			}
			{bone "fxtracel2"
				{Matrix34
					-1	0	0
					0	-1	0
					0	0	1
					-23.6585	27.0087	-16.3455
				}
			}
			{bone "fxtracel3"
				{Matrix34
					-0.914126	0.101641	0.392482
					-0.103045	-0.994522	0.0175497
					0.392116	-0.0244007	0.919592
					-38.749	27.0087	-13.3625
				}
			}
			{bone prizmatic "suspension_l1"
				{limits -0.1 0.1}
				{Matrix34
					-1	0	0
					0	-1	0
					0	0	1
					44.2014	23.7632	-8.06214
				}
				{bone revolute "wheell2"
					{parameters "ID=trackleft;Radius=0.39;"}
					{Matrix34
						1	0	0
						0	0	1
						0	-1	0
						0	-2.80136	0
					}
					{VolumeView "wheell2.ply"}
				}
			}
			{bone prizmatic "suspension_l2"
				{limits -0.1 0.1}
				{Position 22.1662	23.7632	-8.06214}
				{bone revolute "wheell3"
					{parameters "ID=trackleft;Radius=0.39;"}
					{Matrix34
						-1	0	0
						0	0	1
						0	1	0
						0	3.20666	0
					}
					{VolumeView "wheell3.ply"}
				}
			}
			{bone prizmatic "suspension_l3"
				{limits -0.1 0.1}
				{Position 6.18631	23.7632	-8.06214}
				{bone revolute "wheell4"
					{parameters "ID=trackleft;Radius=0.39;"}
					{Matrix34
						-1	0	0
						0	0	1
						0	1	0
						0	2.80136	0
					}
					{VolumeView "wheell4.ply"}
				}
			}
			{bone prizmatic "suspension_l4"
				{limits -0.1 0.1}
				{Position -10.2864	23.7632	-8.06214}
				{bone revolute "wheell5"
					{parameters "ID=trackleft;Radius=0.39;"}
					{Matrix34
						-1	0	0
						0	0	1
						0	1	0
						0	2.80136	0
					}
					{VolumeView "wheell5.ply"}
				}
			}
			{bone prizmatic "suspension_l5"
				{limits -0.1 0.1}
				{Position -27.7245	23.7632	-8.06214}
				{bone revolute "wheell6"
					{parameters "ID=trackleft;Radius=0.39;"}
					{Matrix34
						-1	0	0
						0	0	1
						0	1	0
						0	2.80136	0
					}
					{VolumeView "wheell6.ply"}
				}
			}
			{bone "trackl"
				{parameters "ID=trackLeft;"}
				{Matrix34
					0	-1	0
					1	0	0
					0	0	1
					5.78634	27.0087	-6.58107
				}
				{VolumeView "trackl.ply"}
			}
		}
		{bone "emit4"
			{parameters "Voxels=0;"}
			{Matrix34
				0	1	0
				-1	0	0
				0	0	1
				-52.8085	-51.8706	2.94077e-005
			}
		}
		{bone "emit3"
			{parameters "Voxels=0;"}
			{Matrix34
				0	1	0
				-1	0	0
				0	0	1
				-38.3124	-51.8706	2.94077e-005
			}
		}
		{bone "emit2"
			{parameters "Voxels=0;"}
			{Matrix34
				0	1	0
				-1	0	0
				0	0	1
				3.42238	-52.9244	2.94077e-005
			}
		}
		{bone "emit6"
			{parameters "Voxels=0;"}
			{Matrix34
				0	-1	0
				1	0	0
				0	0	1
				-52.806	53.9726	2.97608e-005
			}
		}
		{bone "emit5"
			{parameters "Voxels=0;"}
			{Matrix34
				0	-1	0
				1	0	0
				0	0	1
				-38.2731	53.9726	2.97608e-005
			}
		}
		{bone "emit1"
			{parameters "Voxels=0;"}
			{Matrix34
				0	-1	0
				1	0	0
				0	0	1
				3.42238	53.7758	2.97608e-005
			}
		}
	}
}
{Volume "body1"
	{Polyhedron "body1.vol"}
	{Bone "body"}
	{Matrix34
		-1	0	0
		0	0	1
		0	1	0
		1.41157	0.838236	-1.16312
	}
}
{Volume "body2"
	{Polyhedron "body2.vol"}
	{Bone "body"}
	{Matrix34
		-1	0	0
		0	0	1
		0	1	0
		1.56533	0.838381	-1.08007
	}
}
{Volume "body3"
	{Polyhedron "body3.vol"}
	{Bone "body"}
	{Matrix34
		-1	0	0
		0	0	1
		0	1	0
		-42.5	0.211357	1.25
	}
}
{Volume "gun"
	{Cylinder 2.17039 98.6273}
	{Bone "gun_rot"}
	{Matrix34
		0	0	-1
		0	1	0
		1	0	0
		28.7834	-0.0356674	-0.00363278
	}
}
{Volume "ammo1"
	{Box 16 13 14} ;front-back/left-right/up-down
	{Bone "body"}
	{Matrix34
		1	0	0
		0	1	0
		0	0	1
		34	-8	2
	}
}
{Volume "ammo2"
	{Box 7 16 11} ;front-back/left-right/up-down
	{Bone "turret"}
	{Matrix34
		1	0	0
		0	1	0
		0	0	1
		-20	0	5
	}
}
{Volume "fuel1"
	{Polyhedron "fuel1.vol"}
	;{Box 11 21 11} ;front-back/left-right/up-down
	{Bone "body"}
	{Matrix34
		1	0	0
		0	1	0
		0	0	1
		51	-8	2
	}
}
{Volume "fuel2"
	{Box 6 31.2801 12.9492}
	{Bone "body"}
	{Matrix34
		1	0	0
		0	1	0
		0	0	1
		-12.6087	0.333058	1.96114
	}
}
{Volume "engine"
	{Box 17 28 16}
	{Bone "body"}
	{Matrix34
		1	0	0
		0	1	0
		0	0	1
		-25.6087	0.333058	1.96114
	}
}
{Volume "transmission"
	{cylinder 5.59661 33.1079}
	{Bone "body"}
	{Matrix34
		-1 	 0 	 0
		0 	 0 	 1
		0 	 1 	 0
		-39.6087	-0.333058	-2.0
	}
}
{Volume "mantlet"
	{Polyhedron "mantlet.vol"}
	{Bone "turret"}
	{Matrix34
		0.999997	0	0.00229978
		0	1	0
		-0.00229978	0	0.999997
		22.176	-0.863144	2.46531
	}
}
{Volume "ram"
	{Polyhedron "ram.vol"}
	{Bone "body"}
	{Position 7.80116	0.841323	-9.60768}
}
{Volume "trackleft"
	{Polyhedron "trackleft.vol"}
	{Bone "wheelsl"}
	{Matrix34
		-1	0	0
		0	0	1
		0	1	0
		5.78635	27.0087	-6.58108
	}
}
{Volume "trackright"
	{Polyhedron "trackright.vol"}
	{Bone "wheelsr"}
	{Matrix34
		-1	0	0
		0	0	1
		0	1	0
		5.78633	-25.3261	-6.58108
	}
}
{Volume "turret"
	{Polyhedron "turret.vol"}
	{Bone "turret"}
	{Matrix34
		1	0	0.000858784
		0	1	0
		-0.000858784	0	1
		-0.793921	0.00737405	-3.0267
	}
}

{Volume "shield1"
	{Cylinder 3.38662 5.45624}
	{Bone "irlamp"}
	{Matrix34
		0	-1	0
		0	0	1
		-1	0	0
		0.0283847	0.00942786	0.145271
	}
}
