;Exported by: vlss
;Date:        Sat Apr 01 00:46:36 2017
;File:        it_1.obj
{Skeleton
	{bone "basis"
		{Orientation
			1	0	0
			0	-1	0
			0	0	1
		}
		{bone "body"
			{parameters "ID=body;"}
			{animation
				{sequence "break" {file "body_r.anm"}}
			}
			{Matrix34
				0.999175	0	-0.0406078
				-0.00186501	0.998945	-0.0458894
				0.040565	0.0459272	0.998121
				1.18288	-0.130568	6.52654
			}
			{VolumeView "body.ply"}
			{bone revolute "turret"
				{parameters "ID=turret;"}
				{animation
					{sequence "break" {file "turret_r.anm"}}
				}
				{speed 0.01}
				{Matrix34
					0.980239	-0.197517	0.0108617
					0.196808	0.97931	0.0470923
					-0.0199385	-0.0440241	0.998832
					3.25036	0.53232	19.7904
				}
				{VolumeView "turret.ply"}
				{bone "open01"
					{Matrix34
						-0.343077	0	-0.939307
						0	1	0
						0.939307	0	-0.343077
						-0.732197	12.2477	11.0698
					}
					{VolumeView "open01.ply"}
					{bone "glass03"
						{Position -2.87716	-12.7236	-40.4226}
						{VolumeView "glass03.ply"}
					}
				}
				{bone "open02"
					{Matrix34
						0.0180703	-0.994733	-0.100893
						0.0853182	0.102076	-0.991111
						0.99619	0.00930165	0.0867134
						2.06897	-11.5159	10.1343
					}
					{VolumeView "open02.ply"}
					{bone "glass02"
						{Matrix34
							0.0180701	0.999835	0.00183248
							-0.994844	0.0181628	-0.0997781
							-0.099795	-2.00346e-005	0.995008
							-7.14475	-5.56537	-40.3927
						}
						{VolumeView "glass02.ply"}
					}
				}
				{bone "open04"
					{Matrix34
						0.994801	0	0.101841
						0.0922992	0.42262	-0.901595
						-0.0430405	0.906307	0.420423
						-15.4153	0.674783	7.38661
					}
					{VolumeView "open04.ply"}
					{bone "open03"
						{Matrix34
							0.994686	0	-0.10296
							0	1	0
							0.10296	0	0.994686
							13.592	-4.43226	0.10195
						}
						{VolumeView "open03.ply"}
					}
					{bone "open05"
						{Matrix34
							0.994686	0.0992158	0.0275138
							0	-0.26723	0.963633
							0.10296	-0.958512	-0.26581
							4.95984	-1.0977	-1.77403
						}
						{VolumeView "open05.ply"}
					}
				}
				{bone "glass01"
					{Matrix34
						0.999999	0	-0.00112487
						0	1	0
						0.00112487	0	0.999999
						-3.65483	-0.47578	-29.3496
					}
					{VolumeView "glass01.ply"}
				}
				{bone "open07"
					{Matrix34
						0.999999	0	-0.00112487
						0	1	0
						0.00112487	0	0.999999
						-10.6837	1.54133	8.06881
					}
					{VolumeView "open07.ply"}
				}
				{bone revolute "gun_rot"
					{parameters "ID=mantlet;"}
					{animation
						{sequence "break" {file "Gun_rot_r.anm"}}
					}
					{limits -15 15}
					{speed 0.01}
					{Matrix34
						0.239251	0	0.970958
						0.970958	0	-0.239251
						0	1	0
						3.11586	-4.5925	11.4035
					}
					{VolumeView "gun_rot.ply"}
					{bone "open06"
						{Matrix34
							0.999999	0.0011248	0
							0	0	1
							0.00112484	-0.999999	0
							25.0265	40.6915	6.45687
						}
						{VolumeView "open06.ply"}
					}
					{bone "gun"
						{parameters "ID=gun;"}
						{animation
							{sequence "break" {file "gun_r.anm"} {speed 0.9}}
						}
						{Matrix34
							0.965926	0.258819	0
							-0.258819	0.965926	0
							0	0	1
							3.26558	-9.59124	3.06262
						}
						{VolumeView "gun.ply"}
					}
				}
				{bone revolute "turret01"
					{parameters "ID=turret;"}
					{animation
						{sequence "repair" {file "turret_r.anm"}}
					}
					{speed 0.01}
					{Position -5.11108	-1.14441e-005	3.84159}
					{VolumeView "turret01.ply"}
				}
			}
			{bone "engine"
				{parameters "ID=engine;"}
				{animation
					{sequence "break" {file "engine_r.anm"}}
				}
				{Matrix34
					0.970135	0.000794479	-0.242566
					-0.0200907	0.996822	-0.0770871
					0.241734	0.0796582	0.967067
					-50.7344	0.502311	19.4939
				}
				{VolumeView "engine.ply"}
				{bone "tx"
					{Position 48.4178	-1.08262	-29.0573}
					{VolumeView "tx.ply"}
				}
			}
			{bone "body01"
				{parameters "ID=body;"}
				{VolumeView "body01.ply"}
			}
			{bone revolute "wheell00"
				{parameters "ID=trackleft;"}
				{Matrix34
					-1	0	0
					0	0	1
					0	1	0
					54.9641	26.3967	7.45482
				}
				{VolumeView "wheell00.ply"}
			}
			{bone revolute "wheell06"
				{parameters "ID=trackleft;"}
				{Matrix34
					-1	0	0
					0	0	1
					0	1	0
					-55.9624	26.5653	4.3365
				}
				{VolumeView "wheell06.ply"}
			}
			{bone revolute "wheelr00"
				{parameters "ID=trackright;"}
				{Matrix34
					-1	0	0
					0	0	1
					0	1	0
					54.9641	-25.635	7.4547
				}
				{VolumeView "wheelr00.ply"}
			}
			{bone revolute "wheelr06"
				{parameters "ID=trackright;"}
				{Matrix34
					-1	0	0
					0	0	1
					0	1	0
					-55.9624	-25.8034	4.33637
				}
				{VolumeView "wheelr06.ply"}
			}
		}
		{bone "wheelsr"
			{parameters "ID=trackright;"}
			{animation
				{sequence "repair" {file "trackR_r.anm"} {speed 0.8}}
			}
			{Matrix34
				1	0	0
				0	1	0
				0	0	1
				-0.623787	-25.4821	10.4033
			}
			{VolumeView "wheelsr.ply"}
			{bone "trackr"
				{parameters "ID=trackright;"}
				{Position 0.387773	-0.420933	0.31616}
				{VolumeView "trackr.ply"}
			}
			{bone prizmatic "suspension_r1"
				{limits -0.25 0.25}
				{speed 2}
				{Matrix34
					1	0	0
					0	1	0
					0	0	1
					41.9102	-0.256554	-1.97387
				}
				{bone revolute "wheelr01"
					{parameters "ID=trackright;"}
					{Matrix34
						-1	0	0
						0	0	1
						0	1	0
						-0.0219727	0.181143	0.932212
					}
					{VolumeView "wheelr01.ply"}
				}
			}
			{bone prizmatic "suspension_r2"
				{limits -0.25 0.25}
				{speed 2}
				{Matrix34
					1	0	0
					0	1	0
					0	0	1
					23.3086	-0.256632	-1.97387
				}
				{bone revolute "wheelr02"
					{parameters "ID=trackright;"}
					{Matrix34
						-1	0	0
						0	0	1
						0	1	0
						0.260649	0.181231	0.932212
					}
					{VolumeView "wheelr02.ply"}
				}
			}
			{bone prizmatic "suspension_r3"
				{limits -0.25 0.25}
				{speed 2}
				{Matrix34
					1	0	0
					0	1	0
					0	0	1
					4.63627	-0.256626	-1.97387
				}
				{bone revolute "wheelr03"
					{parameters "ID=trackright;"}
					{Matrix34
						-1	0	0
						0	0	1
						0	1	0
						0.0476503	0.181215	0.932212
					}
					{VolumeView "wheelr03.ply"}
				}
			}
			{bone prizmatic "suspension_r4"
				{limits -0.25 0.25}
				{speed 2}
				{Matrix34
					1	0	0
					0	1	0
					0	0	1
					-16.4695	-0.256697	-1.97387
				}
				{bone revolute "wheelr04"
					{parameters "ID=trackright;"}
					{Matrix34
						-1	0	0
						0	0	1
						0	1	0
						-0.0611668	0.181295	0.932212
					}
					{VolumeView "wheelr04.ply"}
				}
			}
			{bone prizmatic "suspension_r5"
				{limits -0.25 0.25}
				{speed 2}
				{Matrix34
					1	0	0
					0	1	0
					0	0	1
					-38.4342	-0.256626	-1.97387
				}
				{bone revolute "wheelr05"
					{parameters "ID=trackright;"}
					{Matrix34
						-1	0	0
						0	0	1
						0	1	0
						-0.186569	0.181234	0.932212
					}
					{VolumeView "wheelr05.ply"}
				}
			}
		}
		{bone "wheelsl"
			{parameters "ID=trackleft;"}
			{animation
				{sequence "repair" {file "trackL_r.anm"} {speed 0.8}}
			}
			{Matrix34
				1	0	0
				0	1	0
				0	0	1
				-0.623788	25.6218	10.4033
			}
			{VolumeView "wheelsl.ply"}
			{bone "trackl"
				{parameters "ID=trackleft;"}
				{Position 0.403956	0.420931	0.316161}
				{VolumeView "trackl.ply"}
			}
			{bone prizmatic "suspension_l1"
				{limits -0.25 0.25}
				{speed 2}
				{Matrix34
					1	0	0
					0	1	0
					0	0	1
					40.041	0.950428	-1.97382
				}
				{bone revolute "wheell01"
					{parameters "ID=trackleft;"}
					{Matrix34
						-1	0	0
						0	0	1
						0	1	0
						0.0828171	-0.0980339	0.93216
					}
					{VolumeView "wheell01.ply"}
				}
			}
			{bone prizmatic "suspension_l2"
				{limits -0.25 0.25}
				{speed 2}
				{Matrix34
					1	0	0
					0	1	0
					0	0	1
					21.7512	0.950354	-1.97382
				}
				{bone revolute "wheell02"
					{parameters "ID=trackleft;"}
					{Matrix34
						-1	0	0
						0	0	1
						0	1	0
						-0.286821	-0.0979557	0.93216
					}
					{VolumeView "wheell02.ply"}
				}
			}
			{bone prizmatic "suspension_l3"
				{limits -0.25 0.25}
				{speed 2}
				{Matrix34
					1	0	0
					0	1	0
					0	0	1
					2.61149	0.950357	-1.97382
				}
				{bone revolute "wheell03"
					{parameters "ID=trackleft;"}
					{Matrix34
						-1	0	0
						0	0	1
						0	1	0
						-0.0601556	-0.0979481	0.93216
					}
					{VolumeView "wheell03.ply"}
				}
			}
			{bone prizmatic "suspension_l4"
				{limits -0.25 0.25}
				{speed 2}
				{Matrix34
					1	0	0
					0	1	0
					0	0	1
					-18.8055	0.950285	-1.97382
				}
				{bone revolute "wheell04"
					{parameters "ID=trackleft;"}
					{Matrix34
						-1	0	0
						0	0	1
						0	1	0
						0.189749	-0.0978775	0.93216
					}
					{VolumeView "wheell04.ply"}
				}
			}
			{bone prizmatic "suspension_l5"
				{limits -0.25 0.25}
				{speed 2}
				{Matrix34
					1	0	0
					0	1	0
					0	0	1
					-40.7706	0.950365	-1.97382
				}
				{bone revolute "wheell05"
					{parameters "ID=trackleft;"}
					{Matrix34
						-1	0	0
						0	0	1
						0	1	0
						0.0647812	-0.0979481	0.93216
					}
					{VolumeView "wheell05.ply"}
				}
			}
		}
	}
}
{Volume "body"
	{Polyhedron "body.vol"}
	{Bone "body"}
}
{Volume "crew"
	{Box 11.6162 21.6746 20.9109}
	{Bone "body"}
	{Matrix34
		0.999999	0	0.00112487
		0	1	0
		-0.00112486	0	0.999999
		-2.61949	-0.237064	13.0579
	}
}
{Volume "engine"
	{Polyhedron "engine.vol"}
	{Bone "engine"}
	{Position 0.597279	-0.932368	-4.20168}
}
{Volume "inventory"
	{Polyhedron "inventory.vol"}
	{Bone "body"}
	{Matrix34
		0.999999	0	0.00112486
		0	1	0
		-0.00112486	0	0.999999
		-16.2153	-0.237067	2.58717
	}
}
{Volume "mantlet"
	{Polyhedron "mantlet.vol"}
	{Bone "gun_rot"}
	{Matrix34
		1	0	0
		0	0	1
		0	-1	0
		4.79954	-1.61536	0.499222
	}
}
{Volume "trackleft"
	{Polyhedron "trackleft.vol"}
	{Bone "wheelsl"}
	{Position 0.403956	0.420929	0.31616}
}
{Volume "trackright"
	{Polyhedron "trackright.vol"}
	{Bone "wheelsr"}
	{Matrix34
		1	0	0
		0	1	0
		0	0	1
		1.07783	-1.00871	0.316155
	}
}
{Volume "turret"
	{Polyhedron "turret.vol"}
	{Bone "turret"}
	{Matrix34
		0.999999	0	-0.00112487
		0	1	0
		0.00112486	0	0.999999
		0.331238	-0.219324	-16.3398
	}
}
