;Exported by: misan
;Date:        Mon Aug  1 10:10:15 2022
;File:        D:\Cold War\ModelWIP\USSR\IT-1\IT-1_XX.max
{Skeleton
	{bone "basis"
		{Orientation
			1	0	0
			0	-1	0
			0	0	1
		}
		{bone "wheelsr"
			{parameters "id=trackright;"}
			{Position 4.02756	-16.5608	8.67177}
			{VolumeView "wheelsr.ply"}
			{bone "fxtracer2"
				{Position -0.108049	-9.5118	-8.67177}
			}
			{bone "fxtracer1"
				{Position 39.3681	-9.5118	-8.67177}
			}
			{bone "fxtracer3"
				{Position -38.976	-9.5118	-8.67177}
			}
			{bone prizmatic "suspension_r1"
				{limits -0.1 0.1}
				{Position 39.088	-5.02832	0.151297}
				{bone revolute "wheelr2"
					{parameters "id=trackright;Radius=0.41;"}
					{Matrix34
						-0.978586	0.0322051	-0.203305
						-0.184833	0.297212	0.936751
						0.0905929	0.954268	-0.284895
						0.00125122	-4.47638	0.00711441
					}
					{VolumeView "wheelr2.ply"}
				}
			}
			{bone prizmatic "suspension_r2"
				{limits -0.1 0.1}
				{Position 21.2204	-5.02832	0.151297}
				{bone revolute "wheelr3"
					{parameters "id=trackright;Radius=0.41;"}
					{Matrix34
						-0.986339	-0.102618	0.128864
						0.145444	-0.175194	0.973732
						-0.0773464	0.979172	0.187726
						0.0148697	-4.47638	0.00711441
					}
					{VolumeView "wheelr3.ply"}
				}
			}
			{bone prizmatic "suspension_r3"
				{limits -0.1 0.1}
				{Position 2.65144	-5.02832	0.151297}
				{bone revolute "wheelr4"
					{parameters "id=trackright;Radius=0.41;"}
					{Matrix34
						-0.989659	0.127208	-0.0662814
						-0.0612094	0.0433792	0.997182
						0.129725	0.990927	-0.0351443
						0.120541	-4.47638	0.00711441
					}
					{VolumeView "wheelr4.ply"}
				}
			}
			{bone prizmatic "suspension_r4"
				{limits -0.1 0.1}
				{Position -18.0944	-5.02832	0.151297}
				{bone revolute "wheelr5"
					{parameters "id=trackright;Radius=0.41;"}
					{Matrix34
						-0.923574	-0.382412	0.0277967
						-0.0634423	0.223913	0.972542
						-0.378135	0.896451	-0.231062
						-0.0343876	-4.47638	0.00711441
					}
					{VolumeView "wheelr5.ply"}
				}
			}
			{bone prizmatic "suspension_r5"
				{limits -0.1 0.1}
				{Position -39.0735	-5.02832	0.151297}
				{bone revolute "wheelr6"
					{parameters "id=trackright;Radius=0.41;"}
					{Matrix34
						-0.991051	0.13336	-0.00567132
						-0.0128721	-0.0531952	0.998501
						0.132859	0.989639	0.0544358
						-0.0275192	-4.47638	0.00711441
					}
					{VolumeView "wheelr6.ply"}
				}
			}
			{bone "trackr"
				{parameters "id=trackright;"}
				{Matrix34
					-1	0	0
					0	0	1
					0	1	0
					-2.24975	-9.7571	2.30541
				}
				{VolumeView "trackr.ply"}
			}
		}
		{bone "emit1"
			{Matrix34
				0	-1	0
				1	0	0
				0	0	1
				8.13151	52.581	0
			}
		}
		{bone "emit2"
			{Matrix34
				0	1	0
				-1	0	0
				0	0	1
				8.13151	-54.7725	0
			}
		}
		{bone "wheelsl"
			{parameters "id=trackleft;"}
			{Position 4.03249	17.5466	8.67176}
			{VolumeView "wheelsl.ply"}
			{bone "trackl"
				{Position -2.25161	9.17698	2.28838}
				{VolumeView "trackl.ply"}
			}
			{bone prizmatic "suspension_l5"
				{limits -0.1 0.1}
				{Position -39.0784	5.01585	0.151304}
				{bone revolute "wheell6"
					{parameters "id=trackleft;Radius=0.41;"}
					{Matrix34
						-0.99512	0.0156596	0.0974253
						0.0982905	0.0701416	0.992683
						0.0087115	0.997414	-0.0713384
						-0.0275192	3.88699	0.00711632
					}
					{VolumeView "wheell6.ply"}
				}
			}
			{bone prizmatic "suspension_l4"
				{limits -0.1 0.1}
				{Position -18.0993	5.01585	0.151304}
				{bone revolute "wheell5"
					{parameters "id=trackleft;Radius=0.41;"}
					{Matrix34
						-0.977944	0.0175668	-0.208129
						-0.208132	-0.165556	0.963988
						-0.0175228	0.986044	0.16556
						-0.0343876	3.88699	0.00711632
					}
					{VolumeView "wheell5.ply"}
				}
			}
			{bone prizmatic "suspension_l3"
				{limits -0.1 0.1}
				{Position 2.64651	5.01585	0.151304}
				{bone revolute "wheell4"
					{parameters "id=trackleft;Radius=0.41;"}
					{Matrix34
						-0.985007	0.16244	-0.0580888
						-0.0815191	-0.141517	0.986574
						0.152038	0.976517	0.152638
						0.120541	3.88699	0.00711632
					}
					{VolumeView "wheell4.ply"}
				}
			}
			{bone prizmatic "suspension_l2"
				{limits -0.1 0.1}
				{Position 21.2155	5.01585	0.151304}
				{bone revolute "wheell3"
					{parameters "id=trackleft;Radius=0.41;"}
					{Matrix34
						-0.973505	-0.228535	-0.00769426
						-0.0344152	0.113169	0.99298
						-0.22606	0.966936	-0.118036
						0.0148697	3.88699	0.00711632
					}
					{VolumeView "wheell3.ply"}
				}
			}
			{bone prizmatic "suspension_l1"
				{limits -0.1 0.1}
				{Position 39.083	5.01585	0.151304}
				{bone revolute "wheell2"
					{parameters "id=trackleft;Radius=0.41;"}
					{Matrix34
						-0.974725	0.223366	0.0044104
						-0.0269819	-0.137295	0.990163
						0.221774	0.965017	0.139852
						0.00125885	3.88699	0.00711632
					}
					{VolumeView "wheell2.ply"}
				}
			}
			{bone "fxtracel3"
				{Position -38.9809	9.56635	-8.67176}
			}
			{bone "fxtracel2"
				{Position -0.112979	9.56635	-8.67176}
			}
			{bone "fxtracel1"
				{Position 39.3632	9.56635	-8.67176}
			}
		}
		{bone "body"
			{parameters "id=body;"}
			{Matrix34
				0.999554	-0.00112912	-0.0298483
				0	0.999285	-0.0378092
				0.0298697	0.0377924	0.998839
				0	-0.662462	15.8792
			}
			{VolumeView "body.ply"}
			{bone revolute "wheelr1"
				{parameters "id=trackright;Radius=0.35;"}
				{Matrix34
					-1	0	0
					0	0	1
					0	1	0
					59.474	-25.6737	0.513737
				}
				{VolumeView "wheelr1.ply"}
			}
			{bone revolute "wheelr7"
				{parameters "id=trackright;Radius=0.35;"}
				{Matrix34
					-1	0	0
					0	0	1
					0	1	0
					-49.18	-25.2642	-1.86561
				}
				{VolumeView "wheelr7.ply"}
			}
			{bone revolute "wheell7"
				{parameters "id=trackleft;Radius=0.35;"}
				{Matrix34
					-1	0	0
					0	0	1
					0	1	0
					-49.18	26.5031	-1.86561
				}
				{VolumeView "wheell7.ply"}
			}
			{bone revolute "wheell1"
				{parameters "id=trackleft;Radius=0.35;"}
				{Matrix34
					-1	0	0
					0	0	1
					0	1	0
					59.474	27.4364	0.513737
				}
				{VolumeView "wheell1.ply"}
			}
			{bone "fxsmoke1"
				{Matrix34
					0	1	0
					-1	0	0
					0	0	1
					-26.9759	32.5359	8.03332
				}
			}
			{bone "fxfire4"
				{Position 8.16184	2.0334	12.8757}
			}
			{bone "fxfire1"
				{Position -35.3299	0.258231	9.63738}
			}
			{bone "engine"
				{parameters "id=engine;"}
				{Position -39.6076	0	12.6819}
				{VolumeView "engine.ply"}
			}
			{bone revolute "turret"
				{parameters "id=turret;"}
				{Matrix34
					0.994488	0.104851	0
					-0.104851	0.994488	0
					0	0	1
					8.6835	0.662462	14.9348
				}
				{VolumeView "turret.ply"}
				{bone "cover2"
					{parameters "id=turret;"}
					{Matrix34
						-0.651904	0.0032531	-0.758295
						0.758259	0.0133589	-0.651816
						0.00800955	-0.999906	-0.0111754
						1.29904	-18.3207	7.35154
					}
					{VolumeView "cover2.ply"}
				}
				{bone "sight_cover"
					{parameters "id=turret;"}
					{Position 17.3432	-9.22912	7.23442}
					{VolumeView "sight_cover.ply"}
				}
				{bone "rocket_arm"
					{parameters "id=gun;"}
					{Matrix34
						0.962223	0.0142783	-0.27189
						-0.00641007	0.999535	0.0298052
						0.272189	-0.0269364	0.961867
						3.18395	-4.46167	10.0464
					}
					{VolumeView "rocket_arm.ply"}
					{bone revolute "rocket_rot"
						{parameters "id=gun;"}
						{Matrix34
							0.949629	0.144553	-0.278044
							0.255341	0.157447	0.953945
							0.181673	-0.976891	0.112606
							4.72498	0.463719	4.10077
						}
						{VolumeView "rocket_rot.ply"}
					}
				}
				{bone "rocket_cover"
					{Matrix34
						0.986511	-0.14442	0.0770672
						0.157414	0.966115	-0.204553
						-0.0449143	0.213925	0.975817
						-8.40865	0.635127	8.18549
					}
					{VolumeView "rocket_cover.ply"}
				}
				{bone revolute "turret_commander"
					{parameters "id=turret;terminator;"}
					{Position -3.41598	12.3505	7.44519}
					{VolumeView "turret_commander.ply"}
					{bone "cover1"
						{parameters "id=turret;"}
						{Matrix34
							-0.282961	0.047207	-0.957969
							0.101021	0.9947	0.0191779
							0.953797	-0.0913484	-0.28623
							2.65937	0.0100784	2.05101
						}
						{VolumeView "cover1.ply"}
					}
				}
			}
		}
	}
}
{Volume "ammo"
	{Box 32.4151 18.8654 14.5988}
	{Bone "body"}
	{Position 9.39623	0.308643	2.64835}
}
{Volume "body1"
	{Polyhedron "body1.vol"}
	{Bone "body"}
	{Position 4.88258	0.662463	1.09411}
}
{Volume "body2"
	{Polyhedron "body2.vol"}
	{Bone "body"}
	{Position 4.99338	0.662462	-6.40561}
}
{Volume "engine"
	{Box 13.9657 26.884 12.22}
	{Bone "body"}
	{Position -28.8354	0.662462	2.68134}
}
{Volume "fuel1"
	{Polyhedron "fuel1.vol"}
	{Bone "body"}
	{Position 38.4863	-7.72666	-4.61272}
}
{Volume "fuel2"
	{Box 18.1554 4.888 13.2326}
	{Bone "body"}
	{Position 7.96862	-13.3285	5.33684}
}
{Volume "mantlet"
	{Box 7.71122 7.44904 9.40769}
	{Bone "rocket_arm"}
	{Matrix34
		0	-1	0
		0	0	1
		-1	0	0
		1.79567	0.334283	2.2937
	}
}
{Volume "trackleft"
	{Polyhedron "trackleft.vol"}
	{Bone "trackl"}
	{Matrix34
		1	0	0
		0	0	1
		0	-1	0
		2.44207	0.330811	-0.893953
	}
}
{Volume "trackright"
	{Polyhedron "trackright.vol"}
	{Bone "trackr"}
	{Matrix34
		-1	0	0
		0	1	0
		0	0	-1
		-2.44514	-0.910995	-0.192368
	}
}
{Volume "turret"
	{Polyhedron "turret.vol"}
	{Bone "turret"}
	{Position 0.466122	0.593046	-1.83947}
}
