;Exported by: pk
;Date:        Thu Jan 17 22:33:04 2019
;File:        E:\Chris setup\!edits\chinook\ch-47_chinook_xx.max
{Skeleton
	{bone "basis"
		{Orientation
			1	0	0
			0	-1	0
			0	0	1
		}
		{bone "body"
			{parameters "ID=body;"}
			{Position 0	0	0}
			{VolumeView "body.ply"}
			{bone "part1"
				{parameters "id=body;"}
				{Matrix34
					0.999048	0	0.0436196
					0	1	0
					-0.0436196	0	0.999048
					110.239	-28.336	23.4179
				}
				{VolumeView "part1.ply"}
			}
			{bone "part2"
				{parameters "id=body;"}
				{Position -71.7073	1.33981e-005	11.0542}
				{VolumeView "part2.ply"}
			}
			{bone "engine"
				{parameters "ID=engine;"}
				{Position -90.4197	-5.81741e-005	67.7123}
				{VolumeView "engine.ply"}
				{bone "rotor"
					{parameters "ID=rotor;"}
					{Matrix34
						0	1	0
						-0.997565	0	0.069739
						0.069739	0	0.997565
						229.182	0.00436245	20.1872
					}
					{VolumeView "rotor.ply"}
					{bone "propeller"
						{parameters "ID=propeller;"}
						{Matrix34
							-0.000448725	-0.997566	0.0697356
							1	-0.000447632	3.12999e-005
							0	0.0697356	0.997566
							53.7635	-79.0055	-4.04771
						}
						{VolumeView "propeller.ply"}
					}
					{bone "propeller1"
						{parameters "ID=propeller1;"}
						{Matrix34
							-0.000448725	-0.997566	0.0697356
							1	-0.000447632	3.12999e-005
							0	0.0697356	0.997566
							-94.3055	-6.76729	-3.92709
						}
						{VolumeView "propeller1.ply"}
					}
					{bone "propeller2"
						{parameters "ID=propeller2;"}
						{Matrix34
							-0.000448725	-0.997566	0.0697356
							1	-0.000447632	3.12999e-005
							0	0.0697356	0.997566
							42.6297	85.4031	-3.77914
						}
						{VolumeView "propeller2.ply"}
					}
					{bone "engine_work"
						{Position 0	-1.52588e-005	0}
						{visibility 0}
						{VolumeView "engine_work.ply"}
					}
				}
				{bone "rotor_b"
					{parameters "ID=rotor_b;"}
					{Matrix34
						0	1	0
						-0.997564	0	0.0697564
						0.0697564	0	0.997564
						-7.30326	0.00436245	36.4836
					}
					{VolumeView "rotor_b.ply"}
					{bone "propeller_b1"
						{parameters "ID=propeller_b1;"}
						{Matrix34
							-0.000478216	-0.997563	0.0697718
							1	-0.000477052	3.33525e-005
							0	0.0697718	0.997563
							-53.7609	79.1033	-3.73216
						}
						{VolumeView "propeller_b1.ply"}
					}
					{bone "propeller_b2"
						{parameters "ID=propeller_b2;"}
						{Matrix34
							-0.000478216	-0.997563	0.0697718
							1	-0.000477052	3.33525e-005
							0	0.0697718	0.997563
							94.306	6.84198	-4.05079
						}
						{VolumeView "propeller_b2.ply"}
					}
					{bone "propeller_b"
						{parameters "ID=propeller_b;"}
						{Matrix34
							-0.000478216	-0.997563	0.0697718
							1	-0.000477052	3.33525e-005
							0	0.0697718	0.997563
							-42.6319	-85.3532	-3.95575
						}
						{VolumeView "propeller_b.ply"}
					}
					{bone "rotor_work"
						{Position 0	-1.52588e-005	0}
						{visibility 0}
						{VolumeView "rotor_work.ply"}
					}
				}
			}
			{bone "window2"
				{Position -10.4365	-28.539	40.4315}
				{VolumeView "window2.ply"}
			}
			{bone "window8"
				{Position 144.158	-16.173	64.5602}
				{VolumeView "window8.ply"}
			}
			{bone "window11"
				{Position 144.158	16.1731	64.5602}
				{VolumeView "window11.ply"}
			}
			{bone "window5"
				{Position 138.137	-22.5625	53.2573}
				{VolumeView "window5.ply"}
			}
			{bone "window6"
				{Position 146.538	-23.134	39.5463}
				{VolumeView "window6.ply"}
			}
			{bone "window7"
				{Position 146.024	-21.2938	53.5343}
				{VolumeView "window7.ply"}
			}
			{bone "window9"
				{Position 152.428	3.39834e-005	53.7955}
				{VolumeView "window9.ply"}
			}
			{bone "window13"
				{Position 146.024	21.2938	53.5343}
				{VolumeView "window13.ply"}
			}
			{bone "window14"
				{Position 138.137	22.5625	53.2573}
				{VolumeView "window14.ply"}
			}
			{bone "window15"
				{Position 146.538	23.134	39.5462}
				{VolumeView "window15.ply"}
			}
			{bone "window12"
				{Position 162.61	13.2883	36.4558}
				{VolumeView "window12.ply"}
			}
			{bone "door3"
				{parameters "id=body;"}
				{Position 108.544	-13.7316	60.7695}
				{VolumeView "door3.ply"}
			}
			{bone "seats"
				{VolumeView "seats.ply"}
			}
		}
		{bone "pivot_front"
			{Position 60.588	0	0}
			{bone revolute "wheell1"
				{parameters "ID=wheell;Radius=0.36;support;"}
				{Position 0.0401154	31.3633	5.13322}
				{VolumeView "wheell1.ply"}
			}
			{bone revolute "wheelr1"
				{parameters "ID=wheell;Radius=0.36;support;"}
				{Position 0.0401688	-31.3632	5.13323}
				{VolumeView "wheelr1.ply"}
			}
		}
		{bone "pivot_back"
			{Position -82.9738	0	5.13323}
			{bone revolute "wheell2"
				{parameters "ID=wheell;Radius=0.36;support;"}
				{Position 0	31.9733	0}
				{VolumeView "wheell2.ply"}
			}
			{bone revolute "wheelr2"
				{parameters "ID=wheell;Radius=0.36;support;"}
				{Position 6.10352e-005	-31.9735	0}
				{VolumeView "wheelr2.ply"}
			}
		}
	}
}
{Volume "body1"
	{Polyhedron "body1.vol"}
	{Bone "body"}
	{Position 163.295	0	36.3271}
}
{Volume "body2"
	{Polyhedron "body2.vol"}
	{Bone "body"}
	{Position 153.512	-0.12693	20.0731}
}
{Volume "body3"
	{Polyhedron "body3.vol"}
	{Bone "body"}
	{Matrix34
		0.984808	0	0.173648
		0	1	0
		-0.173648	0	0.984808
		-74.4129	0	63.7433
	}
}
{Volume "body4"
	{Polyhedron "body4.vol"}
	{Bone "body"}
	{Matrix34
		0.999048	0	0.0436196
		0	1	0
		-0.0436196	0	0.999048
		-103.734	0	39.2152
	}
}
{Volume "body5"
	{Polyhedron "body5.vol"}
	{Bone "body"}
	{Matrix34
		-0.996195	0	0.0871557
		0	-1	0
		0.0871557	0	0.996195
		114.335	0	62.2151
	}
}
{Volume "body"
	{Polyhedron "body.vol"}
	{Bone "body"}
	{Matrix34
		0.999048	0	0.0436196
		0	1	0
		-0.0436196	0	0.999048
		0	0	12.6076
	}
}
{Volume "engine1"
	{Box 45.954 12.4403 12.3258}
	{Bone "engine"}
	{Matrix34
		0.999048	0	0.0436191
		0	1	0
		-0.0436191	0	0.999048
		16.6442	-25.508	0.407017
	}
}
{Volume "engine"
	{Box 45.954 12.4403 12.3258}
	{Bone "engine"}
	{Matrix34
		0.999048	0	0.0436191
		0	1	0
		-0.0436191	0	0.999048
		16.6442	25.3753	0.407017
	}
}
{Volume "part1"
	{Polyhedron "part1.vol"}
	{Bone "part1"}
	{Matrix34
		0.999048	0	-0.0436196
		0	1	0
		0.0436196	0	0.999048
		-0.889755	1.04569	-0.728287
	}
}
{Volume "part2"
	{Box 51.5987 73.0581 16.9601}
	{Bone "part2"}
	{Matrix34
		0.976296	0	-0.21644
		0	1	0
		0.21644	0	0.976296
		-23.8339	1.58064e-005	9.11486
	}
}
{Volume "propeller1"
	{Box 161.711 11.3754 3.88953}
	{Bone "propeller1"}
	{Matrix34
		0.0864109	-0.987672	-0.130529
		0.996195	0.0871561	0
		0.0113731	-0.130033	0.991445
		0.450371	-5.14815	1.28116
	}
}
{Volume "propeller2"
	{Box 161.711 11.3754 3.88953}
	{Bone "propeller2"}
	{Matrix34
		0.904637	-0.421794	0.0610068
		0.422685	0.906275	-0.00189951
		-0.0544877	0.027505	0.998136
		-5.48491	2.76137	1.51141
	}
}
{Volume "propeller_b1"
	{Box 161.711 11.3754 3.88953}
	{Bone "propeller_b1"}
	{Matrix34
		0.815959	0.574594	0.0636595
		-0.572121	0.818405	-0.053772
		-0.0829963	0.00745482	0.996522
		-5.67236	-3.10353	0.93784
	}
}
{Volume "propeller_b2"
	{Box 161.711 11.3754 3.88953}
	{Bone "propeller_b2"}
	{Matrix34
		-0.0983164	0.987755	-0.121139
		-0.985413	-0.0796381	0.150399
		0.13891	0.134159	0.981176
		-0.241488	6.80433	1.4851
	}
}
{Volume "propeller_b"
	{Box 161.711 11.3754 3.88953}
	{Bone "propeller_b"}
	{Matrix34
		0.897805	-0.399365	-0.185619
		0.42324	0.898939	0.113035
		0.121718	-0.180045	0.976099
		6.41029	-1.86883	0.191258
	}
}
{Volume "propeller"
	{Box 161.711 11.3754 3.88953}
	{Bone "propeller"}
	{Matrix34
		0.806708	0.564863	-0.173645
		-0.573576	0.819152	0
		0.142241	0.0996005	0.984808
		5.3324	2.883	0.696615
	}
}
{Volume "rotor_b"
	{Box 27.5591 27.5591 9.84252}
	{Bone "rotor_b"}
	{Position 0	0	4.92126}
}
{Volume "rotor"
	{Box 27.5591 27.5591 9.84252}
	{Bone "rotor"}
	{Position 0	0	4.92126}
}
{Volume "wheell1"
	{Cylinder 5.32952 11.4363}
	{Bone "wheell1"}
	{Matrix34
		1	0	0
		0	0	1
		0	-1	0
		0	-0.0086956	0
	}
}
{Volume "wheell2"
	{Cylinder 5.00172 3.50748}
	{Bone "wheell2"}
	{Matrix34
		1	0	0
		0	0	1
		0	-1	0
		0	1.55156	0
	}
}
{Volume "wheelr1"
	{Cylinder 5.32952 11.9007}
	{Bone "wheelr1"}
	{Matrix34
		1	0	0
		0	0	1
		0	-1	0
		-1.41974e-005	-0.0208788	-4.47449e-005
	}
}
{Volume "wheelr2"
	{Cylinder 5.00172 3.50748}
	{Bone "wheelr2"}
	{Matrix34
		1	0	0
		0	0	1
		0	-1	0
		-6.10352e-005	-1.34388	-2.66621e-005
	}
}
{Volume "window11"
	{Box 14.8612 13.8131 6.05625}
	{Bone "window11"}
	{Position 0	0	0.0169559}
}
{Volume "window12"
	{Box 5.21862 20.8487 20.5471}
	{Bone "window12"}
	{Matrix34
		0.793353	0.608761	0
		-0.608761	0.793353	0
		0	0	1
		1.97949	3.19462	1.06285
	}
}
{Volume "window13"
	{Polyhedron "window13.vol"}
	{Bone "window13"}
	{Matrix34
		-0.975421	0.184768	-0.120059
		-0.151522	-0.166848	0.97427
		0.159982	0.968516	0.190744
		-0.195068	-0.37273	-0.0935745
	}
}
{Volume "window14"
	{Box 8.03407 14.2125 1.51556}
	{Bone "window14"}
	{Matrix34
		-0.978496	0.192145	-0.0750021
		-0.108979	-0.172871	0.978897
		0.175123	0.966021	0.190094
		-0.319565	0.671436	-0.093484
	}
}
{Volume "window15"
	{Box 18.4869 12.6897 1.51556}
	{Bone "window15"}
	{Matrix34
		-0.983284	0.171004	-0.0625409
		-0.0626976	0.00448918	0.998023
		0.170947	0.98526	0.00630742
		-0.965736	0.320262	-0.140888
	}
}
{Volume "window2"
	{Box 9.84252 9.84252 3.93701}
	{Bone "window2"}
	{Matrix34
		1	0	0
		0	0.0724324	0.997373
		0	-0.997373	0.0724324
		-0.265261	0.376575	0.184888
	}
}
{Volume "window5"
	{Box 8.03407 14.2125 1.51556}
	{Bone "window5"}
	{Matrix34
		0.980473	0.176397	0.0869348
		-0.126103	0.22473	0.966227
		0.150903	-0.958322	0.242586
		-0.453581	-0.829756	-0.190387
	}
}
{Volume "window6"
	{Box 18.4869 12.6897 1.51556}
	{Bone "window6"}
	{Matrix34
		0.983813	0.173834	0.0435087
		-0.0551222	0.0625468	0.996519
		0.170508	-0.982787	0.0711166
		-0.803928	-0.700014	-0.152377
	}
}
{Volume "window7"
	{Polyhedron "window7.vol"}
	{Bone "window7"}
	{Matrix34
		0.980473	0.176397	0.0869348
		-0.126103	0.22473	0.966227
		0.150903	-0.958322	0.242586
		-0.256805	0.520363	-0.12513
	}
}
{Volume "window8"
	{Box 14.8612 13.8131 6.05625}
	{Bone "window8"}
	{Position 0	-0.131763	0.0169482}
}
{Volume "window9"
	{Box 39.75 14.7585 9.10859}
	{Bone "window9"}
	{Matrix34
		-0.0321909	0.999478	-0.00263429
		-0.451491	-0.01219	0.892192
		0.891695	0.0299098	0.451648
		-1.51304	0.405721	-0.539534
	}
}
