;Exported by: pk
;Date:        Thu Mar 28 11:31:00 2019
;File:        E:\Chris models\bm-21_grad\bm21_export.max
{Skeleton
	{animation
		{sequence "start" {speed 0.7}}
		{sequence "stop" {speed 0.7}}
		{sequence "doorleft" {speed 0.4}}
		{sequence "doorright" {speed 0.4}}
	}
	{bone "basis"
		{parameters "SteerMax=25;WheelRadius=0.62;"}
		{Orientation
			1	0	0
			0	-1	0
			0	0	1
		}
		{bone revolute "pivot_back"
			{Position -52.5377	0.0148638	11.6022}
			{bone "fxtracel2"
				{Matrix34
					-1	0	0
					0	-1	0
					0	0	1
					-0.105244	20.094	-11.6022
				}
			}
			{bone "fxtracer2"
				{Matrix34
					-1	0	0
					0	-1	0
					0	0	1
					-0.105244	-20.4601	-11.6022
				}
			}
			{bone prizmatic "suspension_l3"
				{limits -0.3 0.1}
				{Position 27.8115	21.5763	0.485146}
				{bone revolute "wheell2"
					{parameters "ID=wheelleft2;"}
					{Matrix34
						1	0	0
						0	0	-1
						0	1	0
						0	0	0
					}
					{VolumeView "wheell2.ply"}
				}
			}
			{bone prizmatic "suspension_l4"
				{limits -0.3 0.1}
				{Position -0.0067215	21.5763	0.485146}
				{bone revolute "wheell3"
					{parameters "ID=wheelleft3;"}
					{Matrix34
						1	0	0
						0	0	-1
						0	1	0
						0	0	0
					}
					{VolumeView "wheell3.ply"}
				}
			}
			{bone prizmatic "suspension_r3"
				{limits -0.3 0.1}
				{Position 27.8115	-20.8973	0.485146}
				{bone revolute "wheelr2"
					{parameters "ID=wheelright2;"}
					{Matrix34
						1	0	0
						0	0	-1
						0	1	0
						0	0	0
					}
					{VolumeView "wheelr2.ply"}
				}
			}
			{bone prizmatic "suspension_r4"
				{limits -0.3 0.1}
				{Position -0.00674057	-20.8973	0.485146}
				{bone revolute "wheelr3"
					{parameters "ID=wheelright3;"}
					{Matrix34
						1	0	0
						0	0	-1
						0	1	0
						0	0	0
					}
					{VolumeView "wheelr3.ply"}
				}
			}
		}
		{bone "pivot_front"
			{Position 44.9914	0.000766686	12.0777}
			{bone revolute "steer_r1"
				{Matrix34
					-1	0	0
					0	1	0
					0	0	-1
					-0.0140839	-20.8832	0.00964832
				}
				{bone "fxtracer1"
					{Matrix34
						1	0	0
						0	-1	0
						0	0	-1
						-0.0330772	0.521395	12.0695
					}
				}
				{bone prizmatic "suspension_r1"
					{limits -0.3 0.1}
					{Matrix34
						1	0	0
						0	-1	0
						0	0	-1
						-0.135704	0	-0.223425
					}
					{bone revolute "wheelr1"
						{parameters "ID=wheelright1;"}
						{Matrix34
							-1	0	0
							0	0	-1
							0	-1	0
							0.135708	0	-0.223425
						}
						{VolumeView "wheelr1.ply"}
					}
				}
			}
			{bone revolute "steer_l1"
				{Matrix34
					-1	0	0
					0	1	0
					0	0	-1
					-0.0140724	21.5903	0.00964832
				}
				{bone "fxtracel1"
					{Matrix34
						1	0	0
						0	-1	0
						0	0	-1
						-0.0330734	-1.65101	12.0834
					}
				}
				{bone prizmatic "suspension_l1"
					{limits -0.3 0.1}
					{Matrix34
						1	0	0
						0	-1	0
						0	0	-1
						-0.135715	0	-0.223423
					}
					{bone revolute "wheell1"
						{parameters "ID=wheelleft1;"}
						{Matrix34
							-1	0	0
							0	0	-1
							0	-1	0
							0.135715	0	-0.223423
						}
						{VolumeView "wheell1.ply"}
					}
				}
			}
		}
		{bone "emit1"
			{parameters "Group=driver;"}
			{Matrix34
				0	-1	0
				1	0	0
				0	0	1
				14.432	36.4155	0
			}
		}
		{bone "emit2"
			{parameters "Group=commander;"}
			{Matrix34
				0	1	0
				-1	0	0
				0	0	1
				14.432	-36.3567	0
			}
		}
		{bone "body"
			{parameters "ID=body;"}
			{animation
				{sequence "repair" {file "body_r.anm"} {speed 0.9}}
			}
			{Position -3.11518	0.354326	30.8089}
			{VolumeView "body.ply"}
			{bone "visor1"
				{Matrix34
					0.999974	-0.00727677	0
					0.00727677	0.999974	0
					0	0	1
					28.7017	11.3163	13.6238
				}
			}
			{bone "headlightr"
				{Matrix34
					0.999974	0	0.00727647
					-0.00727647	0	0.999974
					0	-1	0
					69.7288	-14.0716	-3.28316
				}
			}
			{bone "headlightl"
				{Matrix34
					0.999974	0	0.00727647
					-0.00727647	0	0.999974
					0	-1	0
					69.7288	14.0731	-3.28316
				}
			}
			{bone "fxstop2"
				{Matrix34
					-0.999974	0	-0.00727647
					-0.00727647	0	0.999974
					0	1	0
					-65.7945	19.9119	-12.3067
				}
			}
			{bone "fxstop1"
				{Matrix34
					-0.999974	0	-0.00727647
					-0.00727647	0	0.999974
					0	1	0
					-65.7945	-19.7687	-12.3066
				}
			}
			{bone "fxlight"
				{Matrix34
					0.999974	0	0.00727647
					-0.00727647	0	0.999974
					0	-1	0
					76.4704	0.138866	-3.23699
				}
			}
			{bone "driver"
				{Matrix34
					0.999974	0	0.00727647
					0	1	0
					-0.00727647	0	0.999974
					24.535	11.0258	-7.25342
				}
			}
			{bone "charger"
				{Matrix34
					0.996168	0.0871536	0.00727647
					-0.0871559	0.996195	0
					-0.00724877	-0.000634306	0.999974
					24.5966	-11.6273	-7.21229
				}
			}
			{bone revolute "steer_b"
				{Matrix34
					0.434385	-0.847522	0.304985
					-0.687828	-0.530733	-0.495192
					0.581552	0.00532727	-0.813492
					31.9195	9.6386	10.6297
				}
			}
			{bone "detail2"
				{parameters "ID=body;"}
				{Position 10.6681	-0.0596211	7.93663}
				{VolumeView "detail2.ply"}
			}
			{bone "glass_front"
				{Position 28.3326	0	14.0611}
				{VolumeView "glass_front.ply"}
			}
			{bone "fxfire1"
				{Matrix34
					0	0	1
					0	1	0
					-1	0	0
					55.5514	-0.974159	4.75871
				}
			}
			{bone "doorleft"
				{Matrix34
					-1	0	0
					0	-1	0
					0	0	1
					36.6398	18.872	0.818903
				}
				{VolumeView "doorleft.ply"}
				{bone "glass_doorl1"
					{Matrix34
						0	-1	0
						1	0	0
						0	0	1
						8.84167	0.974499	13.1312
					}
					{VolumeView "glass_doorl1.ply"}
				}
			}
			{bone "doorright"
				{Matrix34
					-1	0	0
					0	-1	0
					0	0	1
					36.4511	-18.8295	0.40716
				}
				{VolumeView "doorright.ply"}
				{bone "glass_doorr1"
					{Matrix34
						0	1	0
						-1	0	0
						0	0	1
						8.65303	-0.931931	13.543
					}
					{VolumeView "glass_doorr1.ply"}
				}
			}
			{bone revolute "turret"
				{parameters "ID=turret;"}
				{speed 0.005}
				{Position -38.9966	-0.3922	-0.405476}
				{VolumeView "turret.ply"}
				{bone "spring"
					{parameters "id=turret;"}
					{Position -15.0581	0.536251	2.48587}
					{VolumeView "spring.ply"}
				}
				{bone "gun_rot"
					{Matrix34
						1	0	0
						0	0	1
						0	-1	0
						-15.0581	0.536251	2.48587
					}
					{bone revolute "gun"
						{parameters "ID=gun;"}
						{limits -5 20}
						{speed 0.005}
						{VolumeView "gun.ply"}
						{bone "shooter30"
							{Matrix34
								0.979109	0.203335	0
								0	0	-1
								-0.203335	0.979109	0
								-8.08906	6.57594	14.6272
							}
						}
						{bone "shooter31"
							{Matrix34
								0.979109	0.203335	0
								0	0	-1
								-0.203335	0.979109	0
								-8.08906	6.57594	11.4695
							}
						}
						{bone "shooter01"
							{Matrix34
								0.979109	0.203335	0
								0	0	-1
								-0.203335	0.979109	0
								-10.0177	15.8629	11.4695
							}
						}
						{bone "shooter02"
							{Matrix34
								0.979109	0.203335	0
								0	0	-1
								-0.203335	0.979109	0
								-10.0177	15.8629	8.31375
							}
						}
						{bone "shooter03"
							{Matrix34
								0.979109	0.203335	0
								0	0	-1
								-0.203335	0.979109	0
								-10.0177	15.8629	5.11937
							}
						}
						{bone "shooter04"
							{Matrix34
								0.979109	0.203335	0
								0	0	-1
								-0.203335	0.979109	0
								-10.0177	15.8629	1.9779
							}
						}
						{bone "shooter05"
							{Matrix34
								0.979109	0.203335	0
								0	0	-1
								-0.203335	0.979109	0
								-10.0177	15.8629	-1.20519
							}
						}
						{bone "shooter06"
							{Matrix34
								0.979109	0.203335	0
								0	0	-1
								-0.203335	0.979109	0
								-10.0177	15.8629	-4.38617
							}
						}
						{bone "shooter07"
							{Matrix34
								0.979109	0.203335	0
								0	0	-1
								-0.203335	0.979109	0
								-10.0177	15.8629	-7.55505
							}
						}
						{bone "shooter08"
							{Matrix34
								0.979109	0.203335	0
								0	0	-1
								-0.203335	0.979109	0
								-10.0177	15.8629	-10.7082
							}
						}
						{bone "shooter09"
							{Matrix34
								0.979109	0.203335	0
								0	0	-1
								-0.203335	0.979109	0
								-10.0177	15.8629	-13.9137
							}
						}
						{bone "shooter10"
							{Matrix34
								0.979109	0.203335	0
								0	0	-1
								-0.203335	0.979109	0
								-9.37504	12.7682	14.6272
							}
						}
						{bone "shooter11"
							{Matrix34
								0.979109	0.203335	0
								0	0	-1
								-0.203335	0.979109	0
								-9.37504	12.7682	11.4695
							}
						}
						{bone "shooter12"
							{Matrix34
								0.979109	0.203335	0
								0	0	-1
								-0.203335	0.979109	0
								-9.37504	12.7682	8.31375
							}
						}
						{bone "shooter13"
							{Matrix34
								0.979109	0.203335	0
								0	0	-1
								-0.203335	0.979109	0
								-9.37504	12.7682	5.11937
							}
						}
						{bone "shooter14"
							{Matrix34
								0.979109	0.203335	0
								0	0	-1
								-0.203335	0.979109	0
								-9.37504	12.7682	1.9779
							}
						}
						{bone "shooter15"
							{Matrix34
								0.979109	0.203335	0
								0	0	-1
								-0.203335	0.979109	0
								-9.37504	12.7682	-1.20519
							}
						}
						{bone "shooter16"
							{Matrix34
								0.979109	0.203335	0
								0	0	-1
								-0.203335	0.979109	0
								-9.37504	12.7682	-4.38617
							}
						}
						{bone "shooter17"
							{Matrix34
								0.979109	0.203335	0
								0	0	-1
								-0.203335	0.979109	0
								-9.37504	12.7682	-7.55505
							}
						}
						{bone "shooter18"
							{Matrix34
								0.979109	0.203335	0
								0	0	-1
								-0.203335	0.979109	0
								-9.37504	12.7682	-10.7082
							}
						}
						{bone "shooter19"
							{Matrix34
								0.979109	0.203335	0
								0	0	-1
								-0.203335	0.979109	0
								-9.37504	12.7682	-13.9137
							}
						}
						{bone "shooter20"
							{Matrix34
								0.979109	0.203335	0
								0	0	-1
								-0.203335	0.979109	0
								-8.7336	9.67955	14.6272
							}
						}
						{bone "shooter21"
							{Matrix34
								0.979109	0.203335	0
								0	0	-1
								-0.203335	0.979109	0
								-8.7336	9.67955	11.4695
							}
						}
						{bone "shooter22"
							{Matrix34
								0.979109	0.203335	0
								0	0	-1
								-0.203335	0.979109	0
								-8.7336	9.67955	8.31375
							}
						}
						{bone "shooter23"
							{Matrix34
								0.979109	0.203335	0
								0	0	-1
								-0.203335	0.979109	0
								-8.7336	9.67955	5.11937
							}
						}
						{bone "shooter24"
							{Matrix34
								0.979109	0.203335	0
								0	0	-1
								-0.203335	0.979109	0
								-8.7336	9.67955	1.9779
							}
						}
						{bone "shooter25"
							{Matrix34
								0.979109	0.203335	0
								0	0	-1
								-0.203335	0.979109	0
								-8.7336	9.67955	-1.20519
							}
						}
						{bone "shooter26"
							{Matrix34
								0.979109	0.203335	0
								0	0	-1
								-0.203335	0.979109	0
								-8.7336	9.67955	-4.38617
							}
						}
						{bone "shooter27"
							{Matrix34
								0.979109	0.203335	0
								0	0	-1
								-0.203335	0.979109	0
								-8.7336	9.67955	-7.55505
							}
						}
						{bone "shooter28"
							{Matrix34
								0.979109	0.203335	0
								0	0	-1
								-0.203335	0.979109	0
								-8.7336	9.67955	-10.7082
							}
						}
						{bone "shooter29"
							{Matrix34
								0.979109	0.203335	0
								0	0	-1
								-0.203335	0.979109	0
								-8.7336	9.67955	-13.9137
							}
						}
						{bone "shooter32"
							{Matrix34
								0.979109	0.203335	0
								0	0	-1
								-0.203335	0.979109	0
								-8.08906	6.57595	8.31375
							}
						}
						{bone "shooter33"
							{Matrix34
								0.979109	0.203335	0
								0	0	-1
								-0.203335	0.979109	0
								-8.08906	6.57594	5.11937
							}
						}
						{bone "shooter34"
							{Matrix34
								0.979109	0.203335	0
								0	0	-1
								-0.203335	0.979109	0
								-8.08906	6.57594	1.9779
							}
						}
						{bone "shooter35"
							{Matrix34
								0.979109	0.203335	0
								0	0	-1
								-0.203335	0.979109	0
								-8.08906	6.57594	-1.20519
							}
						}
						{bone "shooter36"
							{Matrix34
								0.979109	0.203335	0
								0	0	-1
								-0.203335	0.979109	0
								-8.08906	6.57594	-4.38617
							}
						}
						{bone "shooter37"
							{Matrix34
								0.979109	0.203335	0
								0	0	-1
								-0.203335	0.979109	0
								-8.08906	6.57594	-7.55505
							}
						}
						{bone "shooter38"
							{Matrix34
								0.979109	0.203335	0
								0	0	-1
								-0.203335	0.979109	0
								-8.08906	6.57594	-10.7082
							}
						}
						{bone "shooter39"
							{Matrix34
								0.979109	0.203335	0
								0	0	-1
								-0.203335	0.979109	0
								-8.08906	6.57594	-13.9137
							}
						}
						{bone "shooter00"
							{Matrix34
								0.979109	0.203335	0
								0	0	-1
								-0.203335	0.979109	0
								-10.0177	15.8629	14.6272
							}
						}
						{bone "foresight"
							{Matrix34
								0.979591	0.201002	0
								0	0	-1
								-0.201002	0.979591	0
								46.9739	22.5889	0.457876
							}
						}
					}
				}
			}
			{bone "engine"
				{parameters "ID=engine;"}
				{animation
					{sequence "repair" {file "engine_r.anm"}}
				}
				{Matrix34
					-1	0	0
					0	-1	0
					0	0	1
					42.9575	0	9.81535
				}
				{VolumeView "engine.ply"}
			}
			{bone "gunner"
				{Matrix34
					0.996168	-0.0871533	0.00727647
					0.0871556	0.996195	0
					-0.00724879	0.000634066	0.999974
					24.535	-0.323745	-7.86847
				}
			}
			{bone "link2"
				{Matrix34
					-0.999974	0	-0.00727647
					-0.00727647	0	0.999974
					0	1	0
					-70.3185	-0.0319006	-15.4975
				}
			}
		}
	}
}
{Volume "body1"
	{Polyhedron "body1.vol"}
	{Bone "body"}
	{Position 43.6222	-0.354295	-17.6115}
}
{Volume "body2"
	{Polyhedron "body2.vol"}
	{Bone "body"}
	{Matrix34
		-1	0	0
		0	0	1
		0	1	0
		0.594409	-5.20501	-3.9326
	}
}
{Volume "body"
	{Polyhedron "body.vol"}
	{Bone "body"}
	{Position 30.9829	-0.354291	-19.0738}
}
{Volume "crew"
	{Box 15.196 33.539 17.4004}
	{Bone "body"}
	{Position 28.0056	-0.354326	9.58957}
}
{Volume "engine"
	{Polyhedron "engine.vol"}
	{Bone "engine"}
	{Matrix34
		1	0	0
		0	0	1
		0	-1	0
		-13.6997	0.134014	-1.16026
	}
}
{Volume "glass_doorl1"
	{Box 1.76995 10.1749 12.245}
	{Bone "glass_doorl1"}
	{Matrix34
		-0.991256	0.05857	-0.11824
		-0.118035	0.00697455	0.992985
		0.0589838	0.998259	0
		0.681621	0.783009	-0.196573
	}
}
{Volume "glass_doorr1"
	{Box 1.77165 8.59869 12.8642}
	{Bone "glass_doorr1"}
	{Matrix34
		0.97059	0.0654559	0.23167
		-0.230965	-0.0182419	0.972791
		0.067901	-0.997689	-0.00258736
		1.08719	-0.167157	-0.198439
	}
}
{Volume "glass_front"
	{Box 34.1752 9.27822 2.61953}
	{Bone "glass_front"}
	{Matrix34
		0	-1	0
		-0.353149	0	0.935567
		-0.935567	0	-0.353149
		9.40471	-0.289421	0.469629
	}
}
{Volume "gun"
	{Box 55.8306 33.3773 13.4503}
	{Bone "gun"}
	{Matrix34
		0.979449	0.20169	0
		0	0	-1
		-0.20169	0.979449	0
		18.3848	16.8984	0.291644
	}
}
{Volume "inventory"
	{Box 22.0926 18.1557 6.59338}
	{Bone "body"}
	{Position 51.4932	-0.354324	3.51934}
}
{Volume "ram"
	{Polyhedron "ram.vol"}
	{Bone "body"}
	{Matrix34
		-1	0	0
		0	0	1
		0	1	0
		1.35286	-23.5345	-12.6253
	}
}
{Volume "turret"
	{Box 32.1175 33.1175 9.00682}
	{Bone "turret"}
	{Position 0	0	3.89144}
}
{Volume "wheelleft1"
	{Cylinder 12.5984 9.84252}
	{Bone "wheell1"}
	{Matrix34
		0.991445	0.130525	0
		-0.130525	0.991445	0
		0	0	1
		3.3012e-005	0	-0.398013
	}
}
{Volume "wheelleft2"
	{Cylinder 12.5984 9.84252}
	{Bone "wheell2"}
	{Matrix34
		0.0971362	-0.995271	-1.28746e-005
		0.995271	0.0971362	-1.00136e-005
		1.12168e-005	-1.1841e-005	1
		6.47376e-005	-6.30412e-005	-0.366395
	}
}
{Volume "wheelleft3"
	{Cylinder 12.5984 9.84252}
	{Bone "wheell3"}
	{Matrix34
		0.867091	-0.498151	0
		0.498151	0.867091	0
		0	0	1
		0.121691	0.380863	-0.285213
	}
}
{Volume "wheelright1"
	{Cylinder 12.5984 9.84252}
	{Bone "wheelr1"}
	{Matrix34
		-0.793354	-0.608761	0
		0.608761	-0.793354	0
		0	0	1
		-2.11317e-005	0	0.481383
	}
}
{Volume "wheelright2"
	{Cylinder 12.5984 9.84252}
	{Bone "wheelr2"}
	{Position 0	0	0.521443}
}
{Volume "wheelright3"
	{Cylinder 12.5984 9.84252}
	{Bone "wheelr3"}
	{Matrix34
		1	0	0
		0	1	0
		0	0	1
		0	0	0.479056
	}
}
