;Exported by:	 ART
;Date:			 06.06.2021 17:46:55
;File:			 E:\Autodesk\Low poly\freelance\Carlos\Tanks\T-34-85\export\DMS suspension max 2015\SU-100_xx.max
{skeleton
	{bone revolute "basis"
		{orientation
			1 	 0 	 0
			0 	 -1 	 0
			0 	 0 	 1
		}
		{bone "wheelsr"
			{parameters "wheelsr;"}
			{Position 2.85 	 -20.2736 	 9.5952}
			{LODView
				{VolumeView "wheelsr.ply"}
				{VolumeView "wheelsr_lod1.ply"}
			}
			{bone "trackr"
				{parameters "id=trackright;"}
				{matrix34
					-1 	 0 	 0
					0 	 -1 	 0
					0 	 0 	 1
					-5.4271 	 -4.141 	 0.204
				}
				{VolumeView "trackr.ply"}
			}
			{bone prizmatic "suspension_r3"
				{parameters "ikspeed2=2;"}
				{limits -0.19 0.1}
				{Position -6.7965 	 -4.3963 	 -0.7175}
				{bone revolute "wheelr4"
					{parameters "id=trackright;radius=0.46;"}
					{matrix34
						1 	 0 	 0
						0 	 -0.0698 	 -0.9976
						0 	 0.9976 	 -0.0698
						0 	 0 	 0
					}
					{LODView
						{VolumeView "wheelr4.ply"}
						{VolumeView "wheelr4_lod1.ply"}
					}
				}
			}
			{bone prizmatic "suspension_r5"
				{parameters "ikspeed2=2;"}
				{limits -0.19 0.16}
				{Position -41.1234 	 -4.3963 	 -0.7175}
				{bone revolute "wheelr6"
					{parameters "id=trackright;radius=0.46;"}
					{orientation
						1 	 0 	 0
						0 	 0 	 -1
						0 	 1 	 0
					}
					{LODView
						{VolumeView "wheelr6.ply"}
						{VolumeView "wheelr6_lod1.ply"}
					}
				}
			}
			{bone prizmatic "suspension_r4"
				{parameters "ikspeed2=2;"}
				{limits -0.19 0.14}
				{Position -23.9413 	 -4.3963 	 -0.7175}
				{bone revolute "wheelr5"
					{parameters "id=trackright;radius=0.41;"}
					{matrix34
						1 	 0 	 0
						0 	 0 	 -1
						0 	 1 	 0
						0.3276 	 0 	 0.1619
					}
					{LODView
						{VolumeView "wheelr5.ply"}
						{VolumeView "wheelr5_lod1.ply"}
					}
				}
			}
			{bone prizmatic "suspension_r1"
				{parameters "ikspeed2=2;"}
				{limits -0.19 0.03}
				{Position 32.0374 	 -4.3963 	 -0.7175}
				{bone revolute "part6"
					{parameters "id=trackright;radius=0.41;"}
					{matrix34
						0.9995 	 -0.032 	 -0.0015
						-0.0041 	 -0.0805 	 -0.9967
						0.0318 	 0.9962 	 -0.0806
						0.3255 	 0 	 0.1619
					}
					{LODView
						{VolumeView "part6.ply"}
						{VolumeView "part6_lod1.ply"}
					}
				}
			}
			{bone prizmatic "suspension_r2"
				{parameters "ikspeed2=2;"}
				{limits -0.19 0.9}
				{Position 13.7664 	 -4.3963 	 -0.7175}
			}
		}
		{bone "wheelsl"
			{parameters "wheelsl;"}
			{Position 2.85 	 20.0174 	 9.5952}
			{LODView
				{VolumeView "wheelsl.ply"}
				{VolumeView "wheelsl_lod1.ply"}
			}
			{bone prizmatic "suspension_l5"
				{parameters "ikspeed2=2;"}
				{limits -0.19 0.18}
				{matrix34
					1 	 0 	 0
					0 	 1 	 0
					0 	 0 	 1
					-41.1234 	 4.4426 	 -0.7175
				}
			}
			{bone prizmatic "suspension_l4"
				{parameters "ikspeed2=2;"}
				{limits -0.19 0.18}
				{matrix34
					1 	 0 	 0
					0 	 1 	 0
					0 	 0 	 1
					-23.9413 	 4.4426 	 -0.7175
				}
				{bone revolute "part2"
					{parameters "id=trackleft;radius=0.41;"}
					{matrix34
						1 	 0 	 0
						0 	 -0.1045 	 -0.9945
						0 	 0.9945 	 -0.1045
						0.3275 	 0 	 0.1619
					}
					{LODView
						{VolumeView "part2.ply"}
						{VolumeView "part2_lod1.ply"}
					}
				}
			}
			{bone prizmatic "suspension_l3"
				{parameters "ikspeed2=2;"}
				{limits -0.19 0.18}
				{matrix34
					1 	 0 	 0
					0 	 1 	 0
					0 	 0 	 1
					-6.7964 	 4.4426 	 -0.7175
				}
				{bone revolute "wheell4"
					{parameters "id=trackleft;radius=0.46;"}
					{matrix34
						1 	 0 	 0
						0 	 -0.0872 	 -0.9962
						0 	 0.9962 	 -0.0872
						0 	 0 	 0
					}
					{LODView
						{VolumeView "wheell4.ply"}
						{VolumeView "wheell4_lod1.ply"}
					}
				}
			}
			{bone prizmatic "suspension_l1"
				{parameters "ikspeed2=2;"}
				{limits -0.19 0.18}
				{Position 32.0374 	 4.4426 	 -0.7175}
			}
			{bone prizmatic "suspension_l2"
				{parameters "ikspeed2=2;"}
				{limits -0.19 0.17}
				{matrix34
					1 	 0 	 0
					0 	 1 	 0
					0 	 0 	 1
					13.7664 	 4.4426 	 -0.7175
				}
				{bone revolute "wheell3"
					{parameters "id=trackleft;radius=0.46;"}
					{matrix34
						0.9962 	 -0.0872 	 0
						0 	 0 	 -1
						0.0872 	 0.9962 	 0
						0 	 0 	 0
					}
					{LODView
						{VolumeView "wheell3.ply"}
						{VolumeView "wheell3_lod1.ply"}
					}
				}
			}
		}
		{bone "body"
			{parameters "id=body;"}
			{matrix34
				0.9986 	 0.0024 	 -0.0523
				-0.0006 	 0.9994 	 0.0349
				0.0523 	 -0.0348 	 0.998
				-2.9944 	 -0.1253 	 19.1844
			}
			{LODView
				{VolumeView "body.ply"}
				{VolumeView "body_lod1.ply"}
			}
			{bone revolute "mantlet"
				{parameters "id=gun;lastpose=undefined;"}
				{limits -10 10}
				{speed 0.015}
				{Position 40.0801 	 -5.3681 	 11.1828}
				{bone revolute "gun_rot"
					{parameters "id=gun;"}
					{limits -5 22}
					{speed 0.015}
					{matrix34
						0.9976 	 0 	 -0.0698
						0.0698 	 0 	 0.9976
						0 	 -1 	 0
						0 	 0 	 0
					}
					{LODView
						{VolumeView "gun_rot.ply"}
						{VolumeView "gun_rot_lod1.ply"}
					}
					{bone "gun"
						{parameters "id=gun;"}
						{Position 50.4345 	 0.11 	 0.0162}
						{LODView
							{VolumeView "gun.ply"}
							{VolumeView "gun_lod1.ply"}
						}
					}
				}
			}
			{bone "part1"
				{matrix34
					-0.4384 	 0 	 -0.8988
					0 	 -1 	 0
					-0.8988 	 0 	 0.4384
					37.5038 	 11.9749 	 12.282
				}
				{LODView
					{VolumeView "part1.ply"}
					{VolumeView "part1_lod1.ply"}
				}
			}
			{bone "cover1"
				{matrix34
					0.4147 	 0 	 0.91
					0 	 -1 	 0
					0.91 	 0 	 -0.4147
					21.9595 	 -15.2956 	 25.1318
				}
				{LODView
					{VolumeView "cover1.ply"}
					{VolumeView "cover1_lod1.ply"}
				}
			}
			{bone "cover"
				{matrix34
					-1 	 0 	 0
					0 	 -1 	 0
					0 	 0 	 1
					42.151 	 -3.7341 	 17.3566
				}
				{LODView
					{VolumeView "cover.ply"}
					{VolumeView "cover_lod1.ply"}
				}
			}
			{bone revolute "wheell7"
				{parameters "id=trackleft;radius=0.31;"}
				{matrix34
					1 	 0 	 0
					0 	 0 	 -1
					0 	 1 	 0
					-49.79 	 25.0307 	 -7.696
				}
				{LODView
					{VolumeView "wheell7.ply"}
					{VolumeView "wheell7_lod1.ply"}
				}
			}
			{bone revolute "wheell1"
				{parameters "id=trackleft;radius=0.25;"}
				{matrix34
					0.9992 	 -0.0411 	 -0.0013
					-0.0058 	 -0.1109 	 -0.9938
					0.0407 	 0.993 	 -0.1111
					51.8567 	 24.8753 	 -5.7174
				}
				{LODView
					{VolumeView "wheell1.ply"}
					{VolumeView "wheell1_lod1.ply"}
				}
			}
			{bone "part4"
				{parameters "id=shieldl2;"}
				{matrix34
					-1 	 0 	 0
					0 	 -1 	 0
					0 	 0 	 1
					-54.0731 	 24.0501 	 0.1166
				}
				{LODView
					{VolumeView "part4.ply"}
					{VolumeView "part4_lod1.ply"}
				}
			}
			{bone revolute "wheelr1"
				{parameters "id=trackright;radius=0.25;"}
				{matrix34
					0.9984 	 -0.0025 	 -0.0562
					-0.0561 	 -0.1078 	 -0.9926
					-0.0036 	 0.9942 	 -0.1077
					51.8567 	 -24.8346 	 -5.7174
				}
				{LODView
					{VolumeView "wheelr1.ply"}
					{VolumeView "wheelr1_lod1.ply"}
				}
			}
			{bone revolute "wheelr7"
				{parameters "id=trackright;radius=0.31;"}
				{matrix34
					0.9976 	 -0.0696 	 0.0023
					0.0026 	 0.0036 	 -1
					0.0696 	 0.9976 	 0.0037
					-49.79 	 -24.9902 	 -7.696
				}
				{LODView
					{VolumeView "wheelr7.ply"}
					{VolumeView "wheelr7_lod1.ply"}
				}
			}
			{bone "engine"
				{parameters "id=engine;"}
				{Position -28.5585 	 0 	 0.9229}
				{LODView
					{VolumeView "engine.ply"}
					{VolumeView "engine_lod1.ply"}
				}
				{bone "part5"
					{parameters "id=engine;"}
					{matrix34
						-0.5592 	 0 	 0.829
						0 	 -1 	 0
						0.829 	 0 	 0.5592
						0.476 	 -0.0026 	 12.8473
					}
					{LODView
						{VolumeView "part5.ply"}
						{VolumeView "part5_lod1.ply"}
					}
				}
			}
			{bone "part7"
				{parameters "id=shieldr1;"}
				{matrix34
					-1 	 0 	 0
					0 	 -1 	 0
					0 	 0 	 1
					54.2846 	 -23.9345 	 -1.0876
				}
				{LODView
					{VolumeView "part7.ply"}
					{VolumeView "part7_lod1.ply"}
				}
			}
			{bone "part3"
				{parameters "id=engine;"}
				{matrix34
					-1 	 0 	 0
					0 	 -1 	 0
					0 	 0 	 1
					-35.3626 	 24.3997 	 9.4673
				}
				{LODView
					{VolumeView "part3.ply"}
					{VolumeView "part3_lod1.ply"}
				}
			}
			{bone "part8"
				{parameters "id=body;"}
				{matrix34
					-1 	 0 	 0
					0 	 -1 	 0
					0 	 0 	 1
					52.8136 	 -0.1582 	 -0.8831
				}
				{LODView
					{VolumeView "part8.ply"}
					{VolumeView "part8_lod1.ply"}
				}
			}
		}
	}
}
{volume "trackleft"
	{polyhedron "trackleft.vol"}
	{bone "wheelsl"}
	{matrix34
		-1 	 0 	 0
		0 	 0 	 1
		0 	 1 	 0
		-9.5891 	 4.5918 	 1.0077
	}
}
{volume "trackright"
	{polyhedron "trackright.vol"}
	{bone "wheelsr"}
	{matrix34
		-1 	 0 	 0
		0 	 0 	 1
		0 	 1 	 0
		-9.5891 	 -3.6033 	 1.0077
	}
}
{volume "body2"
	{polyhedron "body2.vol"}
	{bone "body"}
	{Position 15.117 	 0.021 	 -4.78}
}
{volume "body"
	{polyhedron "body.vol"}
	{bone "body"}
	{Position 15.117 	 0.021 	 -4.78}
}
{volume "cupola"
	{cylinder 8.40032 16.873}
	{bone "body"}
	{Position 17.5377 	 -15.2581 	 16.4002}
}
{volume "engine2"
	{polyhedron "engine2.vol"}
	{bone "engine"}
	{Position 2.1977 	 0.0211 	 5.9252}
}
{volume "engine3"
	{polyhedron "engine3.vol"}
	{bone "engine"}
	{Position -0.2973 	 0.0211 	 -5.7029}
}
{volume "engine"
	{polyhedron "engine.vol"}
	{bone "engine"}
	{Position 7.1237 	 0.0211 	 11.5673}
}
{volume "gun"
	{cylinder 1.69654 82.6237}
	{bone "mantlet"}
	{matrix34
		-0.0021 	 -1 	 0
		0.061 	 -0.0002 	 0.9981
		-0.9981 	 0.0021 	 0.061
		47.1746 	 -0.1497 	 -3.691
	}
}
{volume "mantlet2"
	{polyhedron "mantlet2.vol"}
	{bone "body"}
	{matrix34
		-1 	 0 	 0
		0 	 0 	 1
		0 	 1 	 0
		40.6736 	 -4.1569 	 12.3799
	}
}
{volume "mantlet"
	{polyhedron "mantlet.vol"}
	{bone "mantlet"}
	{matrix34
		0 	 0.9239 	 0.3827
		0 	 -0.3827 	 0.9239
		1 	 0 	 0
		5.7038 	 0.0358 	 0.1363
	}
}
{volume "part1"
	{polyhedron "part1.vol"}
	{bone "part1"}
	{matrix34
		0.7192 	 0.0096 	 0.6948
		-0.6942 	 -0.0336 	 0.719
		0.0303 	 -0.9994 	 -0.0175
		-4.2029 	 6.0484 	 -3.8748
	}
}
{volume "part2"
	{polyhedron "part2.vol"}
	{bone "part2"}
	{Position 0 	 0 	 -3.5676}
}
{volume "part3"
	{polyhedron "part3.vol"}
	{bone "part3"}
	{matrix34
		-0.0024 	 -0.9994 	 -0.0348
		0.0087 	 -0.0349 	 0.9994
		-1 	 0.0021 	 0.0087
		10.0316 	 0.0722 	 0.5992
	}
}
{volume "part4"
	{box 7.05029 11.9997 1.75823}
	{bone "part4"}
	{matrix34
		-0.9171 	 0.0067 	 0.3987
		0.0003 	 -0.9998 	 0.0174
		0.3987 	 0.0161 	 0.9169
		-0.1035 	 0.0754 	 0.5417
	}
}
{volume "part5"
	{polyhedron "part5.vol"}
	{bone "part5"}
	{matrix34
		1 	 0 	 0
		0 	 0.9914 	 -0.1305
		0 	 0.1305 	 0.9914
		6.5507 	 -0.3006 	 -4.816
	}
}
{volume "part6"
	{polyhedron "part6.vol"}
	{bone "part6"}
	{Position 0 	 0 	 -3.2945}
}
{volume "part7"
	{polyhedron "part7.vol"}
	{bone "part7"}
	{matrix34
		0.9986 	 -0.0006 	 -0.0523
		0.0523 	 -0.0088 	 0.9986
		-0.0011 	 -1 	 -0.0087
		0.3812 	 -0.0645 	 0.4188
	}
}
{volume "part8"
	{box 1.24645 10.2753 24.8212}
	{bone "part8"}
	{matrix34
		0.6563 	 0.0072 	 -0.7545
		0.7545 	 0.0015 	 0.6563
		0.0059 	 -1 	 -0.0045
		-0.0368 	 -0.0121 	 0.0805
	}
}
