;Exported by: Richtofen
;Date:        Thu Apr 20 16:43:20 2017
;File:        C:\Users\Richtofen\Desktop\m18_rok\plugin.max
{Skeleton
	{animation
		{sequence "start"}
		{sequence "stop"}
		{sequence "fire"}
		{sequence "openl" {resume}}
		{sequence "openr" {resume}}
		{sequence "hit"}
	}
	{bone "basis"
		{parameters "Wheelradius=0.348;"}
		{Orientation
			1	0	0
			0	-1	0
			0	0	1
		}
		{bone "body"
			{parameters "ID=body;"}
			{animation
				{sequence "repair" {file "body_r.anm"}}
			}
			{Position 1.01861	0.026341	12.936}
			{VolumeView "body.ply"}
			{bone revolute "turret"
				{parameters "ID=turret;"}
				{animation
					{sequence "repair" {file "turret_r.anm"}}
				}
				{speed 0.01}
				{Position 0.586163	-0.0264418	15.1898}
				{VolumeView "turret.ply"}
				{bone revolute "gun_rot"
					{parameters "ID=gun;"}
					{limits -15 15}
					{speed 0.01}
					{Matrix34
						1	0	0
						0	0	-1
						0	1	0
						14.328	-1.67371	7.04642
					}
					{VolumeView "gun_rot.ply"}
					{bone "gun"
						{parameters "ID=gun;"}
						{Matrix34
							1	0	0
							0	0	1
							0	-1	0
							6.30571	-0.434292	0.504187
						}
						{VolumeView "gun.ply"}
						{bone "gun_brake"
							{Matrix34
								1.1	0	0
								0	1.28	0
								0	0	1.28
								57.69429	-0.065708	0.054187
							}
							{VolumeView "gun_brake.ply"}
						}
					}
					{bone "foresight1"
						{Matrix34
							1	0	0
							0	-1	0
							0	0	-1
							61.5717	-0.0159621	0.171494
						}
					}
					{bone "fx_invers"
						{Matrix34
							0	-1	0
							1	0	0
							0	0	1
							-20	0	0
						}
					}
				}
				{bone "enumerator"
					{Matrix34
						0.962207	-0.246771	-0.115156
						-0.0508807	-0.578344	0.814205
						-0.267522	-0.777574	-0.569043
						-3.32439	-20.9463	-0.398813
					}
					{VolumeView "enumerator.ply"}
				}
				{bone "visor1"
					{Position 19.4117	2.93595	11.0527}
				}
				{bone revolute "turret_mgun"
					{parameters "ID=turret;"}
					{Position -11.3155	9.84944	14.5025}
					{VolumeView "turret_mgun.ply"}
					{bone revolute "mgun_rot"
						{parameters "ID=turret;"}
						{Matrix34
							1	0	0
							0	0	-1
							0	1	0
							9.47507	-0.326866	3.99902
						}
						{VolumeView "mgun.ply"}
						{bone "mgun"
							{parameters "ID=turret;"}
							{Position 0	-2.59612	0}
						}
					}
					{bone "gunner2"
						{Matrix34
							0.999338	0	-0.0363878
							0	1	0
							0.0363878	0	0.999338
							-4.10523	-0.479268	-21.7983
						}
					}
				}
				{bone "anten1"
					{parameters "ID=turret;"}
					{Position -19.9293	-1.28223	16.9314}
					{VolumeView "anten1.ply"}
				}
				{bone "gunner"
					{Matrix34
						0.999338	0	-0.0363878
						0	1	0
						0.0363878	0	0.999338
						2.33373	7.77507	-11.48123
					}
				}
				{bone "charger"
					{Matrix34
						0.999338	0	-0.0363878
						0	1	0
						0.0363878	0	0.999338
						-10.9037	-7.86443	-11.48123
					}
				}
			}
			{bone "engine"
				{parameters "ID=engine;"}
				{animation
					{sequence "repair" {file "engine_r.anm"}}
				}
				{Position -50.873	-0.0254669	17.2247}
				{VolumeView "engine.ply"}
			}
			{bone revolute "wheell1"
				{parameters "ID=trackleft;"}
				{Matrix34
					1	0	0
					0	0	-1
					0	1	0
					40.4373	24.3791	0.869767
				}
				{VolumeView "wheell1.ply"}
			}
			{bone revolute "wheell7"
				{parameters "ID=trackleft;"}
				{Matrix34
					1	0	0
					0	0	-1
					0	1	0
					-43.7707	24.3595	0.733062
				}
				{VolumeView "wheell7.ply"}
			}
			{bone revolute "wheelr1"
				{parameters "ID=trackright;"}
				{Matrix34
					-1	0	0
					0	0	1
					0	1	0
					40.4373	-24.4137	0.869766
				}
				{VolumeView "wheelr1.ply"}
			}
			{bone revolute "wheelr7"
				{parameters "ID=trackright;"}
				{Matrix34
					-1	0	0
					0	0	1
					0	1	0
					-43.7707	-24.4115	0.733076
				}
				{VolumeView "wheelr7.ply"}
			}
			{bone "fxsmoke2"
				{Matrix34
					-0.0970072	0.730901	0.675554
					-0.982833	-0.177373	0.0507735
					0.156935	-0.659031	0.73556
					-45.8987	-19.9692	16.8201
				}
			}
			{bone "fxsmoke1"
				{Matrix34
					-0.0970072	0.730901	0.675554
					-0.982833	-0.177373	0.0507735
					0.156935	-0.659031	0.73556
					-45.8987	19.7322	16.8201
				}
			}
			{bone "seat02"
				{Matrix34
					0	0.984808	0.173648
					-1	0	0
					0	-0.173648	0.984808
					-48.416	25.3925	12.8529
				}
			}
			{bone "seat03"
				{Matrix34
					0	-0.984808	0.173648
					1	0	0
					0	0.173648	0.984808
					-48.02	-25.0197	12.8529
				}
			}
			{bone "seat01"
				{Matrix34
					0.254786	0.952307	0.167917
					-0.966998	0.250915	0.0442433
					0	-0.173648	0.984808
					-31.7373	25.3925	12.5142
				}
			}
			{bone "seat04"
				{Matrix34
					0.293223	-0.94152	0.166015
					0.956044	0.288768	-0.0509176
					0	0.173648	0.984808
					-31.7373	-25.0197	12.5142
				}
			}
			{bone "fxfire2"
				{Matrix34
					0	0	1
					0	-1	0
					1	0	0
					0.15222	0.0589752	9.37861
				}
			}
			{bone "visor2"
				{Position 30.5515	11.3667	15.8804}
			}
			{bone "fxfire1"
				{Matrix34
					0	0	1
					0	-1	0
					1	0	0
					-41.0268	0.0589747	12.8499
				}
			}
			{bone "door_front"
				{parameters "ID=body;"}
				{Position 25.6907	17.6986	15.7897}
				{VolumeView "door_front.ply"}
			}
			{bone "door_front2"
				{parameters "ID=body;"}
				{Position 25.907	-9.4614	15.7853}
				{VolumeView "door_front2.ply"}
			}
			{bone "door_front3"
				{parameters "ID=body;"}
				{Position 25.5371	9.4129	15.7919}
				{VolumeView "door_front3.ply"}
			}
			{bone "door_front4"
				{parameters "ID=body;"}
				{Position 25.5371	-17.7522	15.7854}
				{VolumeView "door_front4.ply"}
			}
		}
		{bone "emit2"
			{Matrix34
				0	1	0
				-1	0	0
				0	0	1
				24.116	-43.1643	0
			}
			{visibility 0}
		}
		{bone "emit3"
			{Matrix34
				0	-1	0
				1	0	0
				0	0	1
				-30.2321	43.9413	0
			}
			{visibility 0}
		}
		{bone "emit4"
			{Matrix34
				0	-1	0
				1	0	0
				0	0	1
				-47.1249	43.9413	0
			}
			{visibility 0}
		}
		{bone "emit6"
			{Matrix34
				0	1	0
				-1	0	0
				0	0	1
				-30.3147	-43.1642	0
			}
			{visibility 0}
		}
		{bone "emit5"
			{Matrix34
				0	1	0
				-1	0	0
				0	0	1
				-46.8763	-43.1642	0
			}
			{visibility 0}
		}
		{bone "emit1"
			{Matrix34
				0	-1	0
				1	0	0
				0	0	1
				21.0783	43.9413	0
			}
			{visibility 0}
		}
		{bone "wheelsr"
			{parameters "ID=trackright;"}
			{Position 2.41745	-19.9157	9.77065}
			{VolumeView "wheelsr.ply"}
			{bone "trackr"
				{parameters "ID=trackright;"}		
				{Position -3.47371	-4.54141	0.736874}
				{VolumeView "trackr.ply"}
			}
			{bone prizmatic "suspension_r2"
				{limits -0.07 0.05}
				{speed2 0.5}
				{Matrix34
					1   0   0
					0   1   0
					0   0   1
					25.8684	-4.41848	-1.24866
				}
			{bone revolute "wheelr2"
				{parameters "ID=trackright;"}
				{Matrix34
					-1	0	0
					0	0	1
					0	1	0
					0   0   -0.2
				}
				{VolumeView "wheelr2.ply"}
			}
			}
			{bone prizmatic "suspension_r3"
				{limits -0.07 0.05}
				{speed2 0.5}
				{Matrix34
					1   0   0
					0   1   0
					0   0   1
					11.6287	-4.41848	-1.24866
				}
			{bone revolute "wheelr3"
				{parameters "ID=trackright;"}
				{Matrix34
					-1	0	0
					0	0	1
					0	1	0
					0   0   -0.2
				}
				{VolumeView "wheelr3.ply"}
			}
			}
			{bone prizmatic "suspension_r4"
				{limits -0.07 0.05}
				{speed2 0.5}
				{Matrix34
					1   0   0
					0   1   0
					0   0   1
					-2.62701	-4.41848	-1.24866
				}
			{bone revolute "wheelr4"
				{parameters "ID=trackright;"}
				{Matrix34
					-1	0	0
					0	0	1
					0	1	0
					0   0   -0.2
				}
				{VolumeView "wheelr4.ply"}
			}
			}
			{bone prizmatic "suspension_r5"
				{limits -0.07 0.05}
				{speed2 0.5}
				{Matrix34
					1   0   0
					0   1   0
					0   0   1
					-16.8747	-4.41848	-1.24866
				}
			{bone revolute "wheelr5"
				{parameters "ID=trackright;"}
				{Matrix34
					-1	0	0
					0	0	1
					0	1	0
					0   0   -0.2
				}
				{VolumeView "wheelr5.ply"}
			}
			}
			{bone prizmatic "suspension_r6"
				{limits -0.07 0.05}
				{speed2 0.5}
				{Matrix34
					1   0   0
					0   1   0
					0   0   1
					-31.1285	-4.41848	-1.24866
				}
			{bone revolute "wheelr6"
				{parameters "ID=trackright;"}
				{Matrix34
					-1	0	0
					0	0	1
					0	1	0
					0   0   -0.2
				}
				{VolumeView "wheelr6.ply"}
			}
			}
			{bone "fxtracer2"
				{Matrix34
					-0.965926	0	0.258819
					0	-1	0
					0.258819	0	0.965926
					-31.5878	-4.49493	-9.50644
				}
			}
			{bone "fxtracer1"
				{Matrix34
					-1	0	0
					0	-1	0
					0	0	1
					26.3327	-4.36779	-9.25665
				}
			}
		}
		{bone "wheelsl"
			{parameters "ID=trackleft;"}
			{Position 2.41745	19.966	9.77066}
			{VolumeView "wheelsl.ply"}
			{bone "trackl"
				{parameters "ID=trackleft;"}	
				{Position -3.47371	4.36575	0.736874}
				{VolumeView "trackl.ply"}
			}
			{bone prizmatic "suspension_l2"
				{limits -0.07 0.05}
				{speed2 0.5}
				{Matrix34
					1   0   0
					0   1   0
					0   0   1
					25.8684	4.36797	-1.24868
				}
			{bone revolute "wheell2"
				{parameters "ID=trackleft;"}
				{Matrix34
					1	0	0
					0	0	-1
					0	1	0
					0   0   -0.2
				}
				{VolumeView "wheell2.ply"}
			}
			}
			{bone prizmatic "suspension_l3"
				{limits -0.07 0.05}
				{speed2 0.5}
				{Matrix34
					1   0   0
					0   1   0
					0   0   1
					11.6287	4.36797	-1.24868
				}
			{bone revolute "wheell3"
				{parameters "ID=trackleft;"}
				{Matrix34
					1	0	0
					0	0	-1
					0	1	0
					0   0   -0.2
				}
				{VolumeView "wheell3.ply"}
			}
			}
			{bone prizmatic "suspension_l4"
				{limits -0.07 0.05}
				{speed2 0.5}
				{Matrix34
					1   0   0
					0   1   0
					0   0   1
					-2.62701	4.36797	-1.24868
				}
			{bone revolute "wheell4"
				{parameters "ID=trackleft;"}
				{Matrix34
					1	0	0
					0	0	-1
					0	1	0
					0   0   -0.2
				}
				{VolumeView "wheell4.ply"}
			}
			}
			{bone prizmatic "suspension_l5"
				{limits -0.07 0.05}
				{speed2 0.5}
				{Matrix34
					1   0   0
					0   1   0
					0   0   1
					-16.8747	4.36797	-1.24868
				}
			{bone revolute "wheell5"
				{parameters "ID=trackleft;"}
				{Matrix34
					1	0	0
					0	0	-1
					0	1	0
					0   0   -0.2
				}
				{VolumeView "wheell5.ply"}
			}
			}
			{bone prizmatic "suspension_l6"
				{limits -0.07 0.05}
				{speed2 0.5}
				{Matrix34
					1   0   0
					0   1   0
					0   0   1
					-31.1285	4.36797	-1.24868
				}
			{bone revolute "wheell6"
				{parameters "ID=trackleft;"}
				{Matrix34
					1	0	0
					0	0	-1
					0	1	0
					0   0   -0.2
				}
				{VolumeView "wheell6.ply"}
			}
			}
			{bone "fxtracel2"
				{Matrix34
					-0.965926	0	0.258819
					0	-1	0
					0.258819	0	0.965926
					-31.5878	4.4154	-9.52444
				}
			}
			{bone "fxtracel1"
				{Matrix34
					-1	0	0
					0	-1	0
					0	0	1
					26.3327	4.4154	-9.27465
				}
			}
		}
	}
}
{Volume "ammo1"
	{Box 30 8 8}
	{Bone "body"}
	{Position -4.13791	14.4856	7.70278}
}
{Volume "ammo2"
	{Box 30 8 8}
	{Bone "body"}
	{Position -4.1379	-14.5704	7.7374}
}
{Volume "body1"
	{Polyhedron "body1.vol"}
	{Bone "body"}
	{Matrix34
		0	1	0
		0	0	1
		1	0	0
		-1.60431	-0.0848581	6.59328
	}
}
{Volume "body2"
	{Polyhedron "body2.vol"}
	{Bone "body"}
	{Matrix34
		0	1	0
		0	0	1
		1	0	0
		0.681335	-0.0848627	-1.45276
	}
}
{Volume "crew"
	{Box 11.6162 21.6746 29.8726}
	{Bone "body"}
	{Position 5.24953	-0.0931702	12.3272}
}
{Volume "engine"
	{Box 18.2138 30.4884 13.8583}
	{Bone "body"}
	{Position -32.495	-0.196617	6.42839}
}
{Volume "gun"
	{Cylinder 1.77165 64.9606}
	{Bone "gun_rot"}
	{Matrix34
		0	0	1
		0	-1	0
		1	0	0
		30.3877	-0.488027	0.441552
	}
}
{Volume "inventory"
	{Box 14.6266 28.3106 15.6401}
	{Bone "body"}
	{Position 14.3772	-0.0931702	5.91954}
}
{Volume "shieldl1"
	{Polyhedron "shieldl1.vol"}
	{Bone "body"}
	{Matrix34
		0	1	0
		0	0	1
		1	0	0
		44.287	0.0855441	3.16785
	}
}
{Volume "trackleft"
	{Polyhedron "trackleft.vol"}
	{Bone "wheelsl"}
	{Position -2.93078	4.3917	1.0703}
}
{Volume "trackright"
	{Polyhedron "trackright.vol"}
	{Bone "wheelsr"}
	{Position -2.93088	-4.44201	1.07035}
}
{Volume "turret"
	{Polyhedron "turret.vol"}
	{Bone "turret"}
	{Position -7.27856	5.88372e-05	7.53352}
}
