;Exported by: aeste
;Date:        Sun Nov 24 07:30:50 2024
;File:        E:\Cold War\ModelWIP\Random Props\Parachute\Vehicle Parachute alt anim.max
{Skeleton
	{animation
		{sequence "flight_vehicle" {speed 0.05}}
		{sequence "landing_vehicle" {speed 0.1}}
	}
	{bone "basis"
		{Orientation
			1	0	0
			0	-1	0
			0	0	1
		}
		{bone "parachute1"
			{parameters "CommonMesh;"}
			{Matrix34
				0.866026	0	0.5
				0	1	0
				-0.5	0	0.866026
				0	0	0
			}
			{VolumeView "parachute1.ply"}
		}
		{bone "parachute2"
			{parameters "CommonMesh;"}
			{Matrix34
				-0.433013	-0.75	0.5
				0.866025	-0.5	0
				0.25	0.433013	0.866025
				0	0	0
			}
			{VolumeView "parachute2.ply"}
		}
		{bone "parachute3"
			{parameters "CommonMesh;"}
			{Matrix34
				-0.433013	0.75	0.5
				-0.866025	-0.5	0
				0.25	-0.433013	0.866026
				0	0	0
			}
			{VolumeView "parachute3.ply"}
		}
		{bone "bone3a"
			{Matrix34
				0.274757	-0.475894	0.835484
				0.417742	-0.723551	-0.549514
				0.866026	0.5	0
				-0.0529434	0	0.528281
			}
			{bone "bone3b"
				{Matrix34
					0.997618	-0.0689869	0
					0.0689869	0.997618	0
					0	0	1
					72.683	-1.50204e-05	0
				}
				{bone "bone3c"
					{Matrix34
						0.998074	-0.06204	0
						0.0620401	0.998074	0
						0	0	1
						63.1393	-3.43323e-05	0
					}
				}
			}
		}
		{bone "bone2a"
			{Matrix34
				0.274757	0.475894	0.835484
				0.417742	0.72355	-0.549514
				-0.866025	0.5	0
				-0.0529434	0	0.528281
			}
			{bone "bone2b"
				{Matrix34
					0.997618	-0.0689868	0
					0.068987	0.997618	0
					0	0	1
					72.683	-1.39475e-05	0
				}
				{bone "bone2c"
					{Matrix34
						0.998074	-0.0620399	0
						0.0620401	0.998074	0
						0	0	1
						63.1393	-2.86102e-05	0
					}
				}
			}
		}
		{bone "bone1a"
			{Matrix34
				-0.549514	0	0.835484
				-0.835484	0	-0.549514
				0	-1	0
				-0.0529434	0	0.528281
			}
			{bone "bone1b"
				{Matrix34
					0.997618	-0.0689869	0
					0.0689869	0.997618	0
					0	0	1
					72.683	-1.35452e-05	0
				}
				{bone "bone1c"
					{Matrix34
						0.998074	-0.06204	0
						0.06204	0.998074	0
						0	0	1
						63.1393	-1.14441e-05	0
					}
				}
			}
		}
	}
}
