;Exported by: Mauzer
;Date:        Thu Sep 09 16:30:51 2010
;File:        E:\Autodesk\Low poly\freelance\DMS\Super-pershing\M26 Pershing_xx.max
{Skeleton
	{bone "basis"
		{Orientation
			1	0	0
			0	-1	0
			0	0	1
		}
		{bone "body"
			{parameters "ID=body;"}
			{Matrix34
				0.998135	0.00159807	-0.0610277
				0	0.999657	0.026177
				0.0610486	-0.0261282	0.997793
				-4.56369	-0.100945	16.9955
			}
			{VolumeView "body.ply"}
			{bone revolute "turret"
				{parameters "ID=turret;"}
				{speed 0.01}
				{Matrix34
					0.929515	-0.363693	-0.0610646
					0.366215	0.929809	0.0366328
					0.0434553	-0.0564135	0.997461
					-0.457765	-0.0459465	20.883
				}
				{VolumeView "turret.ply"}
				{bone revolute "gun_rot"
					{parameters "ID=gun;"}
					{limits -10 15}
					{speed 0.01}
					{Matrix34
						0.994966	0.009863	-0.099731
						0.10019	-0.074678	0.992162
						0.00233782	-0.997159	-0.0752903
						20.0742	-0.553005	0.956928
					}
					{VolumeView "gun_rot.ply"}
					{bone "gun"
						{parameters "ID=gun;"}
						{Matrix34
							1	0	0
							0	0	-1
							0	1	0
							-3.08082	-0.00283813	-0.778001
						}
						{VolumeView "gun.ply"}
					}
				}
				{bone "part4"
					{Matrix34
						0.852641	-0.522498	0
						-0.461338	-0.752836	0.469473
						-0.245298	-0.400292	-0.882947
						-11.4625	-15.4028	14.5455
					}
					{VolumeView "part4.ply"}
				}
				{bone "cover2"
					{Matrix34
						0.87462	-0.484809	0
						0.484809	0.87462	0
						0	0	1
						-4.49621	6.10731	11.7617
					}
					{VolumeView "cover2.ply"}
				}
			}
			{bone "engine"
				{parameters "ID=engine;"}
				{Position -39.4983	-0.00301798	12.2622}
			}
			{bone revolute "part1"
				{parameters "ID=trackleft;Radius=0.34;"}
				{Matrix34
					0.999925	-0.0121724	0.00122356
					-0.00122324	-0.198995	-0.98
					0.0121724	0.979925	-0.198995
					45.6775	28.8894	-0.0925426
				}
				{VolumeView "part1.ply"}
			}
			{bone revolute "wheell12"
				{parameters "ID=trackleft;Radius=0.34;"}
				{Matrix34
					1	0	0
					0	0	-1
					0	1	0
					10.2856	28.768	2.81558
				}
				{VolumeView "wheell12.ply"}
			}
			{bone revolute "part2"
				{parameters "ID=trackleft;Radius=0.34;"}
				{Matrix34
					0.997038	-0.0725907	-0.0254108
					-0.0246057	0.0119641	-0.999626
					0.0728675	0.99729	0.0101425
					-19.443	28.768	2.81558
				}
				{VolumeView "wheell12.ply"}
			}
			{bone revolute "wheell9"
				{parameters "ID=trackleft;Radius=0.34;"}
				{Matrix34
					1	0	0
					0	0	-1
					0	1	0
					-34.4053	28.768	2.81558
				}
				{VolumeView "wheell12.ply"}
			}
			{bone revolute "wheell8"
				{parameters "ID=trackleft;Radius=0.34;"}
				{Matrix34
					0.998343	0.0365062	-0.0444709
					-0.0422492	-0.0595271	-0.997332
					-0.0390561	0.997559	-0.0578862
					-59.8851	28.2458	-1.50793
				}
				{VolumeView "wheell8.ply"}
			}
			{bone revolute "wheelr1"
				{parameters "ID=trackRight;Radius=0.34;"}
				{Matrix34
					0.998001	-0.00689011	-0.0628239
					-0.0621431	0.0740942	-0.995313
					-0.0115127	-0.997227	-0.0735179
					45.6775	-28.8894	-0.0925198
				}
				{VolumeView "wheelr1.ply"}
			}
			{bone revolute "wheelr13"
				{parameters "ID=trackRight;Radius=0.34;"}
				{Matrix34
					1	0	0
					0	0	-1
					0	-1	0
					24.7324	-28.7723	2.81557
				}
				{VolumeView "wheelr13.ply"}
			}
			{bone revolute "wheelr10"
				{parameters "ID=trackRight;Radius=0.34;"}
				{Matrix34
					0.998081	-0.0110627	0.0609201
					0.0618188	0.122828	-0.990501
					-0.00347494	-0.992366	-0.123276
					-19.443	-28.7723	2.81557
				}
				{VolumeView "wheelr13.ply"}
			}
			{bone revolute "wheelr9"
				{parameters "ID=trackRight;Radius=0.34;"}
				{Matrix34
					1	0	0
					0	0	-1
					0	-1	0
					-34.4053	-28.7723	2.81557
				}
				{VolumeView "wheelr13.ply"}
			}
			{bone revolute "part3"
				{parameters "ID=trackRight;Radius=0.34;"}
				{Matrix34
					0.996209	-0.0869697	0.00204975
					0.00251323	0.00522003	-0.999983
					-0.0869576	-0.996197	-0.00541882
					-59.8851	-28.2291	-1.50793
				}
				{VolumeView "part3.ply"}
			}
			{bone revolute "mgun_rot2"
				{limits -15 15}
				{Matrix34
					1	0	0
					0	0	1
					0	-1	0
					45.7839	-14.4132	5.7016
				}
				{bone revolute "object24"
					{limits -15 15}
					{Matrix34
						1	0	0
						0	0	-1
						0	1	0
						4.55877	0.0090332	-0.00869274
					}
					{VolumeView "object24.ply"}
				}
			}
		}
		{bone "wheelsr"
			{parameters "wheelsR;"}
			{Position -12.8568	-0.103975	21.1445}
			{VolumeView "wheelsr.ply"}
			{bone revolute "part6"
				{parameters "ID=trackRight;Radius=0.34;"}
				{Matrix34
					0.996768	-0.0234237	-0.0768485
					-0.0744859	0.088978	-0.993245
					-0.0301033	-0.995758	-0.0869457
					12.2284	-28.8864	-13.1377
				}
				{VolumeView "wheelr1.ply"}
			}
			{bone revolute "wheelr6"
				{parameters "ID=trackRight;Radius=0.34;"}
				{Matrix34
					0.994522	0.104528	0
					0	0	-1
					0.104528	-0.994522	0
					-16.8448	-28.8864	-13.1377
				}
				{VolumeView "wheelr1.ply"}
			}
			{bone revolute "wheelr7"
				{parameters "ID=trackRight;Radius=0.34;"}
				{Matrix34
					1	0	0
					0	0	-1
					0	-1	0
					-31.1511	-28.8864	-13.1377
				}
				{VolumeView "wheelr1.ply"}
			}
			{bone "wheelr14"
				{parameters "ID=trackRight;Radius=0.34;"}
				{Matrix34
					-1	0	0
					0	0	-1
					0	-1	0
					-42.4019	-28.5441	-11.5878
				}
				{VolumeView "wheell13.ply"}
			}
		}
		{bone "wheelsl"
			{parameters "wheelsL;"}
			{Position -12.8568	-0.103975	21.1445}
			{VolumeView "wheelsl.ply"}
			{bone revolute "wheell2"
				{parameters "ID=trackleft;Radius=0.34;"}
				{Matrix34
					1	0	0
					0	0	-1
					0	1	0
					43.05	28.8925	-13.1378
				}
				{VolumeView "part1.ply"}
			}
			{bone revolute "wheell3"
				{parameters "ID=trackleft;Radius=0.34;"}
				{Matrix34
					1	0	0
					0	-0.199367	-0.979925
					0	0.979925	-0.199367
					27.2226	28.8925	-13.1378
				}
				{VolumeView "part1.ply"}
			}
			{bone revolute "wheell5"
				{parameters "ID=trackleft;Radius=0.34;"}
				{Matrix34
					0.984808	0.173647	0
					0	0	-1
					-0.173647	0.984808	0
					-2.811	28.8925	-13.1378
				}
				{VolumeView "part1.ply"}
			}
		}
	}
}
{Volume "body1"
	{Polyhedron "body1.vol"}
	{Bone "body"}
	{Position 12.3496	0.00242424	2.78346}
}
{Volume "body2"
	{Polyhedron "body2.vol"}
	{Bone "body"}
	{Position 12.3496	0.0024243	-3.82725}
}
{Volume "body3"
	{Polyhedron "body3.vol"}
	{Bone "body"}
	{Position -44.4586	0.0024243	-5.6378}
}
{Volume "engine"
	{Polyhedron "engine.vol"}
	{Bone "engine"}
	{Position -6.0022	0.00544226	-6.67018}
}
{Volume "gun"
	{Cylinder 2.17353 71.9024}
	{Bone "gun_rot"}
	{Matrix34
		0	0	-1
		0	1	0
		1	0	0
		42.3113	-0.0111476	-0.778041
	}
}
{Volume "mantlet"
	{Polyhedron "mantlet.vol"}
	{Bone "gun_rot"}
	{Matrix34
		-1	0	0
		0	1	0
		0	0	-1
		0.331651	0.0518761	13.7216
	}
}
{Volume "part1"
	{Cylinder 7.14892 8.13328}
	{Bone "part1"}
	{Position -2.25246e-005	1.89235e-005	-3.05176e-005}
}
{Volume "part2"
	{Cylinder 3.75976 5.1046}
	{Bone "part2"}
	{Position -0.00585956	0.00097827	-0.12958}
}
{Volume "part3"
	{Cylinder 7.01567 10.3521}
	{Bone "part3"}
	{Matrix34
		-1	0	0
		0	-1	0
		0	0	-1
		-1.14164e-005	0	-4.81606e-005
	}
}
{Volume "part4"
	{Cylinder 5.81675 1.24177}
	{Bone "part4"}
	{Position -0.136772	6.84678	0.00503159}
}
{Volume "trackleft"
	{Polyhedron "trackleft.vol"}
	{Bone "wheelsl"}
	{Matrix34
		-1	0	0
		0	0	1
		0	1	0
		-2.46054	21.7484	-8.04374
	}
}
{Volume "trackright"
	{Polyhedron "trackright.vol"}
	{Bone "wheelsr"}
	{Matrix34
		-1	0	0
		0	0	1
		0	1	0
		-2.46054	-34.7638	-8.04375
	}
}
{Volume "turret1"
	{Polyhedron "turret1.vol"}
	{Bone "turret"}
	{Matrix34
		1	0	0
		0	1	0
		0	0	1
		0.0724516	0.0110092	-8.20461
	}
}
{Volume "turret2"
	{Box 9.54623 24.78 10.8171}
	{Bone "turret"}
	{Matrix34
		1	0	0
		0	1	0
		0	0	1
		18.7479	-0.483879	0.898002
	}
}
