;Exported by: Alexey
;Date:        Mon Jan 21 09:01:14 2013
;File:        H:\VTV_models\Models_For_WiW\apc\BRDM\BRDM_v11.max
{Skeleton
	{animation
		{sequence "open" {speed 0.5}}
		{sequence "open_amph" {speed 0.3}}
		{sequence "add_wheels" {speed 0.3}}
		{sequence "hit" {speed 0.7}}
		{sequence "start" {speed 0.3}}
		{sequence "stop" {speed 0.3}}
	}
	{bone "basis"
		{parameters "Wheelradius=0.6;SteerMax=35;"}
		{Orientation
			1	0	0
			0	-1	0
			0	0	1
		}
		{bone "pivot_front"
			{Position 24.6346	0	3.99451}
			{bone revolute "steer_r"
				{parameters "ID=body;"}
				{Matrix34
					1	0	0
					0	-1	0
					0	0	-1
					-0.0614223	-14.2566	6.02718
				}
				{VolumeView "steer_r.ply"}
				{bone revolute "wheelr1"
					{parameters "ID=wheelright1;"}
					{Matrix34
						1	0	0
						0	0	1
						0	-1	0
						-0.218138	2.99266	-0.00824547
					}
					{VolumeView "wheelr1.ply"}
				}
				{bone "fxtracer1"
					{Matrix34
						-1	0	0
						0	-1	0
						0	0	1
						-0.319654	-2.47572	10.0217
					}
				}
			}
			{bone revolute "steer_l"
				{parameters "ID=body;"}
				{Matrix34
					1	0	0
					0	-1	0
					0	0	-1
					-0.0614185	14.332	6.02718
				}
				{VolumeView "steer_l.ply"}
				{bone revolute "wheell1"
					{parameters "ID=wheelleft1;"}
					{Matrix34
						1	0	0
						0	0	1
						0	-1	0
						-0.218138	-2.92271	-0.00824928
					}
					{VolumeView "wheell1.ply"}
				}
				{bone "fxtracel1"
					{Matrix34
						-1	0	0
						0	-1	0
						0	0	1
						-0.319649	2.39718	10.0217
					}
				}
			}
		}
		{bone "pivot_back"
			{Position -30.5104	0	4.66152}
			{bone "spring_l"
				{Position 0	9.99251	2.96275}
				{bone revolute "wheell2"
					{parameters "ID=wheelleft2;"}
					{Matrix34
						1	0	0
						0	0	-1
						0	1	0
						-0.0753994	7.26221	2.40567
					}
					{VolumeView "wheell2.ply"}
				}
				{bone "fxtracel2"
					{Matrix34
						-1	0	0
						0	-1	0
						0	0	1
						0.219328	6.73668	-7.62427
					}
				}
			}
			{bone "spring_r"
				{Position 0	-10	2.96275}
				{bone revolute "wheelr2"
					{parameters "ID=wheelright2;"}
					{Matrix34
						1	0	0
						0	0	-1
						0	1	0
						-0.0753937	-7.24923	2.40567
					}
					{VolumeView "wheelr2.ply"}
				}
				{bone "fxtracer2"
					{Matrix34
						-1	0	0
						0	-1	0
						0	0	1
						0.219334	-6.73228	-7.62427
					}
				}
			}
		}
		{bone "body"
			{parameters "ID=body;"}
			{Position -4.38949	0.00120258	14.9749}
			{VolumeView "body.ply"}
			{bone "chain_privod"
				{parameters "ID=body;"}
				{Position -3.54267	-2.23736	-6.07283}
				{VolumeView "chain_privod.ply"}
			}
			{bone "crnst_1"
				{parameters "ID=body;"}
				{Position 2.74832	0.000405401	-4.79861}
				{VolumeView "crnst_1.ply"}
				{bone revolute "wheelr3"
					{parameters "Wheelradius=0.3;ID=wheelright3;"}
					{Matrix34
						1	0	0
						0	0	-1
						0	1	0
						6.11292	-16.3884	2.62773
					}
					{VolumeView "wheelr3.ply"}
				}
				{bone revolute "wheell3"
					{parameters "Wheelradius=0.3;ID=wheelleft3;"}
					{Matrix34
						1	0	0
						0	0	-1
						0	1	0
						6.11292	16.39	2.62773
					}
					{VolumeView "wheell3.ply"}
				}
			}
			{bone "crnst_2"
				{parameters "ID=body;"}
				{Position -0.547646	0.000403913	-4.79861}
				{VolumeView "crnst_2.ply"}
				{bone revolute "wheelr4"
					{parameters "Wheelradius=0.3;ID=wheelright4;"}
					{Matrix34
						1	0	0
						0	0	-1
						0	1	0
						-6.09666	-16.3884	2.62773
					}
					{VolumeView "wheelr4.ply"}
				}
				{bone revolute "wheell4"
					{parameters "Wheelradius=0.3;ID=wheelleft4;"}
					{Matrix34
						1	0	0
						0	0	-1
						0	1	0
						-6.09666	16.39	2.62773
					}
					{VolumeView "wheell4.ply"}
				}
			}
			{bone "richag2"
				{parameters "ID=body;"}
				{Position 57.9077	-0.00390761	8.69072}
				{VolumeView "richag2.ply"}
			}
			{bone "richag1"
				{parameters "ID=body;"}
				{Position 56.3657	-0.00390763	7.58665}
				{VolumeView "richag1.ply"}
				{bone "volnootboy"
					{parameters "ID=body;"}
					{Position -5.03297	0.0770245	-7.08522}
					{VolumeView "volnootboy.ply"}
				}
			}
			{bone "zaslonka1"
				{parameters "ID=body;"}
				{Position -49.9026	1.12076	6.57595}
				{VolumeView "zaslonka1.ply"}
			}
			{bone "headlightl"
				{Position 7.82267	15.219	20.369}
			}
			{bone "fxlight"
				{Position 8.11815	15.219	20.369}
			}
			{bone "fx_water_ex1"
				{Matrix34
					-1	0	0
					0	-1	0
					0	0	1
					-49.639	-0.00120258	0.740664
				}
			}
			{bone "fxsmoke1"
				{Matrix34
					-0.663414	-0.711348	-0.232091
					0.383022	-0.589303	0.711348
					-0.642788	0.383022	0.663414
					30.8767	-13.894	6.97299
				}
			}
			{bone "fxsmoke2"
				{Matrix34
					-0.663414	-0.711348	-0.232091
					0.383022	-0.589303	0.711348
					-0.642788	0.383022	0.663414
					28.9253	-13.894	6.97299
				}
			}
			{bone "cover2"
				{parameters "ID=body;"}
				{Matrix34
					1	0	0
					0	0.99589	0.0905657
					0	-0.0905657	0.99589
					-12.1286	-7.07667	19.7687
				}
				{VolumeView "cover2.ply"}
			}
			{bone "cover1"
				{parameters "ID=body;"}
				{Matrix34
					1	0	0
					0	0.997884	-0.0650189
					0	0.0650189	0.997884
					-12.1286	7.07667	19.7687
				}
				{VolumeView "cover1.ply"}
			}
			{bone "interrior"
				{Position -17.8071	-0.00120188	13.2568}
				{VolumeView "interrior.ply"}
			}
			{bone "detail4"
				{parameters "ID=body;"}
				{Matrix34
					-0.149275	0	-0.988796
					0	1	0
					0.988796	0	-0.149275
					-39.8069	0.0254203	12.9696
				}
				{VolumeView "detail4.ply"}
			}
			{bone "detail6"
				{parameters "ID=body;"}
				{Matrix34
					0	1	0
					0	0	1
					1	0	0
					-46.1619	0.692156	13.7754
				}
				{VolumeView "detail6.ply"}
			}
			{bone revolute "detail3"
				{parameters "ID=body;"}
				{Matrix34
					0	-1	0
					-0.866026	0	-0.5
					0.5	0	-0.866026
					-35.1575	-0.312016	19.4125
				}
				{VolumeView "detail3.ply"}
			}
			{bone revolute "turret_mgun"
				{parameters "ID=poly;"}
				{Position 10.5165	-0.0413434	22.3482}
				{VolumeView "turret_mgun.ply"}
				{bone revolute "mgun_rot"
					{Matrix34
						1	0	0
						0	0	-1
						0	1	0
						-0.0103283	0.0401385	1.51519
					}
					{bone "mgun"
						{Matrix34
							1	0	0
							0	-1	0
							0	0	-1
							-8.9767	0.191566	-0.0642315
						}
						{bone "visor2"
							{Matrix34
								1	0	0
								0	-1	0
								0	0	-1
								-1.03045	-2.41911	0.111614
							}
						}
						{bone "foresight3"
							{Matrix34
								1	0	0
								0	0	1
								0	-1	0
								19.9412	-0.0292892	0.111614
							}
						}
						{bone "fxshell1"
							{Matrix34
								1	0	0
								0	0.766045	-0.642787
								0	0.642787	0.766045
								0.203257	-0.483219	0.843351
							}
						}
					}
				}
				{bone "gunner2"
					{Position -16.43431	-0.00120238	-20.57993}
				}
			}
			{bone "commander"
				{Matrix34
					0.984808	0	0.173648
					0	1	0
					-0.173648	0	0.984808
					1.2175	-6.73117	-6.44324
				}
			}
			{bone "driver"
				{Matrix34
					0.984808	0	0.173648
					0	1	0
					-0.173648	0	0.984808
					1.2175	6.73108	-6.44324
				}
			}
			{bone "back_hath1"
				{parameters "ID=body;"}
				{Position -19.0994	-0.000199318	16.1353}
				{VolumeView "back_hath1.ply"}
			}
			{bone "scissor1"
				{Position -11.6355	-0.0715923	12.5005}
				{VolumeView "scissor1.ply"
					{Layer waterscissor}
				}
			}
			{bone "engine"
				{parameters "ID=engine;"}
				{Position 34.1482	-0.00120354	12.6371}
				{VolumeView "engine.ply"}
			}
		}
		{bone "emit1"
			{parameters "Group=crew;"}
			{Matrix34
				0	-1	0
				1	0	0
				0	0	1
				-6.73066	28.9556	0
			}
		}
		{bone "emit2"
			{parameters "Group=crew;"}
			{Matrix34
				0	1	0
				-1	0	0
				0	0	1
				-6.73066	-28.9567	0
			}
		}
	}
}
{Volume "body1"
	{Polyhedron "body1.vol"}
	{Bone "body"}
	{Matrix34
		1	0	0
		0	0	1
		0	-1	0
		2.33669	-0.00120392	15.6845
	}
}
{Volume "body2"
	{Polyhedron "body2.vol"}
	{Bone "body"}
	{Matrix34
		-1	0	0
		0	0	1
		0	1	0
		-21.85	-0.00120392	15.6845
	}
}
{Volume "body"
	{Polyhedron "body.vol"}
	{Bone "body"}
	{Position 5.56677	-0.0012034	3.80809}
}
{Volume "crew"
	{Box 14.2989 21.0332 24.631}
	{Bone "body"}
	{Matrix34
		1	0	0
		0	0	1
		0	-1	0
		-1.22691	-0.660082	7.51845
	}
}
{Volume "engine"
	{Box 21.9177 18.0038 9.13237}
	{Bone "engine"}
	{Matrix34
		0.997646	0	-0.0685689
		0	1	0
		0.0685689	0	0.997646
		-0.451214	-0.303763	-4.87874
	}
}
{Volume "wheelleft1"
	{Cylinder 10.758 6.13553}
	{Bone "wheell1"}
	{Matrix34
		1	0	0
		0	-1	0
		0	0	-1
		-0.0151043	-0.00761318	-0.484681
	}
}
{Volume "wheelleft2"
	{Cylinder 10.758 6.13553}
	{Bone "wheell2"}
	{Matrix34
		1	0	0
		0	-1	0
		0	0	-1
		0.0704308	-0.00761604	-0.484677
	}
}
{Volume "wheelright1"
	{Cylinder 10.758 6.13553}
	{Bone "wheelr1"}
	{Matrix34
		1	0	0
		0	-1	0
		0	0	-1
		-0.0151043	-0.00761509	0.722245
	}
}
{Volume "wheelright2"
	{Cylinder 10.758 6.13553}
	{Bone "wheelr2"}
	{Matrix34
		1	0	0
		0	-1	0
		0	0	-1
		0.0704231	-0.00761604	0.722247
	}
}
