;Exported by: misan
;Date:        Wed Aug  3 08:25:23 2022
;File:        D:\Cold War\ModelWIP\West Germany\Leopard 1\Leopard XX.max
{Skeleton
	{bone "base"
		{Orientation
			1	0	0
			0	-1	0
			0	0	1
		}
		{bone "body"
			{parameters "id=body;"}
			{Position 5.27049	0.0144474	-0.111823}
			{VolumeView "body.ply"}
			{bone revolute "turret"
				{parameters "id=turret;"}
				{Matrix34
					0.906306	-0.422623	0
					0.422623	0.906306	0
					0	0	1
					8.44477	0	30.5348
				}
				{VolumeView "turret.ply"}
				{bone "cover2"
					{parameters "id=turret;"}
					{Matrix34
						-0.303468	-0.952842	0
						0.952842	-0.303468	0
						0	0	1
						-13.472	-7.16797	18.1651
					}
					{VolumeView "cover2.ply"}
				}
				{bone "cover1_hinge"
					{parameters "id=turret;"}
					{Matrix34
						-0.0277337	-0.109104	0.993643
						-0.903984	-0.421543	-0.0715176
						0.426667	-0.900221	-0.0869376
						-13.9349	7.1952	17.7482
					}
					{VolumeView "cover1_hinge.ply"}
					{bone "cover1"
						{parameters "id=turret;"}
						{Matrix34
							0.571259	0.488147	0.65983
							0.448	0.488151	-0.749002
							-0.68772	0.723478	0.0601707
							2.20529	-0.583787	0.555313
						}
						{VolumeView "cover1.ply"}
					}
				}
				{bone revolute "gun_rot"
					{parameters "id=mantlet;"}
					{Matrix34
						0.996195	0	-0.0871557
						-0.0871557	0	-0.996195
						0	1	0
						24.2868	-0.0602851	5.62347
					}
					{VolumeView "gun_rot.ply"}
					{bone "gun"
						{parameters "id=gun;"}
						{Matrix34
							1	0	0
							0	0	1
							0	-1	0
							41.8389	-0.148743	0.0401282
						}
						{VolumeView "gun.ply"}
						{bone "foresight1"
							{Matrix34
								1	0	0
								0	1	0
								0	0	1
								33.7042	0.00473976	-0.153091
							}
						}
					}
				}
				{bone "mgun_rail"
					{parameters "id=turret;"}
					{Matrix34
						0.182047	-0.98329	0
						0.98329	0.182047	0
						0	0	1
						-8.29881	8.56331	16.5272
					}
					{VolumeView "mgun_rail.ply"}
					{bone revolute "mgun_turret"
						{parameters "id=turret;"}
						{Matrix34
							0.182042	0.983291	0
							-0.983291	0.182042	0
							0	0	1
							-0.666946	5.30798	2.34747
						}
						{VolumeView "mgun_turret.ply"}
						{bone "mgun_hrot"
							{parameters "id=turret;"}
							{Position 4.72437	-0.014183	3.88668}
							{VolumeView "mgun_hrot.ply"}
							{bone revolute "mgun_vrot"
								{parameters "id=turret;"}
								{Matrix34
									1	0	0
									0	0	1
									0	-1	0
									-0.226499	6.58035e-05	0.810905
								}
								{VolumeView "mgun_vrot.ply"}
								{bone "mgun_helper"
									{Position -3.24914	-0.243034	0.0351992}
								}
							}
						}
						{bone "gunner2"
							{Position -4.32165	-1.7399	-17.4948}
						}
					}
				}
				{bone "mantlet_cover"
					{parameters "id=turret;"}
					{Position -10.0186	0	-30.8127}
					{VolumeView "mantlet_cover.ply"}
				}
				{bone revolute "commander_rot"
					{parameters "id=turret;"}
					{Position -0.569234	-11.3306	16.9003}
					{VolumeView "commander_rot.ply"}
				}
				{bone "fxfire3_1"
					{Matrix34
						1	0	0
						0	1	0
						0	0	1
						-8.19515	-8.49543	14.5798
					}
				}
				{bone "fxfire3"
					{Matrix34
						1	0	0
						0	1	0
						0	0	1
						-8.30848	8.5828	14.5798
					}
				}
			}
			{bone revolute "wheell1"
				{parameters "id=trackleft;Radius=0.46;"}
				{Matrix34
					-1	0	0
					0	0	1
					0	1	0
					54.6276	25.4029	14.8502
				}
				{VolumeView "wheell1.ply"}
			}
			{bone revolute "wheell9"
				{parameters "id=trackleft;Radius=0.46;"}
				{Matrix34
					-1	0	0
					0	0	1
					0	1	0
					-52.9258	24.9397	14.7557
				}
				{VolumeView "wheell9.ply"}
			}
			{bone "engine"
				{parameters "id=engine;"}
				{Position -46.5849	-0.000831604	33.8921}
				{VolumeView "engine.ply"}
				{bone "fxfire1"
					{Position -0.772125	0.467138	-1.02294}
				}
			}
			{bone revolute "wheell12"
				{parameters "id=trackleft;Radius=0.2;"}
				{Matrix34
					-0.98962	0.0317675	0.140151
					0.143528	0.267077	0.952927
					-0.00715906	0.963151	-0.268864
					-19.9204	27.7062	18.4257
				}
				{VolumeView "wheell12.ply"}
			}
			{bone revolute "wheelr1"
				{parameters "id=trackright;Radius=0.46;"}
				{Matrix34
					-1	0	0
					0	0	1
					0	1	0
					54.6276	-24.7795	14.8502
				}
				{VolumeView "wheelr1.ply"}
			}
			{bone revolute "wheelr9"
				{parameters "id=trackright;Radius=0.46;"}
				{Matrix34
					-0.998273	0.0263132	-0.0525184
					-0.0510122	0.0549675	0.997184
					0.0291259	0.998141	-0.0535303
					-52.9258	-25.1246	14.7557
				}
				{VolumeView "wheelr9.ply"}
			}
			{bone "visor2"
				{Position 45.0258	-10.7612	28.7646}
			}
			{bone "fxsmoke1"
				{Matrix34
					0	-0.984808	0.173648
					1	0	0
					0	0.173648	0.984808
					-49.5556	-28.1724	30.7034
				}
			}
			{bone "fxsmoke2"
				{Matrix34
					-0.00259787	0.985266	0.17101
					-0.999542	0.00259815	-0.0301535
					-0.0301536	-0.17101	0.984808
					-49.5556	27.0617	30.7034
				}
			}
			{bone "fxfire4"
				{Position 8.94686	0.138345	20.2057}
			}
			{bone "trackl"
				{parameters "id=trackleft;"}
				{Position 1.84163	24.8824	11.1689}
				{VolumeView "trackl.ply"}
			}
			{bone "trackr"
				{parameters "id=trackright;"}
				{Position 1.84163	-25.0749	11.1689}
				{VolumeView "trackr.ply"}
			}
			{bone revolute "wheell2"
				{parameters "id=trackleft;Radius=0.46;"}
				{Matrix34
					-0.967465	0.210632	0.140165
					0.167225	0.116614	0.978998
					0.189863	0.970585	-0.148043
					41.2657	25.0399	7.98109
				}
				{VolumeView "wheell2.ply"}
			}
			{bone revolute "wheell3"
				{parameters "id=trackleft;Radius=0.46;"}
				{Matrix34
					-0.968882	-0.189938	-0.158718
					-0.122603	-0.188779	0.974336
					-0.215026	0.963476	0.159618
					27.5054	25.0399	7.98109
				}
				{VolumeView "wheell3.ply"}
			}
			{bone revolute "wheell4"
				{parameters "id=trackleft;Radius=0.46;"}
				{Matrix34
					-0.990333	0.138658	-0.0038019
					-0.0237464	-0.142471	0.989514
					0.136663	0.980039	0.144386
					13.7436	25.0399	7.98109
				}
				{VolumeView "wheell4.ply"}
			}
			{bone revolute "wheell5"
				{parameters "id=trackleft;Radius=0.46;"}
				{Matrix34
					-0.98547	0.155685	-0.0679016
					-0.111214	-0.2893	0.950756
					0.128375	0.944493	0.30241
					0.0483627	25.0399	7.98109
				}
				{VolumeView "wheell5.ply"}
			}
			{bone revolute "wheell6"
				{parameters "id=trackleft;Radius=0.46;"}
				{Matrix34
					-0.978947	-0.0973442	0.179405
					0.123471	0.417482	0.900258
					-0.162533	0.903456	-0.396674
					-13.7098	25.0399	7.98109
				}
				{VolumeView "wheell6.ply"}
			}
			{bone revolute "wheell7"
				{parameters "id=trackleft;Radius=0.46;"}
				{Matrix34
					-0.987757	0.13047	-0.0855214
					-0.120849	-0.293287	0.948356
					0.0986499	0.94708	0.305463
					-27.4677	25.0399	7.98109
				}
				{VolumeView "wheell7.ply"}
			}
			{bone revolute "wheell8"
				{parameters "id=trackleft;Radius=0.46;"}
				{Matrix34
					-0.989089	-0.137383	0.0531944
					0.025042	0.199036	0.979672
					-0.145178	0.970315	-0.193424
					-41.0462	25.0399	7.99113
				}
				{VolumeView "wheell8.ply"}
			}
			{bone revolute "wheelr2"
				{parameters "id=trackright;Radius=0.46;"}
				{Matrix34
					-0.965474	-0.198213	0.169031
					0.194044	-0.114297	0.974312
					-0.173801	0.973472	0.148813
					41.2657	-25.1424	7.98109
				}
				{VolumeView "wheelr2.ply"}
			}
			{bone revolute "wheelr3"
				{parameters "id=trackright;Radius=0.46;"}
				{Matrix34
					-0.972462	-0.137508	-0.188176
					-0.225067	0.344394	0.911448
					-0.0605244	0.9287	-0.365859
					27.507	-25.1424	7.98109
				}
				{VolumeView "wheelr3.ply"}
			}
			{bone revolute "wheelr4"
				{parameters "id=trackright;Radius=0.46;"}
				{Matrix34
					-0.980869	-0.103047	0.165157
					0.181553	-0.178115	0.967116
					-0.0702413	0.978599	0.193416
					13.7473	-25.1424	7.98109
				}
				{VolumeView "wheelr4.ply"}
			}
			{bone revolute "wheelr5"
				{parameters "id=trackright;Radius=0.46;"}
				{Matrix34
					-0.937699	-0.321707	0.131241
					0.117964	0.0605133	0.991172
					-0.326809	0.944904	-0.0187933
					0.0379047	-25.1424	7.98109
				}
				{VolumeView "wheelr5.ply"}
			}
			{bone revolute "wheelr6"
				{parameters "id=trackright;Radius=0.46;"}
				{Matrix34
					-0.958086	0.232101	-0.167932
					-0.151659	0.0863935	0.98465
					0.243047	0.968847	-0.0475722
					-13.7275	-25.1424	7.98109
				}
				{VolumeView "wheelr6.ply"}
			}
			{bone revolute "wheelr7"
				{parameters "id=trackright;Radius=0.46;"}
				{Matrix34
					-0.992089	-0.0841646	-0.093144
					-0.107481	0.186103	0.976634
					-0.0648636	0.978919	-0.193677
					-27.4344	-25.1424	7.98109
				}
				{VolumeView "wheelr7.ply"}
			}
			{bone revolute "wheelr8"
				{parameters "id=trackright;Radius=0.46;"}
				{Matrix34
					-0.967156	0.25293	-0.0252278
					-0.0534951	-0.105513	0.992978
					0.248492	0.961714	0.115578
					-41.0265	-25.1424	7.98109
				}
				{VolumeView "wheelr8.ply"}
			}
		}
		{bone "emit2"
			{Matrix34
				0	-1	0
				1	0	0
				0	0	1
				2.21278	53.1084	0
			}
		}
		{bone "emit1"
			{Matrix34
				0	1	0
				-1	0	0
				0	0	1
				2.21278	-48.5838	0
			}
		}
	}
}
{Volume "ammo1"
	{Box 21.6414 15.2946 17.9998}
	{Bone "body"}
	{Matrix34
		0	-1	0
		0	0	1
		-1	0	0
		39.1069	7.33521	18.246
	}
}
{Volume "ammo2"
	{Box 12.5895 9.26001 17.2715}
	{Bone "body"}
	{Matrix34
		0	-1	0
		0	0	1
		-1	0	0
		5.08995	-0.0496709	16.3209
	}
}
{Volume "body1"
	{Polyhedron "body1.vol"}
	{Bone "body"}
	{Matrix34
		0	-1	0
		0	0	1
		-1	0	0
		35.9349	-0.0144474	29.8421
	}
}
{Volume "body2"
	{Polyhedron "body2.vol"}
	{Bone "body"}
	{Matrix34
		0	-1	0
		0	0	1
		-1	0	0
		50.4064	-0.0144474	16.9978
	}
}
{Volume "engine"
	{Box 26.9055 30.152 18.1547}
	{Bone "engine"}
	{Position 11.4589	0.304925	-14.1438}
}
{Volume "fuel1"
	{Box 6.55484 16.5 21.5373}
	{Bone "body"}
	{Matrix34
		0	-1	0
		0	0	1
		-1	0	0
		-21.3391	15.453	20.5943
	}
}
{Volume "fuel2"
	{Box 6.55484 16.5 21.5373}
	{Bone "body"}
	{Matrix34
		0	-1	0
		0	0	1
		-1	0	0
		-21.3391	-15.2724	20.5943
	}
}
{Volume "gun"
	{Cylinder 2.3046 97.7206}
	{Bone "gun"}
	{Matrix34
		0	-1	0
		0	0	1
		-1	0	0
		-15.1096	0.0380237	-0.231106
	}
}
{Volume "mantlet"
	{Polyhedron "mantlet.vol"}
	{Bone "gun_rot"}
	{Matrix34
		0	0	-1
		-0.000401348	-1	0
		-1	0.00040134	0
		1.64956	-0.981163	0.357358
	}
}
{Volume "transmission"
	{Cylinder 7.10569 35.5467}
	{Bone "body"}
	{Matrix34
		1	0	0
		0	0	1
		0	-1	0
		-52.4095	-0.0144474	17.3315
	}
}
{Volume "turret"
	{Polyhedron "turret.vol"}
	{Bone "turret"}
	{Matrix34
		1	0	0
		0	1	0
		0	0	1
		-1.11639	-0.0144563	0.296158
	}
}
