;Exported by: misan
;Date:        Tue Jan  9 09:23:43 2024
;File:        D:\Cold War\ModelWIP\USSR\ZSU-23-4 Shilka\Shilka XX.max
{Skeleton
	{bone "basis"
		{Orientation
			1	0	0
			0	-1	0
			0	0	1
		}
		{bone "body"
			{parameters "id=body;"}
			{Position 1.4234	-0.0203245	-1.57012}
			{VolumeView "body.ply"}
			{bone "cover_driver2"
				{parameters "id=body;"}
				{Matrix34
					0.961262	0	0.275637
					0	1	0
					-0.275637	0	0.961262
					48.7049	10.5119	29.2666
				}
				{VolumeView "cover_driver2.ply"}
				{bone "cover_driver1"
					{parameters "id=body;"}
					{Matrix34
						0.969932	-0.2189	0.106369
						0.241841	0.915879	-0.320434
						-0.0272783	0.336524	0.94128
						1.86617	-1.56335	0
					}
					{VolumeView "cover_driver1.ply"}
				}
			}
			{bone revolute "wheell1"
				{parameters "id=trackleft;Radius=0.25;"}
				{Matrix34
					0.938579	-0.342699	-0.0403395
					-0.134935	-0.256913	-0.956968
					0.317589	0.903633	-0.287375
					55.9324	25.3791	11.5987
				}
				{VolumeView "wheell1.ply"}
			}
			{bone revolute "wheell8"
				{parameters "id=trackleft;Radius=0.3;"}
				{Matrix34
					0.99016	0.135885	0.033431
					0.0251159	0.0624529	-0.997732
					-0.137665	0.988754	0.0584255
					-46.1126	25.1687	11.1413
				}
				{VolumeView "wheell8.ply"}
			}
			{bone revolute "wheelr1"
				{parameters "id=trackright;Radius=0.25;"}
				{Matrix34
					1	0	0
					0	0	-1
					0	1	0
					55.9324	-25.2022	11.5987
				}
				{VolumeView "wheelr1.ply"}
			}
			{bone revolute "wheelr8"
				{parameters "id=trackright;Radius=0.3;"}
				{Matrix34
					1	0	0
					0	0	-1
					0	1	0
					-46.1126	-24.9918	11.1413
				}
				{VolumeView "wheelr8.ply"}
			}
			{bone revolute "turret"
				{parameters "id=turret;"}
				{Matrix34
					0.857167	-0.515038	0
					0.515038	0.857167	0
					0	0	1
					7.52629	0	30.6358
				}
				{VolumeView "turret.ply"}
				{bone revolute "commander_turret"
					{parameters "id=turret;"}
					{Matrix34
						0.707107	0.707107	0
						-0.707107	0.707107	0
						0	0	1
						-16.2147	13.5469	16.9486
					}
					{VolumeView "commander_turret.ply"}
					{bone "cover_commander"
						{parameters "id=turret;"}
						{Matrix34
							-0.809017	0	0.587785
							0	1	0
							-0.587785	0	-0.809017
							-6.77729	0	1.26027
						}
						{VolumeView "cover_commander.ply"}
					}
					{bone "fxfire3"
						{Position -1.42523	0.0645065	-1.00012}
					}
				}
				{bone "ammo_cover_l"
					{parameters "id=turret;"}
					{Matrix34
						1	0	0
						0	0.994522	0.104528
						0	-0.104528	0.994522
						11.7172	6.83276	13.1828
					}
					{VolumeView "ammo_cover_l.ply"}
				}
				{bone "ammo_cover_r"
					{parameters "id=turret;"}
					{Position 11.7172	-6.84551	13.1828}
					{VolumeView "ammo_cover_r.ply"}
				}
				{bone "gun_cover_c"
					{parameters "id=turret;"}
					{Matrix34
						0.438371	0	0.898794
						0	1	0
						-0.898794	0	0.438371
						9.88299	0	13.1476
					}
					{VolumeView "gun_cover_c.ply"}
				}
				{bone "radar_turret"
					{parameters "id=radar;"}
					{Position -30.9611	0	15.5213}
					{VolumeView "radar_turret.ply"}
					{bone "radar_arms"
						{parameters "id=radar;"}
						{Matrix34
							0.0174521	0	0.999848
							0	1	0
							-0.999848	0	0.0174521
							1.3628	-0.437896	-0.551628
						}
						{VolumeView "radar_arms.ply"}
					}
				}
				{bone revolute "gun_rot"
					{parameters "id=gun;"}
					{limits -2 80}
					{Matrix34
						0.999848	0	-0.0174524
						0.0174524	0	0.999848
						0	-1	0
						14.1455	0	6.40342
					}
					{VolumeView "gun_rot.ply"}
					{bone "gun1"
						{parameters "id=gun;"}
						{Matrix34
							1	0	0
							0	0	-1
							0	1	0
							6.9832	4.53323	-2.53232
						}
						{VolumeView "gun1.ply"}
						{bone "shooter00"
							{Position 31.3703	0.00175953	0.00672913}
						}
					}
					{bone "gun2"
						{parameters "id=gun;"}
						{Matrix34
							1	0	0
							0	0	-1
							0	1	0
							6.9832	4.53324	2.53231
						}
						{VolumeView "gun2.ply"}
						{bone "shooter01"
							{Position 31.3703	-0.0155115	0.00672913}
						}
					}
					{bone "gun3"
						{parameters "id=gun;"}
						{Matrix34
							1	0	0
							0	0	-1
							0	1	0
							12.6341	-1.50294	-3.69863
						}
						{VolumeView "gun3.ply"}
						{bone "shooter02"
							{Position 31.1465	0.0189161	-0.0344925}
						}
					}
					{bone "gun4"
						{parameters "id=gun;"}
						{Matrix34
							1	0	0
							0	0	-1
							0	1	0
							12.6341	-1.50294	3.69863
						}
						{VolumeView "gun4.ply"}
						{bone "shooter03"
							{Position 31.1465	-0.0188818	-0.0344925}
						}
					}
					{bone "foresight"
						{Matrix34
							1	0	0
							0	0	-1
							0	1	0
							42.6872	2.28826	-0.0203228
						}
					}
				}
				{bone "turret_details_preproduction"
					{parameters "id=turret;"}
					{Position -4.65383	-0.157574	7.99953}
					{VolumeView "turret_details_preproduction.ply"}
				}
				{bone "turret_pipe"
					{parameters "id=turret;"}
					{Position -4.65383	-0.157574	7.99953}
					{VolumeView "turret_pipe.ply"}
				}
				{bone "cover_gunner"
					{parameters "id=turret;"}
					{Matrix34
						0.997564	0.0697565	0
						-0.0697565	0.997564	0
						0	0	1
						-20.2953	-3.00954	15.1639
					}
					{VolumeView "cover_gunner.ply"}
				}
			}
			{bone "side_doors_1965"
				{parameters "id=body;"}
				{VolumeView "side_doors_1965.ply"}
			}
			{bone "engine"
				{parameters "id=engine;"}
				{VolumeView "engine.ply"}
			}
			{bone "fxfire1"
				{Position -42.7992	5.66723	30.5857}
			}
			{bone "fxfire4"
				{Position 6.61626	0.02546	30.5857}
			}
			{bone "fxsmoke1"
				{Matrix34
					0	-0.927184	-0.374607
					1	0	0
					0	-0.374607	0.927184
					-17.6318	-30.0455	30.1961
				}
			}
			{bone "fxsmoke2"
				{Matrix34
					0	-0.927184	-0.374607
					1	0	0
					0	-0.374607	0.927184
					-22.6239	-30.0455	30.1961
				}
			}
		}
		{bone "wheelsr"
			{Position 9.51991	-22.2888	9.20251}
			{VolumeView "wheelsr.ply"}
			{bone "trackr"
				{parameters "id=trackright;"}
				{Position -2.44875	-2.77027	-1.19423}
				{VolumeView "trackr.ply"}
			}
			{bone revolute "wheelr2"
				{parameters "id=trackright;Radius=0.3;"}
				{Matrix34
					0.718351	0.148284	-0.679694
					-0.695457	0.1779	-0.696198
					0.0176827	0.972812	0.23092
					33.6505	-3.10878	-2.17878
				}
				{VolumeView "wheelr2.ply"}
			}
			{bone revolute "wheelr3"
				{parameters "id=trackright;Radius=0.3;"}
				{Matrix34
					0.999842	0.0146863	0.0100725
					0.0130273	-0.217531	-0.975967
					-0.0121423	0.975943	-0.217688
					16.4556	-3.10878	-2.17877
				}
				{VolumeView "wheelr3.ply"}
			}
			{bone revolute "wheelr4"
				{parameters "id=trackright;Radius=0.3;"}
				{Matrix34
					0.954236	0.281568	-0.100766
					-0.152277	0.167482	-0.974044
					-0.257383	0.944812	0.202694
					2.37329	-3.10878	-2.17877
				}
				{VolumeView "wheelr4.ply"}
			}
			{bone revolute "wheelr5"
				{parameters "id=trackright;Radius=0.3;"}
				{Matrix34
					0.960193	-0.239336	-0.144042
					-0.185283	-0.159788	-0.969607
					0.209046	0.957698	-0.197772
					-11.709	-3.10878	-2.17877
				}
				{VolumeView "wheelr5.ply"}
			}
			{bone revolute "wheelr6"
				{parameters "id=trackright;Radius=0.3;"}
				{Matrix34
					0.975133	0.216885	0.0455656
					0.0239872	0.101105	-0.994587
					-0.220318	0.970947	0.0933882
					-25.7914	-3.10878	-2.17877
				}
				{VolumeView "wheelr6.ply"}
			}
			{bone revolute "wheelr7"
				{parameters "id=trackright;Radius=0.3;"}
				{Matrix34
					0.892048	-0.437375	0.113817
					0.0679556	-0.11917	-0.990546
					0.446803	0.891348	-0.0765831
					-39.8737	-3.10878	-2.17877
				}
				{VolumeView "wheelr7.ply"}
			}
		}
		{bone "wheelsl"
			{Position 9.51991	22.2482	9.20252}
			{VolumeView "wheelsl.ply"}
			{bone "trackl"
				{parameters "id=trackleft;"}
				{Position -2.45146	2.94694	-1.20633}
				{VolumeView "trackl.ply"}
			}
			{bone revolute "wheell2"
				{parameters "id=trackleft;Radius=0.3;"}
				{Matrix34
					0.971004	0.223085	0.0859363
					0.0310452	0.238758	-0.970583
					-0.23704	0.945107	0.224909
					33.6505	3.10877	-2.17878
				}
				{VolumeView "wheell2.ply"}
			}
			{bone revolute "wheell3"
				{parameters "id=trackleft;Radius=0.3;"}
				{Matrix34
					0.966265	-0.240573	-0.0919548
					-0.0719734	0.0905831	-0.993285
					0.247287	0.966395	0.0702126
					16.4556	3.10877	-2.17878
				}
				{VolumeView "wheell3.ply"}
			}
			{bone revolute "wheell4"
				{parameters "id=trackleft;Radius=0.3;"}
				{Matrix34
					0.96979	-0.202314	-0.136293
					-0.0489678	0.385889	-0.921245
					0.238975	0.900088	0.364324
					2.37329	3.10877	-2.17878
				}
				{VolumeView "wheell4.ply"}
			}
			{bone revolute "wheell5"
				{parameters "id=trackleft;Radius=0.3;"}
				{Matrix34
					0.952923	0.297039	0.0608802
					-0.0536427	0.362768	-0.930334
					-0.298431	0.883271	0.361624
					-11.709	3.10877	-2.17878
				}
				{VolumeView "wheell5.ply"}
			}
			{bone revolute "wheell6"
				{parameters "id=trackleft;Radius=0.3;"}
				{Matrix34
					0.924625	-0.368061	-0.09798
					-0.123739	-0.0469876	-0.991202
					0.360219	0.928614	-0.0889894
					-25.7914	3.10877	-2.17878
				}
				{VolumeView "wheell6.ply"}
			}
			{bone revolute "wheell7"
				{parameters "id=trackleft;Radius=0.3;"}
				{Matrix34
					0.993627	0.107343	0.0344008
					0.0614172	-0.259654	-0.963747
					-0.0945193	0.959717	-0.264592
					-39.8737	3.10877	-2.17878
				}
				{VolumeView "wheell7.ply"}
			}
		}
		{bone "emit0"
			{Matrix34
				-1	0	0
				0	-1	0
				0	0	1
				74.7265	10.1792	0
			}
		}
		{bone "emit1"
			{Matrix34
				0	-1	0
				1	0	0
				0	0	1
				10.235	46.3536	0
			}
		}
		{bone "emit2"
			{Matrix34
				0	1	0
				-1	0	0
				0	0	1
				10.235	-47.0859	0
			}
		}
	}
}
{Volume "ammo1"
	{Box 19.8537 12.6603 9.49526}
	{Bone "turret"}
	{Position 2.3892	14.8536	6.61217}
}
{Volume "ammo2"
	{Box 19.8537 12.6603 9.49526}
	{Bone "turret"}
	{Position 2.3892	-14.8153	6.61217}
}
{Volume "body1"
	{Polyhedron "body1.vol"}
	{Bone "body"}
	{Position 1.21354	-0.0107142	24.8669}
}
{Volume "body2"
	{Polyhedron "body2.vol"}
	{Bone "body"}
	{Position 3.22132	0.0134914	13.9298}
}
{Volume "body3"
	{Polyhedron "body3.vol"}
	{Bone "body"}
	{Position 49.3797	10.5156	23.5288}
}
{Volume "engine"
	{Box 26.8903 27.1478 17.7159}
	{Bone "body"}
	{Position -27.306	4.7663	20.348}
}
{Volume "fuel"
	{Box 11.0778 18.8467 13.0919}
	{Bone "body"}
	{Position -20.8003	9.89017	22.1786}
}
{Volume "radar3"
	{Box 8.702 3.70298 10.2975}
	{Bone "radar_turret"}
	{Matrix34
		0	-1	0
		0	0	1
		-1	0	0
		-0.190751	-0.0795598	-0.00566162
	}
}
{Volume "radar4"
	{Box 16.6491 3.15009 2.44132}
	{Bone "radar_arms"}
	{Matrix34
		0	-0.292372	-0.956305
		1	0	0
		0	-0.956305	0.292372
		0.298786	8.33002	7.61035
	}
}
{Volume "radar5"
	{Box 16.6491 3.15009 2.44132}
	{Bone "radar_arms"}
	{Matrix34
		0	0.292372	-0.956305
		1	0	0
		0	-0.956305	-0.292372
		0.298786	-7.46989	7.61035
	}
}
{Volume "shield1"
	{Box 10.8499 5.44173 9.03333}
	{Bone "turret"}
	{Matrix34
		0.866026	-0.5	0
		0.5	0.866026	0
		0	0	1
		19.4867	21.6863	6.16672
	}
}
{Volume "shield2"
	{Box 10.8499 5.44173 9.03333}
	{Bone "turret"}
	{Matrix34
		-0.866025	-0.5	0
		0.5	-0.866025	0
		0	0	1
		19.4867	-21.6135	6.16672
	}
}
{Volume "trackleft"
	{Polyhedron "trackleft.vol"}
	{Bone "wheelsl"}
	{Position -3.43652	2.96453	-0.501905}
}
{Volume "trackright"
	{Polyhedron "trackright.vol"}
	{Bone "wheelsr"}
	{Position -3.43652	-2.74104	-0.501898}
}
{Volume "transmission"
	{Cylinder 4.46377 34.1452}
	{Bone "body"}
	{Matrix34
		1	0	0
		0	0	1
		0	-1	0
		-44.0549	0.0203245	12.9516
	}
}
{Volume "turret2"
	{Cylinder 8.81269 3.9494}
	{Bone "commander_turret"}
	{Position -0.0774531	0.106756	-1.16709}
}
{Volume "turret"
	{Polyhedron "turret.vol"}
	{Bone "turret"}
	{Position -4.07228	0.129105	7.41362}
}
