;Exported by: Richtofen
;Date:        Thu Apr 20 17:09:42 2017
;File:        C:\Users\Richtofen\Desktop\m18_rok\plugin_xx.max
{Skeleton
	{bone "basis"
		{Orientation
			1	0	0
			0	-1	0
			0	0	1
		}
		{bone "body"
			{parameters "CommonMesh;ID=body;"}
			{Matrix34
				0.999923	-0.0111829	-0.00537995
				0.0111298	0.99989	-0.00979632
				0.00548891	0.00973569	0.999938
				1.01861	0.026341	9.65286
			}
			{VolumeView "body.ply"}
			{bone revolute "turret"
				{parameters "ID=turret;"}
				{Matrix34
					0.992316	0.0167365	0.122591
					-0.043497	0.974752	0.219011
					-0.115831	-0.222661	0.967991
					0.586163	-0.0264418	15.1898
				}
				{VolumeView "turret.ply"}
				{bone revolute "gun_rot"
					{parameters "ID=gun;"}
					{Matrix34
						0.965008	0	-0.262222
						-0.262222	0	-0.965008
						0	1	0
						14.328	-1.67371	7.04642
					}
					{VolumeView "gun_rot.ply"}
					{bone "gun"
						{parameters "ID=gun;"}
						{Matrix34
							1	0	0
							0	0	1
							0	-1	0
							6.30571	-0.434296	0.504187
						}
						{VolumeView "gun.ply"}
						{bone "gun_brake"
							{Matrix34
								1.1	0	0
								0	1.28	0
								0	0	1.28
								57.69429	-0.065708	0.054187
							}
							{VolumeView "gun_brake.ply"}
						}
					}
				}
				{bone revolute "turret_mgun"
					{parameters "ID=turret;"}
					{Position -11.3155	9.84944	14.5026}
					{VolumeView "turret_mgun.ply"}
					{bone revolute "mgun"
						{parameters "ID=turret;"}
						{Matrix34
							1	0	0
							0	0	-1
							0	1	0
							9.47507	-0.326868	3.99903
						}
						{VolumeView "mgun.ply"}
						{bone "mgun_barrel"
							{parameters "ID=turret;"}
							{Position 0	-2.59612	0}
						}
					}
				}
				{bone "anten1"
					{parameters "ID=turret;"}
					{Position -19.9293	-1.28223	16.9314}
					{VolumeView "anten1.ply"}
				}
			}
			{bone "engine"
				{parameters "ID=engine;"}
				{Position -50.873	-0.0254669	17.2247}
				{VolumeView "engine.ply"}
			}
			{bone revolute "wheell1"
				{parameters "ID=trackleft;"}
				{Matrix34
					1	0	0
					0	0	-1
					0	1	0
					41.0373	24.3791	0.869766
				}
				{VolumeView "wheell1.ply"}
			}
			{bone revolute "wheell7"
				{parameters "ID=trackleft;"}
				{Matrix34
					1	0	0
					0	0	-1
					0	1	0
					-43.7707	24.3595	0.733061
				}
				{VolumeView "wheell7.ply"}
			}
			{bone revolute "wheelr1"
				{parameters "ID=trackright;"}
				{Matrix34
					-1	0	0
					0	0	1
					0	1	0
					41.0373	-24.4137	0.869765
				}
				{VolumeView "wheelr1.ply"}
			}
			{bone revolute "wheelr7"
				{parameters "ID=trackright;"}
				{Matrix34
					-1	0	0
					0	0	1
					0	1	0
					-43.7707	-24.4115	0.733076
				}
				{VolumeView "wheelr7.ply"}
			}
			{bone "door_front"
				{parameters "ID=body;"}
				{Position 25.6907	17.6986	15.7897}
				{VolumeView "door_front.ply"}
			}
			{bone "door_front2"
				{parameters "ID=body;"}
				{Position 25.907	-9.4614	15.7853}
				{VolumeView "door_front2.ply"}
			}
			{bone "door_front3"
				{parameters "ID=body;"}
				{Position 25.5371	9.4129	15.7919}
				{VolumeView "door_front3.ply"}
			}
			{bone "door_front4"
				{parameters "ID=body;"}
				{Position 25.5371	-17.7522	15.7854}
				{VolumeView "door_front4.ply"}
			}
		}
		{bone "wheelsr"
			{parameters "ID=trackright;"}
			{Position 2.41745	-19.9157	9.77065}
			{VolumeView "wheelsr.ply"}
			{bone "trackr"
				{parameters "CommonMesh;ID=trackright;"}
				{Position -2.93097	-4.442	1.07044}
				;{VolumeView "trackr.ply"}
			}
		}
		{bone "wheelsl"
			{parameters "ID=trackleft;"}
			{Position 2.41745	19.966	9.77066}
			{VolumeView "wheelsl.ply"}
			{bone "trackl"
				{parameters "CommonMesh;ID=trackleft;"}
				{Position -2.93098	4.3917	1.07042}
				;{VolumeView "trackl.ply"}
			}
		}
	}
}
