;Exported by:	 guita
;Date:			 25.11.2023 08:12:02
;File:			 D:\Git\3D_Scenes\GoH_3D_vehicles_usa\vehicles\btr\M3A1_commander_car\m3a1_scout.max
{skeleton
	{animation
		{sequence "start" {speed 0.65}}
		{sequence "stop" {speed 0.65}}
		{sequence "hit" {speed 0.7}}
		{sequence "doorleft" {speed 0.6}{events {1 "open_left"}}}
		{sequence "doorright" {speed 0.6}{events {1 "open_right"}}}
		{sequence "wipers" {speed 0.4}{resume}}
	}
	{bone "basis"
		{parameters "steermax=26;wheelradius=0.486;"}
		{orientation
			1 	 0 	 0
			0 	 -1 	 0
			0 	 0 	 1
		}
		{bone "body"
			{parameters "id=body;"}
			{animation
				{sequence "repair" {file "body_r.anm"}{speed 0.7}}
			}
			{Position 0.0321 	 0 	 14.974}
			{VolumeView "body.ply"}
			{bone "detail2"
				{parameters "id=body;"}
				{Position 6.0948 	 16.8083 	 1.4205}
				{VolumeView "detail2.ply"}
			}
			{bone revolute "steer"
				{parameters "id=body;"}
				{matrix34
					-0.7071 	 0 	 -0.7071
					0 	 1 	 0
					0.7071 	 0 	 -0.7071
					10.2476 	 9.5258 	 6.7466
				}
				{VolumeView "steer.ply"}
			}
			{bone "fxstop2"
				{matrix34
					-1 	 0 	 0
					0 	 -1 	 0
					0 	 0 	 1
					-56.2115 	 -15.3918 	 2.9275
				}
			}
			{bone "fxstop1"
				{matrix34
					-1 	 0 	 0
					0 	 -1 	 0
					0 	 0 	 1
					-56.2115 	 15.2661 	 2.9275
				}
			}
			{bone "visor1"
				{Position 8.362 	 -6.5769 	 18.9092}
			}
			{bone "visor2"
				{Position 8.362 	 7.3939 	 18.9092}
			}
			{bone "driver"
				{matrix34
					0.9712 	 -0.0015 	 0.2382
					-0.0001 	 1 	 0.0067
					-0.2382 	 -0.0065 	 0.9712
					0.7477 	 9.335 	 -1.061
				}
			}
			{bone "seat01"
				{matrix34
					0.9819 	 0.0281 	 0.1876
					-0.0282 	 0.9996 	 -0.002
					-0.1875 	 -0.0034 	 0.9823
					0.2814 	 -9.6185 	 -1.0775
				}
			}
			{bone "link2"
				{matrix34
					-1 	 0 	 0
					0 	 -1 	 0
					0 	 0 	 1
					-54.2463 	 0 	 -1.0104
				}
			}
			{bone "fxsmoke1"
				{matrix34
					-0.0346 	 -0.9919 	 -0.1219
					0.9994 	 -0.0349 	 0
					-0.0043 	 -0.1218 	 0.9925
					-16.3994 	 -17.8963 	 -5.5593
				}
			}
			{bone "transmission"
				{parameters "id=body;"}
				{matrix34
					1 	 0 	 0
					0 	 1 	 0
					0 	 0 	 1
					9.2735 	 0.0039 	 0.4376
				}
				{VolumeView "transmission.ply"}
			}
			{bone "window2"
				{parameters "id=window2;"}
				{Position 6.7944 	 -7.6496 	 19.3665}
				{VolumeView "window2.ply"}
			}
			{bone "window1"
				{parameters "id=window1;"}
				{Position 6.7944 	 7.5935 	 19.3665}
				{VolumeView "window1.ply"}
			}
			{bone "wiperl"
				{parameters "id=body;"}
				{matrix34
					0.8929 	 0 	 0.4503
					0 	 1 	 0
					-0.4503 	 0 	 0.8929
					8.712 	 9.3652 	 16.7477
				}
				{VolumeView "wiperl.ply"}
			}
			{bone "wiperr"
				{parameters "id=body;"}
				{matrix34
					0.8929 	 0 	 0.4503
					0 	 1 	 0
					-0.4503 	 0 	 0.8929
					8.712 	 -4.9062 	 16.7477
				}
				{VolumeView "wiperr.ply"}
			}
			{bone "engine"
				{parameters "id=engine;"}
				{animation
					{sequence "repair" {file "engine_r.anm"}{speed 0.7}}
				}
				{Position 23.057 	 -1.3926 	 4.2908}
				{VolumeView "engine.ply"}
				{bone "hood_l1"
					{parameters "id=engine;"}
					{matrix34
						0.9949 	 0 	 -0.1004
						0 	 1 	 0
						0.1004 	 0 	 0.9949
						3.7552 	 4.6783 	 9.4281
					}
					{VolumeView "hood_l1.ply"}
					{bone "hood_l2"
						{parameters "id=engine;"}
						{matrix34
							0.9714 	 -0.2376 	 -0.004
							0.2376 	 0.9714 	 -0.001
							0.0041 	 0 	 1
							0.2093 	 8.064 	 -0.07
						}
						{VolumeView "hood_l2.ply"}
						{bone "enumerator2"
							{matrix34
								0.966 	 0.2363 	 0.1045
								-0.2376 	 0.9714 	 0
								-0.1015 	 -0.0248 	 0.9945
								-5.9465 	 0.3015 	 -4.8253
							}
							{VolumeView "enumerator2.ply"}
						}
					}
				}
				{bone "hood_r1"
					{parameters "id=engine;"}
					{matrix34
						0.9949 	 0 	 -0.1004
						0 	 1 	 0
						0.1004 	 0 	 0.9949
						3.7552 	 -1.9971 	 9.4281
					}
					{VolumeView "hood_r1.ply"}
					{bone "hood_r2"
						{parameters "id=engine;"}
						{matrix34
							0.9771 	 0.2127 	 -0.004
							-0.2127 	 0.9771 	 0.0009
							0.0041 	 0 	 1
							0.2486 	 -8.0577 	 -0.066
						}
						{VolumeView "hood_r2.ply"}
						{bone "enumerator1"
							{matrix34
								0.9718 	 -0.2116 	 0.1045
								0.2127 	 0.9771 	 0
								-0.1021 	 0.0222 	 0.9945
								6.2901 	 -0.1959 	 -3.5052
							}
							{VolumeView "enumerator1.ply"}
						}
					}
				}
				{bone "fxfire1"
					{Position 3.7093 	 0 	 0.668}
				}
			}
			{bone "doorright"
				{parameters "id=body;"}
				{Position 7.7418 	 -16.1789 	 13.0316}
				{VolumeView "doorright.ply"}
				{bone "armor3"
					{parameters "id=body;"}
					{matrix34
						0.9781 	 0.2079 	 0
						0.2079 	 -0.9781 	 0
						0 	 0 	 -1
						-4.0333 	 -0.8578 	 2.8638
					}
					{VolumeView "armor3.ply"}
				}
			}
			{bone "doorleft"
				{parameters "id=body;"}
				{Position 7.7297 	 16.1162 	 13.0316}
				{VolumeView "doorleft.ply"}
				{bone "armor2"
					{parameters "id=body;"}
					{matrix34
						0.9781 	 -0.2079 	 0
						-0.2079 	 -0.9781 	 0
						0 	 0 	 -1
						-4.0593 	 0.8691 	 2.8828
					}
					{VolumeView "armor2.ply"}
				}
			}
			{bone "detail1"
				{parameters "id=body;"}
				{Position 6.0948 	 16.8083 	 1.4205}
				{VolumeView "detail1.ply"}
			}
			{bone "fuel1"
				{matrix34
					1 	 0 	 0
					0 	 1 	 0
					0 	 0 	 1
					-0.0185 	 12.0029 	 -4.3752
				}
			}
			{bone "passengers_ver"
				{matrix34
					1 	 0 	 0
					0 	 1 	 0
					0 	 0 	 1
					-12.306 	 0.1427 	 4.5334
				}
				{bone "seats"
					{parameters "id=body;"}
					{matrix34
						1 	 0 	 0
						0 	 1 	 0
						0 	 0 	 1
						-17.7868 	 -0.1053 	 0.2602
					}
					{VolumeView "seats.ply"}
				}
				{bone "seat02"
					{matrix34
						0 	 0.9659 	 0.2588
						-1 	 0 	 0
						0 	 -0.2588 	 0.9659
						-1.6042 	 8.7915 	 -7.3438
					}
				}
				{bone "seat03"
					{matrix34
						0 	 -0.9563 	 0.2924
						1 	 0 	 0
						0 	 0.2924 	 0.9563
						-1.5726 	 -7.333 	 -7.3439
					}
				}
				{bone "seat04"
					{matrix34
						-0.9659 	 0 	 0.2588
						0 	 -1 	 0
						0.2588 	 0 	 0.9659
						-17.2858 	 5.8279 	 -7.3438
					}
				}
				{bone "seat05"
					{matrix34
						-0.9659 	 0 	 0.2588
						0 	 -1 	 0
						0.2588 	 0 	 0.9659
						-17.2858 	 -5.934 	 -7.3438
					}
				}
				{bone "seat06"
					{matrix34
						0 	 0.9613 	 0.2756
						-1 	 0 	 0
						0 	 -0.2756 	 0.9613
						-32.5354 	 9.3735 	 -7.3438
					}
				}
				{bone "seat07"
					{matrix34
						0 	 -0.9563 	 0.2924
						1 	 0 	 0
						0 	 0.2924 	 0.9563
						-31.857 	 -7.2751 	 -7.3439
					}
				}
			}
			{bone "mguns_ver"
				{matrix34
					1 	 0 	 0
					0 	 1 	 0
					0 	 0 	 1
					-16.1865 	 0.1427 	 4.5334
				}
				{bone "mgun_holder1"
					{parameters "id=body;"}
					{matrix34
						1 	 0 	 0
						0 	 1 	 0
						0 	 0 	 1
						18.0465 	 -0.2919 	 18.4643
					}
					{VolumeView "mgun_holder1.ply"}
					{bone revolute "mgun_1_rot1"
						{parameters "id=body;"}
						{limits -35 35}
						{matrix34
							0.9744 	 0 	 0.225
							0 	 1 	 0
							-0.225 	 0 	 0.9744
							-0.2545 	 0.1621 	 0.4128
						}
						{VolumeView "mgun_1_rot1.ply"}
						{bone revolute "mgun_1_rot2"
							{parameters "id=body;"}
							{limits -15 35}
							{matrix34
								0.9744 	 0 	 -0.225
								0.225 	 0 	 0.9744
								0 	 -1 	 0
								-1.4255 	 0.1292 	 3.7753
							}
							{VolumeView "mgun_1_rot2.ply"}
							{bone "mgun"
								{Position -10.6472 	 0.594 	 -0.0046}
							}
						}
						{bone "gunner2"
							{matrix34
								0.9744 	 0 	 -0.225
								0 	 1 	 0
								0.225 	 0 	 0.9744
								-17.2026 	 -0.013 	 -0.3518
							}
						}
					}
				}
				{bone "mgun_holder2"
					{parameters "id=body;"}
					{matrix34
						-1 	 0 	 0
						0 	 -1 	 0
						0 	 0 	 1
						-32.2527 	 -0.2919 	 12.2088
					}
					{VolumeView "mgun_holder2.ply"}
					{bone revolute "mgun_2_rot1"
						{parameters "id=body;"}
						{limits -40 40}
						{matrix34
							1 	 0 	 0
							0 	 1 	 0
							0 	 0 	 1
							-0.111 	 0.1621 	 0.4298
						}
						{VolumeView "mgun_2_rot1.ply"}
						{bone revolute "mgun_2_rot2"
							{parameters "id=body;"}
							{limits -15 35}
							{matrix34
								1 	 0 	 0
								0 	 0 	 1
								0 	 -1 	 0
								-1.4569 	 0 	 4.7145
							}
							{VolumeView "mgun_2_rot2.ply"}
							{bone "mgun2"
								{matrix34
									1 	 0 	 0
									0 	 1 	 0
									0 	 0 	 1
									-6.2228 	 -0.2291 	 -0.0088
								}
							}
						}
						{bone "gunner4"
							{matrix34
								0.9848 	 0 	 -0.1736
								0 	 1 	 0
								0.1736 	 0 	 0.9848
								-6.2604 	 -0.04 	 5.378
							}
						}
					}
				}
				{bone "armor4"
					{parameters "id=body;"}
					{matrix34
						0.515 	 0 	 -0.8572
						0 	 1 	 0
						0.8572 	 0 	 0.515
						22.0527 	 -0.1756 	 18.2241
					}
					{VolumeView "armor4.ply"}
				}
				{bone "holders"
					{parameters "id=body;"}
					{matrix34
						1 	 0 	 0
						0 	 -0.0175 	 -0.9998
						0 	 0.9998 	 -0.0175
						28.9274 	 -13.2138 	 11.2341
					}
					{VolumeView "holders.ply"}
				}
			}
			{bone "detail3"
				{parameters "id=body;"}
				{matrix34
					0 	 -1 	 0
					1 	 0 	 0
					0 	 0 	 1
					12.3855 	 17.7722 	 6.4185
				}
				{LODView
					{VolumeView "detail3.ply"}
					{VolumeView "detail3_lod1.ply"}
					{VolumeView "detail3_lod2.ply"}
				}
				{bone "belts"
					{parameters "id=body;"}
					{matrix34
						0 	 1 	 0
						-1 	 0 	 0
						0 	 0 	 1
						-0.2281 	 0.0161 	 4.6556
					}
					{VolumeView "belts.ply"}
				}
			}
			{bone "detail4"
				{parameters "id=body;"}
				{matrix34
					0 	 -1 	 0
					1 	 0 	 0
					0 	 0 	 1
					12.3855 	 -17.7738 	 6.429
				}
				{LODView
					{VolumeView "detail4.ply"}
					{VolumeView "detail4_lod1.ply"}
					{VolumeView "detail4_lod2.ply"}
				}
				{bone "belts1"
					{parameters "id=body;"}
					{matrix34
						0 	 -1 	 0
						1 	 0 	 0
						0 	 0 	 1
						0.2654 	 0.0161 	 4.6451
					}
					{VolumeView "belts1.ply"}
				}
			}
			{bone "headlightl"
				{matrix34
					1 	 0 	 0
					0 	 1 	 0
					0 	 0 	 1
					40.5334 	 15.5043 	 10.0094
				}
			}
			{bone "headlightr"
				{matrix34
					1 	 0 	 0
					0 	 1 	 0
					0 	 0 	 1
					40.5334 	 -15.5591 	 10.01
				}
			}
			{bone "fuel2"
				{matrix34
					1 	 0 	 0
					0 	 1 	 0
					0 	 0 	 1
					-0.0185 	 -11.8947 	 -4.3752
				}
			}
			{bone "fxfire5"
				{Position -12.7556 	 -1.3926 	 1.3012}
			}
		}
		{bone "body_virt"
			{Position 0.0149 	 0 	 9.5105}
			{bone "pivot_front"
				{Position 35.2719 	 0 	 0}
				{bone prizmatic "suspension_r3"
					{limits -0.08 0.08}
					{speed 0.05}
					{Position -0.0002 	 -13.6416 	 -0.0153}
					{bone revolute "wheelr3"
						{parameters "id=wheelright3;"}
						{matrix34
							1 	 0 	 0
							0 	 0 	 -1
							0 	 1 	 0
							0 	 0 	 0
						}
					}
				}
				{bone prizmatic "suspension_l3"
					{limits -0.08 0.08}
					{speed 0.05}
					{Position -0.0002 	 13.6728 	 -0.0153}
					{bone revolute "wheell3"
						{parameters "id=wheelleft3;"}
						{matrix34
							1 	 0 	 0
							0 	 0 	 -1
							0 	 1 	 0
							0 	 0 	 0
						}
					}
				}
				{bone "axle_front"
					{parameters "id=body;"}
					{Position 0.0793 	 0.0156 	 0}
					{VolumeView "axle_front.ply"}
				}
				{bone "rod"
					{parameters "id=body;"}
					{Position -3.5765 	 0.0223 	 -1.2756}
					{VolumeView "rod.ply"}
				}
				{bone revolute "steerl1"
					{limits -26 26}
					{matrix34
						1 	 0 	 0
						0 	 -1 	 0
						0 	 0 	 -1
						-0.0002 	 13.6728 	 -0.0153
					}
					{bone prizmatic "suspension_l1"
						{limits -0.09 0.09}
						{speed 0.07}
						{matrix34
							1 	 0 	 0
							0 	 -1 	 0
							0 	 0 	 -1
							0 	 0 	 0
						}
						{bone revolute "wheell1"
							{parameters "id=wheelleft1;"}
							{matrix34
								1 	 0 	 0
								0 	 0 	 -1
								0 	 1 	 0
								0.0002 	 3.0671 	 0.0153
							}
							{VolumeView "wheell1.ply"}
						}
						{bone "lfront"
							{parameters "id=body;"}
							{Position 0 	 0 	 0}
							{VolumeView "lfront.ply"}
						}
					}
				}
				{bone revolute "steerr1"
					{limits -26 26}
					{matrix34
						1 	 0 	 0
						0 	 -1 	 0
						0 	 0 	 -1
						-0.0002 	 -13.6416 	 -0.0153
					}
					{bone prizmatic "suspension_r1"
						{limits -0.09 0.09}
						{speed 0.07}
						{matrix34
							1 	 0 	 0
							0 	 -1 	 0
							0 	 0 	 -1
							0 	 0 	 0
						}
						{bone revolute "wheelr1"
							{parameters "id=wheelright1;"}
							{matrix34
								1 	 0 	 0
								0 	 0 	 -1
								0 	 1 	 0
								0.0001 	 -3.1301 	 0.0153
							}
							{VolumeView "wheelr1.ply"}
						}
						{bone "rftont"
							{parameters "id=body;"}
							{Position 0 	 0 	 0}
							{VolumeView "rftont.ply"}
						}
					}
				}
				{bone "fxtracel1"
					{matrix34
						-1 	 0 	 0
						0 	 -1 	 0
						0 	 0 	 1
						-0.0003 	 -15.7605 	 -9.5108
					}
				}
				{bone "fxtracer1"
					{matrix34
						-1 	 0 	 0
						0 	 -1 	 0
						0 	 0 	 1
						0.0003 	 15.7578 	 -9.5107
					}
				}
			}
			{bone "pivot_back"
				{Position -30.3118 	 0 	 0}
				{bone prizmatic "suspension_r2"
					{limits -0.09 0.09}
					{speed 0.07}
					{Position 0.001 	 -14.0517 	 -0.0153}
					{bone "rback"
						{parameters "id=body;"}
						{VolumeView "rback.ply"}
					}
					{bone revolute "wheelr2"
						{parameters "id=wheelright2;"}
						{matrix34
							1 	 0 	 0
							0 	 0 	 -1
							0 	 1 	 0
							-0.001 	 -2.7197 	 0.0153
						}
						{VolumeView "wheelr2.ply"}
					}
				}
				{bone prizmatic "suspension_l2"
					{limits -0.09 0.09}
					{speed 0.07}
					{Position 0.001 	 14.053 	 -0.0153}
					{bone "lback"
						{parameters "id=body;"}
						{VolumeView "lback.ply"}
					}
					{bone revolute "wheell2"
						{parameters "id=wheelleft2;"}
						{matrix34
							1 	 0 	 0
							0 	 0 	 -1
							0 	 1 	 0
							-0.001 	 2.6869 	 0.0153
						}
						{VolumeView "wheell2.ply"}
					}
				}
				{bone "axle_back"
					{parameters "id=body;"}
					{Position 30.329 	 0 	 5.4635}
					{VolumeView "axle_back.ply"}
				}
				{bone "fxtracel2"
					{matrix34
						-0.9397 	 0 	 0.342
						0 	 -1 	 0
						0.342 	 0 	 0.9397
						0 	 15.7578 	 -9.5033
					}
				}
				{bone "fxtracer2"
					{matrix34
						-0.9397 	 0 	 0.342
						0 	 -1 	 0
						0.342 	 0 	 0.9397
						0 	 -15.7605 	 -9.5033
					}
				}
			}
		}
		{bone "emit2"
			{parameters "group=crew;"}
			{matrix34
				0 	 1 	 0
				-1 	 0 	 0
				0 	 0 	 1
				-3.2586 	 -29.7885 	 0
			}
		}
		{bone "emit1"
			{parameters "group=crew;"}
			{matrix34
				0 	 -1 	 0
				1 	 0 	 0
				0 	 0 	 1
				-4.3308 	 30.0415 	 0
			}
		}
		{bone "emit6"
			{parameters "group=crew;"}
			{matrix34
				0 	 1 	 0
				-1 	 0 	 0
				0 	 0 	 1
				-42.8132 	 -29.7885 	 0
			}
		}
		{bone "emit5"
			{parameters "group=crew;"}
			{matrix34
				0 	 -1 	 0
				1 	 0 	 0
				0 	 0 	 1
				-42.7046 	 30.0415 	 0
			}
		}
		{bone "emit3"
			{parameters "group=passenger;"}
			{Position -70.8371 	 6.3583 	 0}
		}
		{bone "emit4"
			{parameters "group=passenger;"}
			{Position -70.8087 	 -6.3583 	 0}
		}
	}
}
{volume "armor4"
	{polyhedron "armor4.vol"}
	{bone "armor4"}
	{Position 3.809 	 0.0501 	 -0.2999}
}
{volume "armor5"
	{cylinder 3.28471 15.846}
	{bone "body"}
	{matrix34
		1 	 0 	 0
		0 	 0 	 1
		0 	 -1 	 0
		53.4863 	 0.0542 	 -2.1145
	}
}
{volume "body1"
	{polyhedron "body1.vol"}
	{bone "body"}
	{Position 12.3456 	 -0.0394 	 6.5884}
}
{volume "body2"
	{polyhedron "body2.vol"}
	{bone "body"}
	{Position -17.605 	 -0.0431 	 9.3871}
}
{volume "body3"
	{polyhedron "body3.vol"}
	{bone "body"}
	{Position -39.0708 	 -0.0431 	 7.4337}
}
{volume "body4"
	{polyhedron "body4.vol"}
	{bone "body"}
	{Position 6.4533 	 -0.0455 	 19.9781}
}
{volume "body5"
	{box 16.7681 12.874 0.341839}
	{bone "doorleft"}
	{matrix34
		0.9761 	 -0.2175 	 0
		0 	 0 	 1
		-0.2175 	 -0.9761 	 0
		-8.2953 	 1.3923 	 -3.5516
	}
}
{volume "body6"
	{box 16.7681 12.874 0.341839}
	{bone "doorright"}
	{matrix34
		0.9758 	 0.2187 	 0
		0 	 0 	 1
		0.2187 	 -0.9758 	 0
		-8.3075 	 -1.4218 	 -3.5516
	}
}
{volume "body7"
	{polyhedron "body7.vol"}
	{bone "armor2"}
	{matrix34
		0.9781 	 0.2078 	 -0.0073
		-0.2079 	 0.9776 	 -0.0341
		0 	 0.0349 	 0.9994
		-4.2639 	 0.3749 	 -3.5376
	}
}
{volume "body8"
	{polyhedron "body8.vol"}
	{bone "armor3"}
	{matrix34
		0.9781 	 -0.2078 	 -0.0073
		0.2079 	 0.9776 	 0.0341
		0 	 -0.0349 	 0.9994
		-4.3078 	 -0.3521 	 -3.5566
	}
}
{volume "body9"
	{polyhedron "body9.vol"}
	{bone "body"}
	{matrix34
		-1 	 0 	 0
		0 	 0 	 1
		0 	 1 	 0
		-0.5414 	 -0.0327 	 -3.4088
	}
}
{volume "engine1"
	{polyhedron "engine1.vol"}
	{bone "engine"}
	{Position 19.3821 	 1.3495 	 -1.0575}
}
{volume "engine2"
	{polyhedron "engine2.vol"}
	{bone "engine"}
	{Position 4.4064 	 1.3546 	 1.9229}
}
{volume "fuel1"
	{box 9.82137 8.7438 4.00929}
	{bone "fuel1"}
	{matrix34
		-1 	 0 	 0
		0 	 1 	 0
		0 	 0 	 -1
		0 	 0 	 2.6573
	}
}
{volume "fuel2"
	{box 9.82137 8.7438 4.00929}
	{bone "fuel2"}
	{matrix34
		-1 	 0 	 0
		0 	 1 	 0
		0 	 0 	 -1
		0 	 0 	 2.6573
	}
}
{volume "hole1"
	{box 43.1954 38.2398 13.7535}
	{bone "body"}
	{Position -29.2264 	 0 	 15.5657}
}
{volume "hole2"
	{polyhedron "hole2.vol"}
	{bone "body"}
	{matrix34
		1 	 0 	 0
		0 	 0 	 1
		0 	 -1 	 0
		-30.3291 	 11.3813 	 -2.0268
	}
}
{volume "hole3"
	{polyhedron "hole3.vol"}
	{bone "body"}
	{matrix34
		1 	 0 	 0
		0 	 0 	 1
		0 	 -1 	 0
		-30.3291 	 -20.1269 	 -2.0268
	}
}
{volume "hole4"
	{polyhedron "hole4.vol"}
	{bone "body"}
	{matrix34
		0.9994 	 0 	 -0.0349
		0 	 1 	 0
		0.0349 	 0 	 0.9994
		6.4787 	 -7.5496 	 19.2563
	}
}
{volume "hole5"
	{polyhedron "hole5.vol"}
	{bone "body"}
	{matrix34
		0.9994 	 0 	 -0.0349
		0 	 1 	 0
		0.0349 	 0 	 0.9994
		6.4787 	 7.3927 	 19.2563
	}
}
{volume "ram"
	{polyhedron "ram.vol"}
	{bone "body"}
	{Position -3.9007 	 0 	 0.4652}
}
{volume "transmission"
	{cylinder 3.72999 15.3349}
	{bone "transmission"}
	{matrix34
		0 	 0.309 	 -0.9511
		0 	 0.9511 	 0.309
		1 	 0 	 0
		0.2309 	 -0.0776 	 -0.7189
	}
}
{volume "wheelleft1"
	{cylinder 9.63838 4.8622}
	{bone "wheell1"}
	{matrix34
		-1 	 0 	 0
		0 	 -1 	 0
		0 	 0 	 1
		0 	 0 	 -1.041
	}
}
{volume "wheelleft2"
	{cylinder 9.63838 4.8622}
	{bone "wheell2"}
	{matrix34
		-1 	 0 	 0
		0 	 -1 	 0
		0 	 0 	 1
		0 	 0 	 -1.041
	}
}
{volume "wheelright1"
	{cylinder 9.64567 4.8622}
	{bone "wheelr1"}
	{matrix34
		-1 	 0 	 0
		0 	 -1 	 0
		0 	 0 	 1
		0 	 0 	 1.0506
	}
}
{volume "wheelright2"
	{cylinder 9.64567 4.8622}
	{bone "wheelr2"}
	{matrix34
		-1 	 0 	 0
		0 	 -1 	 0
		0 	 0 	 1
		0 	 0 	 1.0506
	}
}
{volume "window1"
	{box 0.368708 5.90296 14.3915}
	{bone "window1"}
	{matrix34
		-0.8833 	 0 	 -0.4688
		-0.4688 	 0 	 0.8833
		0 	 1 	 0
		-0.002 	 -0.0123 	 0.0211
	}
}
{volume "window2"
	{box 0.368708 5.90296 14.3915}
	{bone "window2"}
	{matrix34
		-0.8833 	 0 	 -0.4688
		-0.4688 	 0 	 0.8833
		0 	 1 	 0
		-0.002 	 0.0213 	 0.0211
	}
}
