;Exported by: pk
;Date:        Thu Mar 28 11:16:23 2019
;File:        E:\Chris models\gaz-51\gaz51_xx_export.max
{Skeleton
	{bone "basis"
		{Orientation
			1	0	0
			0	-1	0
			0	0	1
		}
		{bone revolute "pivot_back"
			{Position -26.2181	0.0148638	8.97846}
			{bone revolute "wheell2"
				{parameters "ID=wheelleft2;"}
				{Matrix34
					1	0	0
					0	0	-1
					0	1	0
					0	14.9728	0
				}
				{VolumeView "wheell2.ply"}
			}
			{bone revolute "wheelr2"
				{parameters "ID=wheelright2;"}
				{Matrix34
					1	0	0
					0	0	-1
					0	1	0
					0	-14.8752	0
				}
				{VolumeView "wheelr2.ply"}
			}
		}
		{bone "pivot_front"
			{Position 38.4321	0.000766686	12.0777}
			{bone revolute "steer_r1"
				{Matrix34
					-1	0	0
					0	1	0
					0	0	-1
					0	-15.0458	-3.12949
				}
				{bone revolute "wheelr1"
					{parameters "ID=wheelright1;"}
					{Orientation
						-1	0	0
						0	0	1
						0	1	0
					}
					{VolumeView "wheelr1.ply"}
				}
			}
			{bone revolute "steer_l1"
				{Matrix34
					-1	0	0
					0	1	0
					0	0	-1
					0	15.0683	-3.12949
				}
				{bone revolute "wheell1"
					{parameters "ID=wheelleft1;"}
					{Matrix34
						-1	0	0
						0	0	1
						0	1	0
						0	0	0
					}
					{VolumeView "wheell1.ply"}
				}
			}
		}
		{bone "body"
			{parameters "ID=body;"}
			{Matrix34
				0.999048	-0.00114142	-0.0435985
				0.00342193	0.998627	0.0522683
				0.043479	-0.0523678	0.997681
				-3.11518	0.354326	30.8089
			}
			{VolumeView "body.ply"}
			{bone "doorleft"
				{Matrix34
					-0.943877	0.330298	0
					-0.330298	-0.943877	0
					0	0	1
					31.8654	13.0365	-8.0237
				}
				{VolumeView "doorleft.ply"}
			}
			{bone "doorright"
				{Matrix34
					-0.707298	-0.705763	0.0403457
					0.705422	-0.708362	-0.0245827
					0.0459289	0.0110734	0.998883
					31.8654	-13.7452	-8.0237
				}
				{VolumeView "doorright.ply"}
			}
			{bone "engine"
				{parameters "ID=engine;"}
				{Matrix34
					-0.982452	0	-0.186514
					0	-1	0
					-0.186514	0	0.982452
					34.6746	4.94649	0.666958
				}
				{VolumeView "engine.ply"}
			}
			{bone "seats"
				{Position 3.05931	0.117075	-18.266}
				{VolumeView "seats.ply"}
			}
		}
	}
}
{Volume "body1"
	{Polyhedron "body1.vol"}
	{Bone "body"}
	{Position 28.858	-0.354295	-22.1408}
}
{Volume "body2"
	{Polyhedron "body2.vol"}
	{Bone "body"}
	{Matrix34
		-1	0	0
		0	0	1
		0	1	0
		0.594409	-5.20501	-1.69106
	}
}
{Volume "body3"
	{Polyhedron "body3.vol"}
	{Bone "body"}
	{Position 40.6207	-0.353868	-16.4072}
}
{Volume "body4"
	{Polyhedron "body4.vol"}
	{Bone "body"}
	{Matrix34
		-1	0	0
		0	0	1
		0	1	0
		0.594409	-5.20501	-15.7775
	}
}
{Volume "body"
	{Polyhedron "body.vol"}
	{Bone "body"}
	{Position 25.8624	-0.35429	-23.4314}
}
{Volume "crew"
	{Box 12.6127 19.788 15.6603}
	{Bone "body"}
	{Position 21.4647	-0.354324	-11.4811}
}
{Volume "inventory"
	{Box 21.2089 11.4381 5.73624}
	{Bone "body"}
	{Position 42.794	-0.354322	-9.54389}
}
{Volume "wheelleft1"
	{Cylinder 8.07087 5.51181}
	{Bone "wheell1"}
	{Matrix34
		0.991445	0.130525	0
		-0.130525	0.991445	0
		0	0	1
		0	0	-0.0231395
	}
}
{Volume "wheelleft2"
	{Cylinder 8.07087 8.74016}
	{Bone "wheell2"}
	{Matrix34
		0.0971367	-0.995271	-1.33514e-005
		0.995271	0.0971367	-1.14441e-005
		1.26869e-005	-1.21767e-005	1
		-0.000408043	0.0100815	0.0117202
	}
}
{Volume "wheelright1"
	{Cylinder 8.07087 5.51181}
	{Bone "wheelr1"}
	{Matrix34
		-0.793353	-0.608762	0
		0.608762	-0.793353	0
		0	0	1
		0	0	0.109026
	}
}
{Volume "wheelright2"
	{Cylinder 8.07087 8.74016}
	{Bone "wheelr2"}
	{Position 0.000313289	0	-0.00997305}
}
