;Exported by: misan
;Date:        Tue Jan 31 15:55:52 2023
;File:        D:\Cold War\ModelWIP\USA\M151\M151.max
{Skeleton
	{bone "basis"
		{Orientation
			1	0	0
			0	-1	0
			0	0	1
		}
		{bone "pivot_front"
			{Position 22.7275	0	7.98284}
			{bone prizmatic "suspension_l1"
				{limits -0.1 0.1}
				{Position -0.0886765	13.1884	0}
				{bone revolute "steer_l"
					{limits -0.25 0.25}
					{Matrix34
						1	0	0
						0	-1	0
						0	0	-1
						0.008461	-0.683105	-0.11686
					}
					{VolumeView "steer_l.ply"}
					{bone revolute "wheell1"
						{parameters "id=wheelleft1;"}
						{Matrix34
							0.965406	-0.143474	-0.21773
							0.204374	-0.102219	0.973541
							-0.161934	-0.984361	-0.0693609
							0.0133858	-1.31396	-0.00260067
						}
						{VolumeView "wheell1.ply"}
					}
				}
			}
			{bone prizmatic "suspension_r1"
				{limits -0.1 0.1}
				{Position -0.0886803	-13.2999	0}
				{bone revolute "steer_r"
					{limits -0.25 0.25}
					{Matrix34
						1	0	0
						0	-1	0
						0	0	-1
						0.00846481	0.281429	-0.116859
					}
					{VolumeView "steer_r.ply"}
					{bone revolute "wheelr1"
						{parameters "id=wheelright1;"}
						{Matrix34
							0.989194	-0.126737	-0.0737136
							0.0899337	0.127432	0.987762
							-0.115793	-0.983717	0.137453
							0.013382	0.849146	-0.00260115
						}
						{VolumeView "wheelr1.ply"}
					}
				}
			}
			{bone "fxtracer1"
				{Position -0.131733	-13.8892	-8.14216}
			}
			{bone "fxtracel1"
				{Position -0.131733	13.6388	-8.14215}
			}
		}
		{bone "pivot_back"
			{Position -20.0771	0	7.98284}
			{bone prizmatic "suspension_l2"
				{limits -0.1 0.1}
				{Position 0.00294495	13.1884	0}
				{bone revolute "wheell2"
					{parameters "id=wheelleft2;"}
					{Matrix34
						0.916604	-0.262064	-0.301926
						-0.332276	-0.0793924	-0.939835
						0.222327	0.961779	-0.159849
						-0.0353661	0.630856	-0.114258
					}
					{VolumeView "wheell2.ply"}
				}
			}
			{bone prizmatic "suspension_r2"
				{limits -0.1 0.1}
				{Position 0.00294113	-13.2999	0}
				{bone revolute "wheelr2"
					{parameters "id=wheelright2;"}
					{Matrix34
						0.965088	-0.0582723	0.255361
						0.240187	-0.191989	-0.951552
						0.104476	0.979666	-0.17129
						-0.0353661	-0.567717	-0.114259
					}
					{VolumeView "wheelr2.ply"}
				}
			}
			{bone "fxtracel2"
				{Position 0.14901	13.6388	-8.14215}
			}
			{bone "fxtracer2"
				{Position -0.0631905	-13.8892	-8.14216}
			}
		}
		{bone "body"
			{parameters "id=body;"}
			{Position 0	1.93194	15.6944}
			{VolumeView "body.ply"}
			{bone "backseats"
				{parameters "id=body;"}
				{VolumeView "backseats.ply"}
			}
			{bone "windshield"
				{Matrix34
					0.377507	-0.145755	0.914464
					0.271797	0.961479	0.0410454
					-0.88522	0.233054	0.402581
					4.89086	-2.07434	6.15857
				}
				{VolumeView "windshield.ply"}
				{bone "wiper_r"
					{Matrix34
						-0.158099	0.778696	0.607155
						-0.225789	-0.627107	0.745491
						0.961262	-0.0192278	0.274966
						0.181196	-7.80239	1.23334
					}
					{VolumeView "wiper_r.ply"}
				}
				{bone "wiper_l"
					{Matrix34
						-0.158099	0.778696	0.607155
						-0.225789	-0.627107	0.745491
						0.961262	-0.0192278	0.274966
						0.181196	5.13651	1.23334
					}
					{VolumeView "wiper_l.ply"}
				}
			}
			{bone "engine"
				{parameters "id=engine;"}
				{animation
					{sequence "engine_r" {speed 0.3}}
				}
				{Matrix34
					0.992546	0	0.121869
					0	1	0
					-0.121869	0	0.992546
					11.687	-1.72614	6.21577
				}
				{VolumeView "engine.ply"}
			}
			{bone "mount_secondary"
				{Position 0	0	0.00050354}
				{VolumeView "mount_secondary.ply"}
			}
			{bone "steering"
				{parameters "id=body;"}
				{Matrix34
					0.601815	0	0.798636
					0	1	0
					-0.798636	0	0.601815
					6.96358	6.66097	4.54611
				}
				{VolumeView "steering.ply"}
			}
			{bone "fxsmoke1"
				{Matrix34
					-1	0	0
					0	-1	0
					0	0	1
					-28.9388	7.65836	-8.29463
				}
			}
			{bone "fxstop1"
				{Matrix34
					-1	0	0
					0	-1	0
					0	0	1
					-29.6968	-15.4603	-5.58655
				}
			}
			{bone "fxstop2"
				{Matrix34
					-1	0	0
					0	-1	0
					0	0	1
					-29.6968	11.4797	-5.58655
				}
			}
			{bone "headlightl"
				{Position 30.0203	5.56195	3.46253}
			}
			{bone "headlightr"
				{Position 30.0203	-9.61194	3.46253}
			}
			{bone "fxfire1"
				{Position 20.2334	-1.8203	3.25124}
			}
			{bone "commander"
				{Position -3.45981	-10.8143	-7.70376}
			}
			{bone "seat02"
				{Position -23.4654	-7.0129	-7.77906}
			}
			{bone "driver"
				{Position -3.45981	6.56665	-7.70376}
			}
			{bone "seat01"
				{Position -23.4654	3.64597	-7.77906}
			}
			{bone "link2"
				{Matrix34
					-1	0	0
					0	-1	0
					0	0	1
					-29.5992	-1.93194	-7.97806
				}
			}
		}
		{bone "emit4"
			{Matrix34
				0	1	0
				-1	0	0
				0	0	1
				-16.104	-22.206	0
			}
		}
		{bone "emit2"
			{Matrix34
				0	1	0
				-1	0	0
				0	0	1
				-1.29123	-28.7459	0
			}
		}
		{bone "emit3"
			{Matrix34
				0	-1	0
				1	0	0
				0	0	1
				-17.2201	21.5416	0
			}
		}
		{bone "emit1"
			{Matrix34
				0	-1	0
				1	0	0
				0	0	1
				-1.80311	25.6859	0
			}
		}
	}
}
{Volume "body1"
	{Box 22.549 13.9939 17.8037}
	{Bone "body"}
	{Matrix34
		0	-1	0
		0	0	1
		-1	0	0
		20.5416	-1.92511	-0.726775
	}
}
{Volume "body2"
	{Box 32.1895 10.6152 43.9049}
	{Bone "body"}
	{Matrix34
		0	-1	0
		0	0	1
		-1	0	0
		-7.80506	-2.2519	-1.92791
	}
}
{Volume "engine"
	{Box 14.3631 10.2303 13.3469}
	{Bone "body"}
	{Matrix34
		0	-1	0
		0	0	1
		-1	0	0
		19.2461	-1.93194	0.0851709
	}
}
{Volume "fuel1"
	{Box 10.1322 10.7379 3.79956}
	{Bone "body"}
	{Position -3.51611	6.86653	-3.16182}
}
{Volume "fuel2"
	{Box 10.1322 10.7379 3.79956}
	{Bone "body"}
	{Position -3.51611	-11.0625	-3.16182}
}
{Volume "glass"
	{Box 29.5363 7.23242 0.911425}
	{Bone "windshield"}
	{Matrix34
		0	-1	0
		-0.275637	0	0.961262
		-0.961262	0	-0.275637
		-2.05787	-0.0141678	7.25136
	}
}
{Volume "hole1"
	{Polyhedron "hole1.vol"}
	{Bone "body"}
	{Position -4.36851	-1.96831	1.75514}
}
{Volume "hole2"
	{Box 24.2409 19.4502 14.1805}
	{Bone "body"}
	{Position -16.2667	-2.20384	4.66458}
}
{Volume "hole3"
	{Box 29.5363 7.23242 0.911425}
	{Bone "windshield"}
	{Matrix34
		0	-1	0
		-0.275638	0	0.961262
		-0.961262	0	-0.275638
		-2.11043	-0.0141696	7.25037
	}
}
{Volume "ram"
	{Polyhedron "ram.vol"}
	{Bone "body"}
	{Position 1.73614	-2.00036	3.09312}
}
{Volume "shield1"
	{Box 31.2091 12.4183 0.434641}
	{Bone "windshield"}
	{Matrix34
		0	-1	0
		-0.275638	0	0.961262
		-0.961262	0	-0.275638
		-1.705	-0.0141678	5.93453
	}
}
{Volume "shield2"
	{Box 30.5555 3.52303 35.7724}
	{Bone "body"}
	{Matrix34
		0	-1	0
		0	0	1
		-1	0	0
		-12.8056	-1.91346	18.1094
	}
}
{Volume "shield3"
	{Box 30.6074 11.2836 3.2412}
	{Bone "body"}
	{Matrix34
		0	-1	0
		0	0	1
		-1	0	0
		-29.1642	-1.93194	10.7435
	}
}
{Volume "transmission"
	{Cylinder 3.59976 46.1478}
	{Bone "body"}
	{Matrix34
		0	-1	0
		0	0	1
		-1	0	0
		-0.532974	-1.93074	-6.83031
	}
}
{Volume "wheelleft1"
	{Cylinder 8.16217 4.22794}
	{Bone "wheell1"}
	{Matrix34
		1	0	0
		0	-1	0
		0	0	-1
		-0.0683956	-0.122005	0.00451732
	}
}
{Volume "wheelleft2"
	{Cylinder 8.16217 4.22794}
	{Bone "wheell2"}
	{Matrix34
		1	0	0
		0	-1	0
		0	0	-1
		0.000204031	-0.122005	0.00451899
	}
}
{Volume "wheelright1"
	{Cylinder 8.16217 4.22794}
	{Bone "wheelr1"}
	{Matrix34
		1	0	0
		0	-1	0
		0	0	-1
		-0.0684013	-0.122005	0.0490377
	}
}
{Volume "wheelright2"
	{Cylinder 8.16217 4.22794}
	{Bone "wheelr2"}
	{Matrix34
		1	0	0
		0	-1	0
		0	0	-1
		0.000206002	-0.122004	0.0490386
	}
}
