;Exported by: misan
;Date:        Thu Jan 13 16:21:38 2022
;File:        D:\Cold War\Models\entac\entac.max
{Skeleton
	{animation
		{sequence "close" {speed 0.6}}
		{sequence "open" {speed 0.6}}
	}
	{bone "basis"
		{Orientation
			1	0	0
			0	-1	0
			0	0	1
		}
		{bone revolute "turret"
			{parameters "ID=turret;"}
			{limits 25 25}
			{Matrix34
				1	0	0
				0	1	0
				0	0	1
				0.183123	-0.00743043	0
			}
			{bone "gun_rot"
				{parameters "ID=turret;"}
				{Matrix34
					1	0	0
					0	0	1
					0	-1	0
					-0.0321522	0	3.8049
				}
				{bone "foresight1"
					{Matrix34
						0.996195	0.0871552	0
						-0.087155	0.996195	0
						0	0	1
						9.41402	4.47403	0
					}
				}
			}
			{bone "body"
				{parameters "ID=body;"}
				{Matrix34
					0.965926	0	0.258819
					0	1	0
					-0.258819	0	0.965926
					-4.98717	0	0
				}
				{VolumeView "body.ply"}
				{bone "rocket"
					{parameters "ID=gun;"}
					{Matrix34
						1	0	0
						0	0	-1
						0	1	0
						10.8322	0	3.42341
					}
					{VolumeView "rocket.ply"}
				}
				{bone "shooter00"
					{Matrix34
						1	0	0
						0	0	1
						0	-1	0
						12.4173	0	3.42024
					}
				}
				{bone "leg2"
					{parameters "ID=body;"}
					{Matrix34
						0.298836	0.707107	0.640857
						-0.298836	0.707107	-0.640857
						-0.906308	0	0.422618
						11.1579	-0.786359	0.00897312
					}
					{VolumeView "leg2.ply"}
				}
				{bone "leg1"
					{parameters "ID=body;"}
					{Matrix34
						0.298836	-0.707107	0.640857
						0.298836	0.707107	0.640856
						-0.906308	0	0.422618
						11.1579	0.787402	0.0089736
					}
					{VolumeView "leg1.ply"}
				}
			}
		}
		{bone "gunner"
			{Position -14.6955	27.5659	0}
		}
		{bone "emit1"
			{Position -14.6955	29.2698	0}
		}
		{bone "driver1"
			{Position 0.168375	8.37573	0}
		}
		{bone "handle1"
			{Position 0.155422	8.40837	18.058}
		}
		{bone "handle2"
			{Position 0.168375	-13.6101	18.2009}
		}
		{bone "driver2"
			{Position 0.155422	-13.5762	0}
		}
		{bone "visor2"
			{Matrix34
				0	1	0
				0	0	1
				1	0	0
				-7.02149	-24.5905	7.51605
			}
		}
		{bone "emit2"
			{Position -16.1184	-25.2409	0}
		}
		{bone "commander"
			{Position -16.1184	-24.1463	0}
		}
		{bone "control_stand"
			{parameters "ID=body;"}
			{Position -6.85123	24.4559	2.67979}
			{VolumeView "control_stand.ply"}
			{bone "control_box"
				{parameters "ID=body;"}
				{Position -2.08111	-0.47114	6.8249}
				{VolumeView "control_box.ply"}
				{bone "control_scope"
					{parameters "ID=body;"}
					{Position 2.09139	1.39549	5.95391}
					{VolumeView "control_scope.ply"}
					{bone "visor"
						{Matrix34
							0	1	0
							0	0	1
							1	0	0
							1.41357	-0.0286808	7.38395
						}
					}
				}
			}
		}
	}
}
{Obstacle "body"
	{Obb2
		{Center 1.87068 0.00743198}
		{Extent 10.4863 5.17151}
		{Axis 1 0}
	}
	{Rotate}
}
{Obstacle "body_vol2"
	{Obb2
		{Center -8.59742 -24.6068}
		{Extent 4.4314 4.51965}
		{Axis 1 0}
	}
	{Rotate}
}
{Volume "body"
	{Box 19.174 10.343 9.47375}
	{Bone "body"}
	{Matrix34
		-1	0	0
		0	-1	0
		0	0	1
		8.17943	0	4.73688
	}
}
{Volume "body_vol2"
	{Box 8.86279 9.0393 22.9315}
	{Bone "control_box"}
	{Position 0.334921	0.622028	2.22257}
}
