;Exported by: misan
;Date:        Sun May  8 10:04:03 2022
;File:        D:\Cold War\Model WIP\USSR\BTR-40\BTR-40.max
{Skeleton
	{bone "basis"
		{Orientation
			1	0	0
			0	-1	0
			0	0	1
		}
		{bone "body"
			{parameters "id=body;"}
			{Matrix34
				0.999867	-0.0148959	-0.00659745
				0.0150865	0.999441	0.0298397
				0.00614926	-0.0299353	0.999533
				-0.0169969	0	19.2713
			}
			{VolumeView "body.ply"}
			{bone "engine"
				{parameters "id=engine;"}
				{Position 28.7578	0.0803213	5.2872}
				{VolumeView "engine.ply"}
			}
			{bone "headlightl"
				{Position 43.1854	13.2746	-0.715309}
			}
			{bone "headlightr"
				{Position 43.1854	-13.2298	-0.715309}
			}
			{bone "fxfire4"
				{Position -11.6302	0.659675	-6.08923}
			}
			{bone "fxfire1"
				{Position 27.2678	0.659675	4.79932}
			}
			{bone "visor2"
				{Position 12.2427	6.72629	10.4936}
			}
			{bone "visor1"
				{Position 12.2427	-6.56785	10.4936}
			}
			{bone "driver"
				{Position 3.90497	6.94842	-12.0975}
			}
			{bone "commander"
				{Position 3.90497	-6.62145	-12.0975}
			}
			{bone "seat04"
				{Position -36.8201	-3.64176	-12.6576}
			}
			{bone "seat03"
				{Matrix34
					-1	0	0
					0	-1	0
					0	0	1
					-22.5609	-6.42528	-12.6576
				}
			}
			{bone "seat02"
				{Position -25.0489	6.2204	-12.6576}
			}
			{bone "seat01"
				{Matrix34
					0	1	0
					-1	0	0
					0	0	1
					-12.7403	-1.03481	-12.6576
				}
			}
			{bone "mgun_mount"
				{parameters "id=body;"}
				{Position 6.8152	0	13.8324}
				{VolumeView "mgun_mount.ply"}
			}
			{bone revolute "wheell1"
				{parameters "id=wheelleft1;radius=0.5;"}
				{Matrix34
					0.999867	0.0150865	0.00614927
					0.00659744	-0.0298394	-0.999533
					-0.0148959	0.999441	-0.029935
					29.0534	16.3362	-9.46301
				}
				{VolumeView "wheell1.ply"}
			}
			{bone revolute "wheell2"
				{parameters "id=wheelleft2;radius=0.5;"}
				{Matrix34
					0.999867	0.0150865	0.00614927
					0.00659744	-0.0298394	-0.999533
					-0.0148959	0.999441	-0.029935
					-24.1072	15.5341	-9.78995
				}
				{VolumeView "wheell2.ply"}
			}
			{bone revolute "wheelr1"
				{parameters "id=wheelright1;radius=0.5;"}
				{Matrix34
					0.999867	0.0150865	0.00614927
					0.00659744	-0.0298394	-0.999533
					-0.0148959	0.999441	-0.029935
					29.5366	-16.0808	-8.49205
				}
				{VolumeView "wheelr1.ply"}
			}
			{bone revolute "wheelr2"
				{parameters "id=wheelright2;radius=0.5;"}
				{Matrix34
					0.999867	0.0150865	0.00614927
					0.00659744	-0.0298394	-0.999533
					-0.0148959	0.999441	-0.029935
					-23.624	-16.883	-8.81899
				}
				{VolumeView "wheelr2.ply"}
			}
		}
		{bone "pivot_back"
			{Position -23.9205	0	10.1154}
		}
		{bone "pivot_front"
			{Position 29.1524	0	10.1154}
		}
		{bone "emit2"
			{Matrix34
				0	1	0
				-1	0	0
				0	0	1
				4.13994	-32.8523	0
			}
		}
		{bone "emit1"
			{Matrix34
				0	-1	0
				1	0	0
				0	0	1
				4.13994	34.0023	0
			}
		}
		{bone "emit3"
			{Position -69.7661	0.0682624	0}
		}
	}
}
{Volume "body1"
	{Polyhedron "body1.vol"}
	{Bone "body"}
	{Position 24.0652	0	-11.3995}
}
{Volume "body2"
	{Polyhedron "body2.vol"}
	{Bone "body"}
	{Position 9.34983	0	-11.3995}
}
{Volume "body3"
	{Polyhedron "body3.vol"}
	{Bone "body"}
	{Position -20.9433	0	-11.3995}
}
{Volume "hole"
	{Polyhedron "hole.vol"}
	{Bone "body"}
	{Position -24.4915	-0.213223	-7.08472}
}
{Volume "wheell1"
	{Cylinder 10.4736 4.7353}
	{Bone "wheell1"}
	{Matrix34
		1	0	0
		0	-1	0
		0	0	-1
		-0.0682297	-0.0302831	-0.497452
	}
}
{Volume "wheell2"
	{Cylinder 10.4736 4.7353}
	{Bone "wheell2"}
	{Matrix34
		1	0	0
		0	-1	0
		0	0	-1
		-0.0140495	-0.0302831	-0.497452
	}
}
{Volume "wheelr1"
	{Cylinder 10.4736 4.7353}
	{Bone "wheelr1"}
	{Matrix34
		1	0	0
		0	-1	0
		0	0	-1
		-0.0682297	-0.0302812	0.603622
	}
}
{Volume "wheelr2"
	{Cylinder 10.4736 4.7353}
	{Bone "wheelr2"}
	{Matrix34
		1	0	0
		0	-1	0
		0	0	-1
		-0.0140495	-0.0302812	0.603624
	}
}
