;Exported by: guita
;Date:        Sat Aug 21 19:34:28 2021
;File:        D:\Git\3D_Scenes\GoH_3D_vehicles_rus\vehicles\cannon\dshk\DSHK aa.max
{Skeleton
	{animation
		{sequence "recoil" {speed 1}}
		{sequence "close" {speed 0.6}}
	}
	{bone revolute "basis"
		{parameters "WheelRadius=0.21;"}
		{speed 0.01}
		{Orientation
			1	0	0
			0	-1	0
			0	0	1
		}
		{bone "body"
			{parameters "ID=body;"}
			{Position 0.217339	0.0185683	19.7582}
			{LODView
				{VolumeView "body.ply"}
				{VolumeView "body_lod1.ply"}
			}
			{bone revolute "turret"
				{parameters "ID=turret;"}
				{limits -10 10}
				{speed 0.005}
				{Position -2.43328	-0.0179252	1.48118}
				{LODView
					{VolumeView "turret.ply"}
					{VolumeView "turret_lod1.ply"}
				}
				{bone revolute "gun_rot"
					{parameters "ID=gun;"}
					{limits -15 25}
					{speed 0.006}
					{Matrix34
						1	0	0
						0	0	1
						0	-1	0
						-2.67437	0.840449	2.09933
					}
					{LODView
						{VolumeView "gun_rot.ply"}
						{VolumeView "gun_rot_lod1.ply"}
					}
					{bone "sight"
						{parameters "ID=gun;"}
						{Matrix34
							1	0	0
							0	0	-1
							0	1	0
							6.14717	5.68126	-0.244249
						}
						{LODView
							{VolumeView "sight.ply"}
							{VolumeView "sight_lod1.ply"}
						}
					}
					{bone "handle"
						{parameters "ID=gun;"}
						{Matrix34
							1	0	0
							0	0	-1
							0	1	0
							-14.3532	4.56459	-0.327824
						}
						{LODView
							{VolumeView "handle.ply"}
							{VolumeView "handle_lod1.ply"}
						}
					}
					{bone "dshk"
						{parameters "ID=gun;"}
						{Matrix34
							1	0	0
							0	0	-1
							0	1	0
							5.07622	4.02894	0.840446
						}
						{LODView
							{VolumeView "dshk.ply"}
							{VolumeView "dshk_lod1.ply"}
						}
						{bone "dshk_detail2"
							{parameters "ID=gun;"}
							{Matrix34
								0.559193	0	0.829038
								0	1	0
								-0.829038	0	0.559193
								-10.1786	-0.843978	0.0423317
							}
							{LODView
								{VolumeView "dshk_detail2.ply"}
								{VolumeView "dshk_detail2_lod1.ply"}
							}
						}
						{bone "dshk_detail1"
							{parameters "ID=gun;"}
							{Position -4.72357	-0.0089031	-2.38583}
							{LODView
								{VolumeView "dshk_detail1.ply"}
								{VolumeView "dshk_detail1_lod1.ply"}
							}
						}
						{bone "foresight14"
							{Matrix34
								0.999994	-0.00174571	0.00308466
								0.00174373	0.999998	0.000634906
								-0.00308576	-0.000629523	0.999995
								17.2017	-0.00270844	-1.46508
							}
						}
						{bone "fxshell"
							{Matrix34
								0	-0.819152	-0.573577
								1	0	0
								0	-0.573577	0.819152
								-9.94347	0	-2.38156
							}
						}
					}
					{bone "magazine"
						{parameters "ID=gun;"}
						{Matrix34
							1	0	0
							0	0	-1
							0	1	0
							-3.27196	0.452969	-1.68467
						}
						{LODView
							{VolumeView "magazine.ply"}
							{VolumeView "magazine_lod1.ply"}
						}
						{bone "magazine_cover"
							{parameters "ID=gun;"}
							{Matrix34
								1	0	0
								0	0.936672	0.350207
								0	-0.350207	0.936672
								-0.000497818	-0.0810761	2.11921
							}
							{LODView
								{VolumeView "magazine_cover.ply"}
								{VolumeView "magazine_cover_lod1.ply"}
							}
						}
					}
					{bone "ammo"
						{parameters "ID=gun;"}
						{Matrix34
							1	0	0
							0	0	-1
							0	1	0
							-3.49296	1.30721	1.09161
						}
						{LODView
							{VolumeView "ammo.ply"}
							{VolumeView "ammo_lod1.ply"}
						}
					}
				}
				{bone "visor"
					{Position -9.78614	0.0479813	8.33586}
				}
				{bone "visor2"
					{Position -0.0188489	9.84794	9.55581}
				}
				{bone "gunner"
					{Position -18.293	0.0715541	-21.2394}
				}
			}
			{bone "leg2"
				{parameters "ID=body;"}
				{Matrix34
					0.898794	0	-0.438371
					0	1	0
					0.438371	0	0.898794
					-3.04232	-0.0388762	0.0683994
				}
				{LODView
					{VolumeView "leg2.ply"}
					{VolumeView "leg2_lod1.ply"}
				}
			}
			{bone "leg3"
				{parameters "ID=body;"}
				{Matrix34
					1	0	0
					0	0.707107	-0.707107
					0	0.707107	0.707107
					-1.70458	-1.3025	-0.118599
				}
				{LODView
					{VolumeView "leg3.ply"}
					{VolumeView "leg3_lod1.ply"}
				}
			}
			{bone "leg1"
				{parameters "ID=body;"}
				{Matrix34
					1	0	0
					0	0.725374	0.688355
					0	-0.688355	0.725374
					-1.72553	1.27333	-0.156458
				}
				{LODView
					{VolumeView "leg1.ply"}
					{VolumeView "leg1_lod1.ply"}
				}
			}
			{bone "pivot_front"
				{Position -0.217339	-0.0185699	-19.7582}
				{bone revolute "wheelr"
					{parameters "ID=wheelright;Radius=0.21;"}
					{Matrix34
						-1	0	0
						0	0	-1
						0	-1	0
						0.233008	-6.09643	19.7477
					}
					{LODView
						{VolumeView "wheelr.ply"}
						{VolumeView "wheelr_lod1.ply"}
					}
				}
				{bone revolute "wheell"
					{parameters "ID=wheelleft;Radius=0.21;"}
					{Matrix34
						-1	0	0
						0	0	-1
						0	-1	0
						0.233008	6.09752	19.7477
					}
					{LODView
						{VolumeView "wheell.ply"}
						{VolumeView "wheell_lod1.ply"}
					}
				}
			}
		}
		{bone "driver1"
			{Position 29.7421	-1.25261	0}
		}
		{bone "support2"
			{Position -39.4403	-16.0934	0.0714483}
		}
		{bone "emit1"
			{Position -37.6357	0.072197	0}
		}
		{bone "support1"
			{Position -39.4467	16.2336	0.0714483}
		}
		{bone "emit2"
			{Position -10.2072	17.8996	-0.0172071}
		}
		{bone "commander"
			{Position -15.8202	10.9934	0}
		}
		{bone "fxtracel1"
			{parameters "LastPose = undefined;"}
			{Matrix34
				-1	0	0
				0	-1	0
				0	0	1
				0.0967706	6.83622	-0.0681546
			}
		}
		{bone "driver2"
			{Position -4.79499	11.4271	0}
		}
		{bone "fxtracer1"
			{Matrix34
				-1	0	0
				0	-1	0
				0	0	1
				0.09677	-6.68655	-0.0681552
			}
		}
		{bone "link1"
			{Matrix34
				-1	0	0
				0	0	1
				0	1	0
				-30.8517	0.0189896	10.8806
			}
		}
		{bone "pivot_back"
			{Position -29.8113	0.072197	0}
		}
	}
}
{Obstacle "obstacle"
	{Obb2
		{Center 0 0}
		{Extent 15.549 10.9335}
		{Axis -1 0}
	}
}
{Obstacle "obstacle1"
	{Obb2
		{Center 0.557804 0}
		{Extent 25.079 3.93701}
		{Axis -1 0}
	}
}
{Volume "body1"
	{Box 1.5748 1.5748 27.5688}
	{Bone "leg3"}
	{Matrix34
		0.965926	-0.0906401	0.242429
		0.0778282	0.995042	0.0619332
		-0.24684	-0.0409551	0.968191
		4.06877	0.333663	-13.1701
	}
}
{Volume "body2"
	{Box 1.5748 1.5748 27.5688}
	{Bone "leg1"}
	{Matrix34
		0.965926	0.084264	0.244717
		-0.0778282	0.996322	-0.0358646
		-0.246841	0.0155974	0.968931
		4.08971	-0.171392	-13.0714
	}
}
{Volume "body3"
	{Box 1.9685 1.9685 27.5688}
	{Bone "leg2"}
	{Matrix34
		0.906308	0	-0.422618
		0	1	0
		0.422619	0	0.906308
		-4.35119	0.0109348	-12.8455
	}
}
{Volume "body4"
	{Box 5.58377 5.4167 2.28109}
	{Bone "body"}
	{Position -2.18759	-0.0277491	0.189422}
}
{Volume "gun1"
	{Cylinder 1.07028 18.9417}
	{Bone "gun_rot"}
	{Matrix34
		0	0	-1
		0	1	0
		1	0	0
		12.6855	2.55935	0.77227
	}
}
{Volume "gun"
	{Box 14.9301 4.5772 3.98943}
	{Bone "gun_rot"}
	{Position -4.11752	2.01866	0.718072}
}
{Volume "magazine"
	{Box 6.28999 4.56502 3.74968}
	{Bone "magazine"}
	{Matrix34
		-0.0117757	0.906308	0.422454
		-0.025253	-0.422618	0.905956
		0.999612	0	0.0278636
		0	2.76872	1.04139
	}
}
{Volume "select"
	{Box 30.7662 18.0996 40.3511}
	{Bone "body"}
	{Position -3.1264	-0.0185681	-5.09444}
}
{Volume "turret"
	{Polyhedron "turret.vol"}
	{Bone "turret"}
	{Matrix34
		1	0	0
		0	0	1
		0	-1	0
		-2.64433	-0.535863	2.16375
	}
}
{Volume "wheelleft"
	{Cylinder 4.29134 1.53543}
	{Bone "wheell"}
	{Matrix34
		1	0	0
		0	-1	0
		0	0	-1
		0	0	-0.646293
	}
}
{Volume "wheelright"
	{Cylinder 4.29134 1.53543}
	{Bone "wheelr"}
	{Matrix34
		1	0	0
		0	-1	0
		0	0	-1
		0	-0.00830219	0.704425
	}
}
