;Exported by: Caspar
;Date:        Wed Feb  7 14:29:35 2018
;File:        H:\!_Work\Tractor\3D\Tractor_trailer_Export.max
{Skeleton
	{bone "basis"
		{Orientation
			1	0	0
			0	-1	0
			0	0	1
		}
		{bone "body"
			{parameters "ID=body;"}
			{Orientation
				-1	0	0
				0	-1	0
				0	0	1
			}
			{LODView
				{VolumeView "body.ply"}
				{VolumeView "body_lod1.ply"}
			}
			{bone "pivot_front"
				{Matrix34
					-1	0	0
					0	-1	0
					0	0	1
					13.4813	0	0
				}
				{bone revolute "wheell1"
					{parameters "ID=wheelleft1;WheelRadius=0.43;"}
					{Matrix34
						1	0	0
						0	0	-1
						0	1	0
						-0.149759	-21.6827	8.30013
					}
					{LODView
						{VolumeView "wheell1.ply"}
						{VolumeView "wheell1_lod1.ply"}
					}
					{bone "fxtracel1"
						{Matrix34
							1	0	0
							0	0	1
							0	-1	0
							2.44521	8.30013	-1.68071
						}
					}
				}
				{bone revolute "wheelr1"
					{parameters "ID=wheelright1;WheelRadius=0.43;"}
					{Matrix34
						1	0	0
						0	0	-1
						0	1	0
						-0.149755	21.6624	8.30013
					}
					{LODView
						{VolumeView "wheelr1.ply"}
						{VolumeView "wheelr1_lod1.ply"}
					}
					{bone "fxtracer1"
						{Matrix34
							1	0	0
							0	0	1
							0	-1	0
							2.35801	8.30013	1.86451
						}
					}
				}
			}
			{bone "pivot_back"
				{Matrix34
					-1	0	0
					0	-1	0
					0	0	1
					-51.6439	0	0
				}
				{bone revolute "wheelr2"
					{parameters "ID=wheelright2;WheelRadius=0.43;"}
					{Matrix34
						1	0	0
						0	0	-1
						0	1	0
						0.200966	21.6623	8.30012
					}
					{LODView
						{VolumeView "wheelr2.ply"}
						{VolumeView "wheelr2_lod1.ply"}
					}
					{bone "fxtracer2"
						{Matrix34
							1	0	0
							0	0	1
							0	-1	0
							2.68951	8.30012	1.86452
						}
					}
				}
				{bone revolute "wheell2"
					{parameters "ID=wheelleft2;WheelRadius=0.43;"}
					{Matrix34
						1	0	0
						0	0	-1
						0	1	0
						0.200958	-21.6827	8.30012
					}
					{LODView
						{VolumeView "wheell2.ply"}
						{VolumeView "wheell2_lod1.ply"}
					}
					{bone "fxtracel2"
						{Matrix34
							1	0	0
							0	0	1
							0	-1	0
							2.68953	8.30013	-1.68071
						}
					}
				}
			}
			{bone "link1"
				{Position 62.4108	0	7.07722}
			}
			{bone "trailer_lumber"
				{parameters "ID=body;"}
				{VolumeView "trailer_lumber.ply"}
			}
			{bone "detail1"
				{Orientation
					1	0	0
					0	1	0
					0	0	1
				}
				{VolumeView "detail1.ply"}
			}
		}
	}
}
{Volume "body10"
	{Box 15.5204 14.7763 6.37047}
	{Bone "body"}
	{Matrix34
		-1	0	0
		0	-1	0
		0	0	1
		13.7687	0	17.0352
	}
}
{Volume "body11"
	{Box 1.72511 23.1698 5.8714}
	{Bone "body"}
	{Matrix34
		0	-1	0
		1	0	0
		0	0	1
		13.6151	-14.7756	12.7023
	}
}
{Volume "body12"
	{Box 16.4516 7.24874 3.63117}
	{Bone "body"}
	{Matrix34
		-1	0	0
		0	-1	0
		0	0	1
		23.8108	0	13.0017
	}
}
{Volume "body13"
	{Polyhedron "body13.vol"}
	{Bone "body"}
	{Matrix34
		-0.984808	0	0.173648
		0	-1	0
		0.173648	0	0.984808
		38.9753	0	10.4951
	}
}
{Volume "body14"
	{Box 82.508 31.3106 2.628}
	{Bone "trailer_lumber"}
	{Matrix34
		-1	0	0
		0	-1	0
		0	0	1
		-18.7188	0	23.4039
	}
}
{Volume "body15"
	{Polyhedron "body15.vol"}
	{Bone "trailer_lumber"}
	{Matrix34
		-1	0	0
		0	-1	0
		0	0	1
		31.7676	0	24.5607
	}
}
{Volume "body16"
	{Box 1.67598 1.08961 17.0799}
	{Bone "trailer_lumber"}
	{Matrix34
		-1	0	0
		0	-0.601786	-0.798657
		0	-0.798657	0.601786
		-58.7211	-22.1183	28.6855
	}
}
{Volume "body17"
	{Box 1.67598 1.08961 25.1074}
	{Bone "trailer_lumber"}
	{Matrix34
		-1	0	0
		0	-0.999999	0.0010233
		0	0.0010233	0.999999
		-58.7211	-28.9656	46.0867
	}
}
{Volume "body18"
	{Box 1.67598 1.08961 25.1074}
	{Bone "trailer_lumber"}
	{Matrix34
		1	0	0
		0	0.999999	0.0010233
		0	-0.0010233	0.999999
		-58.7211	28.7994	46.0867
	}
}
{Volume "body19"
	{Box 1.67598 1.08961 17.0799}
	{Bone "trailer_lumber"}
	{Matrix34
		1	0	0
		0	0.601786	-0.798657
		0	0.798657	0.601786
		-58.7211	21.9521	28.6855
	}
}
{Volume "body1"
	{Box 80.9454 36.3755 1.87714}
	{Bone "body"}
	{Matrix34
		-1	0	0
		0	-1	0
		0	0	1
		-18.7188	0	21.1897
	}
}
{Volume "body20"
	{Box 1.67598 1.08961 17.0799}
	{Bone "trailer_lumber"}
	{Matrix34
		1	0	0
		0	0.601786	-0.798657
		0	0.798657	0.601786
		-39.1322	21.9521	28.6855
	}
}
{Volume "body21"
	{Box 1.67598 1.08961 25.1074}
	{Bone "trailer_lumber"}
	{Matrix34
		1	0	0
		0	0.999999	0.0010233
		0	-0.0010233	0.999999
		-39.1322	28.7994	46.0867
	}
}
{Volume "body22"
	{Box 1.67598 1.08961 17.0799}
	{Bone "trailer_lumber"}
	{Matrix34
		-1	0	0
		0	-0.601786	-0.798657
		0	-0.798657	0.601786
		-39.1322	-22.1183	28.6855
	}
}
{Volume "body23"
	{Box 1.67598 1.08961 25.1074}
	{Bone "trailer_lumber"}
	{Matrix34
		-1	0	0
		0	-0.999999	0.0010233
		0	0.0010233	0.999999
		-39.1322	-28.9656	46.0867
	}
}
{Volume "body24"
	{Box 1.67598 1.08961 17.0799}
	{Bone "trailer_lumber"}
	{Matrix34
		1	0	0
		0	0.601786	-0.798657
		0	0.798657	0.601786
		-18.5173	21.9521	28.6855
	}
}
{Volume "body25"
	{Box 1.67598 1.08961 25.1074}
	{Bone "trailer_lumber"}
	{Matrix34
		1	0	0
		0	0.999999	0.0010233
		0	-0.0010233	0.999999
		-18.5173	28.7994	46.0867
	}
}
{Volume "body26"
	{Box 1.67598 1.08961 17.0799}
	{Bone "trailer_lumber"}
	{Matrix34
		-1	0	0
		0	-0.601786	-0.798657
		0	-0.798657	0.601786
		-18.5173	-22.1183	28.6855
	}
}
{Volume "body27"
	{Box 1.67598 1.08961 25.1074}
	{Bone "trailer_lumber"}
	{Matrix34
		-1	0	0
		0	-0.999999	0.0010233
		0	0.0010233	0.999999
		-18.5173	-28.9656	46.0867
	}
}
{Volume "body28"
	{Box 1.67598 1.08961 25.1074}
	{Bone "trailer_lumber"}
	{Matrix34
		-1	0	0
		0	-0.999999	0.0010233
		0	0.0010233	0.999999
		2.13029	-28.9656	46.0867
	}
}
{Volume "body29"
	{Box 1.67598 1.08961 17.0799}
	{Bone "trailer_lumber"}
	{Matrix34
		1	0	0
		0	0.601786	-0.798657
		0	0.798657	0.601786
		2.1303	21.9521	28.6855
	}
}
{Volume "body2"
	{Box 3.64255 34.0733 3.39387}
	{Bone "body"}
	{Matrix34
		-1	0	0
		0	-1	0
		0	0	1
		-51.6928	0	8.19485
	}
}
{Volume "body30"
	{Box 1.67598 1.08961 25.1074}
	{Bone "trailer_lumber"}
	{Matrix34
		1	0	0
		0	0.999999	0.0010233
		0	-0.0010233	0.999999
		2.1303	28.7994	46.0867
	}
}
{Volume "body31"
	{Box 1.67598 1.08961 17.0799}
	{Bone "trailer_lumber"}
	{Matrix34
		-1	0	0
		0	-0.601786	-0.798657
		0	-0.798657	0.601786
		2.13029	-22.1183	28.6855
	}
}
{Volume "body32"
	{Box 1.67598 1.08961 17.0799}
	{Bone "trailer_lumber"}
	{Matrix34
		-1	0	0
		0	-0.601786	-0.798657
		0	-0.798657	0.601786
		21.5955	-22.1183	28.6855
	}
}
{Volume "body33"
	{Box 1.67598 1.08961 25.1074}
	{Bone "trailer_lumber"}
	{Matrix34
		-1	0	0
		0	-0.999999	0.0010233
		0	0.0010233	0.999999
		21.5955	-28.9656	46.0867
	}
}
{Volume "body34"
	{Box 1.67598 1.08961 17.0799}
	{Bone "trailer_lumber"}
	{Matrix34
		1	0	0
		0	0.601786	-0.798657
		0	0.798657	0.601786
		21.5955	21.9521	28.6855
	}
}
{Volume "body35"
	{Box 1.67598 1.08961 25.1074}
	{Bone "trailer_lumber"}
	{Matrix34
		1	0	0
		0	0.999999	0.0010233
		0	-0.0010233	0.999999
		21.5955	28.7994	46.0867
	}
}
{Volume "body3"
	{Box 1.72511 23.1698 5.8714}
	{Bone "body"}
	{Matrix34
		0	-1	0
		1	0	0
		0	0	1
		-51.6928	-14.7756	12.7023
	}
}
{Volume "body4"
	{Box 0.534785 17.3774 5.8714}
	{Bone "body"}
	{Matrix34
		0	-1	0
		1	0	0
		0	0	1
		-51.6928	-15.3064	18.2193
	}
}
{Volume "body5"
	{Box 0.534785 17.3774 5.8714}
	{Bone "body"}
	{Matrix34
		0	-1	0
		1	0	0
		0	0	1
		-51.6928	15.3344	18.2193
	}
}
{Volume "body6"
	{Box 1.72511 23.1698 5.8714}
	{Bone "body"}
	{Matrix34
		0	-1	0
		1	0	0
		0	0	1
		-51.6928	14.73	12.7023
	}
}
{Volume "body7"
	{Box 15.3667 27.8798 1.82013}
	{Bone "body"}
	{Matrix34
		-1	0	0
		0	-1	0
		0	0	1
		-51.5391	0	14.7601
	}
}
{Volume "body8"
	{Box 3.64255 34.0733 3.39387}
	{Bone "body"}
	{Matrix34
		-1	0	0
		0	-1	0
		0	0	1
		13.6151	0	8.19485
	}
}
{Volume "body9"
	{Box 1.72511 23.1698 5.8714}
	{Bone "body"}
	{Matrix34
		0	-1	0
		1	0	0
		0	0	1
		13.6151	14.73	12.7023
	}
}
{Volume "detail1a"
	{Box 86.1942 32.83 13.9121}
	{Bone "detail1"}
	{Matrix34
		-1	0	0
		0	-0.866025	-0.5
		0	-0.5	0.866025
		-14.8367	14.9347	33.3431
	}
}
{Volume "detail1b"
	{Box 86.1942 27.9055 13.9121}
	{Bone "detail1"}
	{Matrix34
		-1	0	0
		0	-0.819152	0.573577
		0	0.573577	0.819152
		-14.8367	-16.3222	33.7005
	}
}
{Volume "wheelleft1"
	{Cylinder 8.67336 5.56087}
	{Bone "wheell1"}
	{Matrix34
		1	0	0
		0	-1	0
		0	0	-1
		0	0	-1.69513
	}
}
{Volume "wheelleft2"
	{Cylinder 8.67336 5.56087}
	{Bone "wheell2"}
	{Matrix34
		1	0	0
		0	-1	0
		0	0	-1
		0	0	-1.66129
	}
}
{Volume "wheelright1"
	{Cylinder 8.67336 5.56087}
	{Bone "wheelr1"}
	{Matrix34
		1	0	0
		0	-1	0
		0	0	-1
		0.0905838	0	1.66203
	}
}
{Volume "wheelright2"
	{Cylinder 8.67336 5.56087}
	{Bone "wheelr2"}
	{Matrix34
		1	0	0
		0	-1	0
		0	0	-1
		0	0	1.66203
	}
}
