;Exported by:	 guita
;Date:			 17.10.2020 16:28:38
;File:			 D:\Git\3D_Scenes\GoH_3D_vehicles_rus\vehicles\cannon\61k\37mm_61k_xx.max
{skeleton
	{bone "basis"
		{orientation
			1 	 0 	 0
			0 	 -1 	 0
			0 	 0 	 1
		}
		{bone "body"
			{parameters "id=body;"}
			{Position 0.4033 	 0 	 7.0079}
			{VolumeView "body.ply"}
			{bone revolute "turret"
				{parameters "id=body;"}
				{Position -0.4033 	 0 	 4.0551}
				{LODView
					{VolumeView "turret.ply"}
					{VolumeView "turret_lod1.ply"}
				}
				{bone revolute "gun_rot"
					{parameters "id=gun;"}
					{matrix34
						0.9893 	 -0.0509 	 -0.1367
						0.1454 	 0.4142 	 0.8985
						0.0109 	 -0.9088 	 0.4172
						-2.8797 	 0.5057 	 7.7992
					}
					{LODView
						{VolumeView "gun_rot.ply"}
						{VolumeView "gun_rot_lod1.ply"}
					}
				}
				{bone "part5"
					{parameters "id=part5;"}
					{matrix34
						0.9899 	 -0.0034 	 -0.1418
						-0.0008 	 0.9996 	 -0.029
						0.1418 	 0.0288 	 0.9895
						7.43 	 0.3327 	 1.5773
					}
					{VolumeView "part5.ply"}
				}
			}
			{bone "part6"
				{parameters "id=part6;"}
				{matrix34
					0.631 	 0.7641 	 -0.134
					-0.7601 	 0.6435 	 0.09
					0.155 	 0.0451 	 0.9869
					-0.3703 	 14.3033 	 -4.365
				}
				{VolumeView "part6.ply"}
			}
			{bone "part1"
				{parameters "id=part1;"}
				{matrix34
					0.5802 	 -0.6834 	 0.4432
					0.7549 	 0.6555 	 0.0226
					-0.3059 	 0.3214 	 0.8962
					-0.3486 	 -14.206 	 -3.5365
				}
				{VolumeView "part1.ply"}
			}
			{bone "part4"
				{parameters "id=wheelright2;"}
				{matrix34
					0.932 	 0.0583 	 -0.3577
					-0.273 	 0.7621 	 -0.587
					0.2384 	 0.6448 	 0.7263
					-33.7406 	 -9.665 	 2.366
				}
				{VolumeView "part4.ply"}
				{bone "4"
					{parameters "id=wheelright2;"}
					{matrix34
						0.5382 	 0.1751 	 -0.8244
						-0.0463 	 0.9828 	 0.1785
						0.8415 	 -0.0579 	 0.5371
						0.4134 	 -1.8042 	 -5.5227
					}
					{VolumeView "4.ply"}
				}
			}
			{bone revolute "part3"
				{parameters "id=wheelleft1;"}
				{matrix34
					0.0426 	 0.6588 	 -0.7511
					0.7276 	 -0.5356 	 -0.4286
					-0.6847 	 -0.5283 	 -0.5021
					33.6521 	 12.3178 	 -1.3631
				}
				{VolumeView "part3.ply"}
				{bone "3"
					{parameters "id=wheelleft1;"}
					{matrix34
						1 	 0 	 0
						0 	 0 	 1
						0 	 -1 	 0
						0 	 0 	 0.9589
					}
					{VolumeView "3.ply"}
				}
			}
		}
	}
}
{obstacle "obstacle"
	{obb2
		{center -0.145446 -0.0934839}
		{extent 11.7024 13.1633}
		{axis 1 0}
	}
	{rotate}
}
{obstacle "obstacle_back"
	{obb2
		{center -33.9419 0.00396538}
		{extent 4.07855 16.3094}
		{axis 1 0}
	}
	{rotate}
}
{obstacle "obstacle_center"
	{obb2
		{center 0.667891 -0.00061512}
		{extent 39.5267 2.30863}
		{axis 1 0}
	}
	{rotate}
}
{obstacle "obstacle_front"
	{obb2
		{center 28.3745 -0.0101271}
		{extent 4.04047 16.3234}
		{axis 1 0}
	}
	{rotate}
}
{volume "barrel1"
	{cylinder 0.719981 33.9884}
	{bone "gun_rot"}
	{matrix34
		0.1032 	 0.3841 	 -0.9175
		0.01 	 0.922 	 0.3871
		0.9946 	 -0.0491 	 0.0913
		32.7157 	 0.2547 	 0.6557
	}
}
{volume "barrel2"
	{cylinder 0.719981 11.6763}
	{bone "gun_rot"}
	{matrix34
		0 	 0 	 -1
		0 	 1 	 0
		1 	 0 	 0
		18.321 	 -1.3093 	 0
	}
}
{volume "barrel3"
	{cylinder 1.17357 8.81093}
	{bone "gun_rot"}
	{matrix34
		0 	 0 	 -1
		0 	 1 	 0
		1 	 0 	 0
		16.8883 	 0.6886 	 0
	}
}
{volume "barrel4"
	{box 19.386 5.62004 4.08306}
	{bone "gun_rot"}
	{Position 2.7899 	 -0.0808 	 -0.0327}
}
{volume "body1"
	{box 79.0534 4.61726 3.88051}
	{bone "body"}
	{matrix34
		0.9994 	 0.0235 	 -0.0268
		-0.0243 	 0.9993 	 -0.0284
		0.0261 	 0.0291 	 0.9992
		0.2995 	 1.8127 	 -4.3017
	}
}
{volume "body2"
	{box 31.1472 3.8189 3.88051}
	{bone "body"}
	{matrix34
		-0.0008 	 0.9996 	 -0.029
		-0.9997 	 0 	 0.0261
		0.0261 	 0.0291 	 0.9992
		-0.3668 	 0.0404 	 -4.2327
	}
}
{volume "body5"
	{polyhedron "body5.vol"}
	{bone "turret"}
	{matrix34
		0.9997 	 0 	 -0.0261
		-0.0008 	 0.9996 	 -0.029
		0.0261 	 0.0291 	 0.9992
		-0.0241 	 0.1838 	 -5.3668
	}
}
{volume "body6"
	{box 2.76961 3.91342 25.2362}
	{bone "body"}
	{matrix34
		0.9833 	 -0.0305 	 -0.1792
		0.1817 	 0.1925 	 0.9643
		0.0051 	 -0.9808 	 0.1949
		-32.8754 	 0.0165 	 -1.7213
	}
}
{volume "body7"
	{box 2.76961 3.91342 25.2362}
	{bone "body"}
	{matrix34
		0.4779 	 0.15 	 -0.8655
		0.8659 	 0.0856 	 0.4929
		0.148 	 -0.985 	 -0.089
		29.4011 	 2.6557 	 -3.5862
	}
}
{volume "body8"
	{polyhedron "body8.vol"}
	{bone "turret"}
	{matrix34
		0.9997 	 0 	 -0.0261
		-0.0008 	 0.9996 	 -0.029
		0.0261 	 0.0291 	 0.9992
		1.2739 	 0.2298 	 2.1651
	}
}
{volume "part1"
	{box 21.1822 3.8189 3.88051}
	{bone "part1"}
	{matrix34
		0 	 1 	 0
		-1 	 0 	 0
		0 	 0 	 1
		0.0143 	 -11.8419 	 -0.2822
	}
}
{volume "part3"
	{cylinder 6.88976 3.19646}
	{bone "part3"}
	{matrix34
		1 	 0 	 0
		0 	 -1 	 0
		0 	 0 	 -1
		0 	 0 	 0.9589
	}
}
{volume "part4"
	{cylinder 5.8563 3.19646}
	{bone "part4"}
	{matrix34
		0.9979 	 0.0374 	 0.0529
		-0.0453 	 -0.1806 	 0.9825
		0.0463 	 -0.9828 	 -0.1785
		0.4679 	 -1.8035 	 -5.5127
	}
}
{volume "part5"
	{box 13.5378 4.04412 1.76549}
	{bone "part5"}
	{matrix34
		0.989 	 0 	 -0.1476
		0 	 1 	 0
		0.1476 	 0 	 0.989
		1.6154 	 0.0591 	 -0.2296
	}
}
{volume "part6"
	{box 21.1811 3.8189 3.88051}
	{bone "part6"}
	{matrix34
		0 	 1 	 0
		-1 	 0 	 0
		0 	 0 	 1
		0 	 11.8544 	 -0.2822
	}
}
