;Exported by: doc
;Date:        Thu Jul 04 00:32:39 2019
;File:        Z:\work\0.KRIS\vehicles3\UH-1 Iroquois\export\uh_1h_mg.max
{Skeleton
	{animation
		{sequence "engine_start" {speed 0.6}}
		{sequence "engine_work" {speed 0.6} {resume}}
		{sequence "engine_stop" {speed 0.6}}
		{sequence "doorleft"}
		{sequence "doorright"}
		{sequence "pivot_forward" {speed 0.2}}
		{sequence "pivot_back" {speed 0.2}}
		{sequence "hover" {speed 0.1}}
		{sequence "lower" {speed 0.075}}
		{sequence "pause" {speed 0.1}}
		{sequence "bug_out" {speed 0.05}}
	}
	{bone revolute "basis"
		{limits 0 0}
		{parameters "SteerMax=25;"}
		{Orientation
			1	0	0
			0	-1	0
			0	0	1
		}
		{bone "heli_ani"
			{Position -14.099	0.0451431	0}
			{bone "heli_ani1"
				{bone "emit2"
					{Matrix34
						0	1	0
						-1	0	0
						0	0	1
						36.1876	-33.5871	0
					}
				}
				{bone "emit1"
					{Matrix34
						0	-1	0
						1	0	0
						0	0	1
						36.1876	32.8294	0
					}
				}
				{bone "emit3"
					{Matrix34
						0	-1	0
						1	0	0
						0	0	1
						15.2916	33.5871	0
					}
				}
				{bone "emit4"
					{Matrix34
						0	1	0
						-1	0	0
						0	0	1
						15.2916	-33.5871	0
					}
				}
				{bone "emit5"
					{Matrix34
						0	-1	0
						1	0	0
						0	0	1
						10.2916	33.5871	0
					}
				}
				{bone "emit6"
					{Matrix34
						0	1	0
						-1	0	0
						0	0	1
						10.2916	-33.5871	0
					}
				}
				{bone "body"
					{parameters "ID=body;"}
					{Position 0	0	0}
					{VolumeView "body.ply"}
					{bone "driver"
						{Position 39.9145	10.0817	14.1641}
					}
					{bone "commander"
						{Position 39.9145	-9.98044	14.1641}
					}
					{bone "seat01"
						{Matrix34
							0	1	0
							-1	0	0
							0	0	1
							12.3845	22	7.4279
						}
					}
					{bone "seat02"
						{Matrix34
							0	-1	0
							1	0	0
							0	0	1
							12.3845	-22	7.4279
						}
					}
					{bone "seat03"
						{Matrix34
							0	1	0
							-1	0	0
							0	0	1
							24.3845	22	7.4279
						}
					}
					{bone "seat04"
						{Matrix34
							0	-1	0
							1	0	0
							0	0	1
							24.3845	-22	7.4279
						}
					}
					{bone "seat05"
						{Matrix34
							0.984808	0	0.173648
							0	1	0
							-0.173648	0	0.984808
							14.4926	3	17
						}
					}
					{bone "seat06"
						{Matrix34
							0.984808	0	0.173648
							0	1	0
							-0.173648	0	0.984808
							14.4926	-3	17
						}
					}
					{bone "seat07"
						{Matrix34
							0.984808	0	0.173648
							0	1	0
							-0.173648	0	0.984808
							14.4926	12	15.7064
						}
					}
					{bone "seat08"
						{Matrix34
							0.984808	0	0.173648
							0	1	0
							-0.173648	0	0.984808
							14.4926	-12	15.7064
						}
					}
					{bone "seat09"
						{Matrix34
							-1	0	0
							0	-1	0
							0	0	1
							29	9	17
						}
					}
					{bone "seat10"
						{Matrix34
							-1	0	0
							0	-1	0
							0	0	1
							29	-9	17
						}
					}
					{bone revolute "mgun_rot_h_right"
						{parameters "ID=turret;"}
						{speed 0.03}
						{limits -90 90}
						{Position -0.624	-28.0056	24.0075}
						{VolumeView "mgun_rot_h_right.ply"}
						{bone revolute "mgun_rot_v_right"
							{parameters "ID=turret;"}
							{limits -90 90}
							{speed 0.03}
							{Matrix34
								0	-1	0
								0	0	1
								-1	0	0
								0	0	2.53337
							}
							{VolumeView "mgun_rot_v_right.ply"}
							{bone "mgun1_link"
								{Position -3.63453	0.233459	0.0149155}
							}
							{bone "visor3"
								{Matrix34
									1	0	0
									0	0	-1
									0	1	0
									3.96159	0.0809021	0.13662
								}
							}
						}
					}
					{bone revolute "mgun_rot_h_left"
						{parameters "ID=turret;"}
						{speed 0.03}
						{limits -70 70}
						{Matrix34
							-1	0	0
							0	-1	0
							0	0	1
							-0.651	28.0503	24.0945
						}
						{VolumeView "mgun_rot_h_left.ply"}
						{bone revolute "mgun_rot_v_left"
							{parameters "ID=turret;"}
							{limits -60 40}
							{speed 0.03}
							{Matrix34
								0	-1	0
								0	0	1
								-1	0	0
								0	0	2.53337
							}
							{VolumeView "mgun_rot_v_left.ply"}
							{bone "mgun2_link"
								{Position -3.63453	0.233463	0.0149155}
							}
							{bone "visor2"
								{Matrix34
									1	0	0
									0	0	-1
									0	1	0
									6.43336	0.0770149	0.0369034
								}
							}
						}
					}
					{bone revolute "dummy_rot_h"
						{limits -70 70}
						{speed 0.03}
						{Matrix34
							0.99863	0	0.0523361
							0	1	0
							-0.0523361	0	0.99863
							-50.0661	0	43.1659
						}
						{bone revolute "dummy_rot_v"
							{limits -60 40}
							{speed 0.03}
							{Matrix34
								1	0	0
								0	0	1
								0	-1	0
								0	0	6.52569
							}
							{bone revolute "dummy"
								{parameters "ID=dummy;"}
								{Position 0	6.90753	0}
							}
							{bone "foresight1"
								{Matrix34
									1	0	0
									0	0	-1
									0	1	0
									0	6.90753	0
								}
							}
						}
					}
					
					{bone "gunner2"
						{Matrix34
							0	1	0
							-0.999965	0	0.00834074
							0.00834074	0	0.999965
							-3	14.8516	15.5
						}
					}
					{bone "gunner1"
						{Matrix34
							0	-1	0
							0.999965	0	0.00834122
							-0.00834122	0	0.999965
							-3	-14.8129	15.5
						}
					}
					{bone "doorleft1"
						{parameters "ID=body;"}
						{Matrix34
							0.9714 0.3 0
							-0.3 0.9778 0
							0 0 1
							-44.7411	11.0623	14.8524
						}
						{VolumeView "doorleft1.ply"}
						{bone "window15"
							{Matrix34
								0	-1	0
								1	0	0
								0	0	1
								25.0745	2.08927	15.506
							}
							{VolumeView "window15.ply"}
						}
						{bone "window16"
							{Matrix34
								0.00222857	-0.999998	0
								0.999998	0.00222857	0
								0	0	1
								8.84205	1.44569	15.1256
							}
							{VolumeView "window16.ply"}
						}
					}
					{bone "doorright1"
						{parameters "ID=body;"}
						{Matrix34
							0.9714 -0.3 0
							0.3 0.9778 0
							0 0 1
							-25.1162	5.5	-0.523729
						}
						{VolumeView "doorright1.ply"}
						{bone "window11"
							{Matrix34
								0	-1	0
								1	0	0
								0	0	1
								-5.52014	-22.69	30.5791
							}
							{VolumeView "window11.ply"}
						}
						{bone "window10"
							{Matrix34
								0	-1	0
								1	0	0
								0	0	1
								10.3786	-23.2966	30.9538
							}
							{VolumeView "window10.ply"}
						}
					}
					{bone "doorleft"
						{parameters "ID=body;"}
						{Matrix34
							0.999194	0	0.0401318
							-0.00231015	0.998342	0.0575177
							-0.0400652	-0.057564	0.997538
							51.2418	17.4667	18.3604
						}
						{VolumeView "doorleft.ply"}
						{bone "window12"
							{Matrix34
								0	-0.998342	0.0575639
								0.999194	-0.0023103	-0.0400652
								0.0401318	0.0575175	0.997538
								-5.81152	0.602697	12.8606
							}
							{VolumeView "window12.ply"}
						}
						{bone "window13"
							{Matrix34
								0	-0.998342	0.0575639
								0.999194	-0.0023103	-0.0400652
								0.0401318	0.0575175	0.997538
								-12.5969	1.56174	13.9025
							}
							{VolumeView "window13.ply"}
						}
					}
					{bone "doorright"
						{parameters "ID=body;"}
						{Matrix34
							0.999194	0	0.0401318
							0.00231014	0.998342	-0.0575175
							-0.0400652	0.0575639	0.997538
							51.2418	-17.4606	18.3604
						}
						{VolumeView "doorright.ply"}
						{bone "window7"
							{Matrix34
								0	-0.998342	-0.057564
								0.999194	0.00230998	-0.0400652
								0.0401317	-0.0575176	0.997538
								-5.81152	-0.608807	12.8603
							}
							{VolumeView "window7.ply"}
						}
						{bone "window8"
							{Matrix34
								0	-0.998342	-0.057564
								0.999194	0.00230998	-0.0400652
								0.0401317	-0.0575176	0.997538
								-12.5969	-1.56784	13.9021
							}
							{VolumeView "window8.ply"}
						}
					}
					{bone "doorleft2"
						{parameters "ID=body;"}
						{Matrix34
							0.985705	-0.168479	0
							0.0177686	0.103957	-0.994423
							0.167539	0.980208	0.105465
							30.5634	21.358	31.3322
						}
						{bone "window14"
							{Matrix34
								0.168479	-0.103957	-0.980208
								0.985705	0.0177689	0.167539
								0	-0.994423	0.105465
								-5.35125	-0.528151	-0.422567
							}
						}
					}
					{bone "doorright2"
						{parameters "ID=body;"}
						{Matrix34
							0.999816	0	0.0191972
							0.00193598	0.994902	-0.100829
							-0.0190994	0.100848	0.994719
							30.175	-21.7913	23.754
						}
						{bone "window9"
							{Matrix34
								0	-0.994902	-0.100848
								0.999816	0.00193633	-0.0190994
								0.0191973	-0.10083	0.994718
								-4.8109	-0.821287	8.11119
							}
						}
					}
					{bone "engine"
						{parameters "ID=engine;"}
						{Position -20.8655	0.00514936	48.0459}
						{VolumeView "engine.ply"}
						{bone "rotor"
							{parameters "ID=rotor;"}
							{Matrix34
								0.461749	0.887011	0
								-0.887011	0.461749	0
								0	0	1
								20.863	-0.000348472	6.54074
							}
							{VolumeView "rotor.ply"}
							{bone "propeller"
								{parameters "ID=propeller;"}
								{VolumeView "propeller.ply"}
							}
							{bone "propeller1"
								{parameters "ID=propeller1;"}
								{VolumeView "propeller1.ply"}
							}
							{bone "engine_work"
								{Matrix34
									0.887038	-0.461696	0
									0.461696	0.887038	0
									0	0	1
									1.4463e-005	-6.50687e-005	18.5566
								}
								{visibility 0}
								{VolumeView "engine_work.ply"}
							}
						}
						{bone "rotor_b"
							{parameters "ID=rotor_b;"}
							{Matrix34
								0	1	0
								-1	0	0
								0	0	1
								-144.474	-0.00514746	16.0266
							}
							{VolumeView "rotor_b.ply"}
							{bone "rotor_work"
								{Matrix34
									0	-1	0
									0	0	-1
									1	0	0
									7.51302	0.0272827	0.504761
								}
								{visibility 0}
								{VolumeView "rotor_work.ply"}
							}
							{bone "propeller_b"
								{parameters "ID=propeller_b;"}
								{Matrix34
									0	-1	0
									1	0	0
									0	0	1
									6.93593	0.92746	14.5759
								}
								{VolumeView "propeller_b.ply"}
							}
							{bone "propeller_b1"
								{parameters "ID=propeller_b1;"}
								{Matrix34
									0	-1	0
									1	0	0
									0	0	1
									6.93593	-0.872818	-14.589
								}
								{VolumeView "propeller_b1.ply"}
							}
						}
					}
					{bone "window1"
						{Matrix34
							0	-1	0
							1	0	0
							0	0	1
							49.5635	-7.951	34.3088
						}
						{VolumeView "window1.ply"}
					}
					{bone "window2"
						{Matrix34
							0	-1	0
							1	0	0
							0	0	1
							49.5636	7.95101	34.3088
						}
						{VolumeView "window2.ply"}
					}
					{bone "window3"
						{Matrix34
							0	-1	0
							1	0	0
							0	0	1
							38.0353	-11.348	43.0191
						}
						{VolumeView "window3.ply"}
					}
					{bone "window4"
						{Matrix34
							0	-1	0
							1	0	0
							0	0	1
							38.0353	11.348	43.0191
						}
						{VolumeView "window4.ply"}
					}
					{bone "window5"
						{Matrix34
							0	-1	0
							1	0	0
							0	0	1
							60.6193	-10.7407	16.1817
						}
						{VolumeView "window5.ply"}
					}
					{bone "window6"
						{Matrix34
							0	-1	0
							1	0	0
							0	0	1
							60.6193	10.7407	16.1817
						}
						{VolumeView "window6.ply"}
					}
					{bone "attach"
						{Matrix34
							0.999848	0	-0.0174524
							0	1	0
							0.0174524	0	0.999848
							4.94531	-0.842291	-63.3573
						}
					}
				}
			}
		}
		{bone "pivot_front"
			{Position 43.9549	0	9.72206}
			{bone "fxtracer1"
				{Position -4.63291	-23.3834	-9.72206}
			}
			{bone "fxtracel1"
				{Position -4.63291	23.4656	-9.72206}
			}
		}
		{bone "pivot_back"
			{Position -10.0914	0	9.72206}
			{bone "fxtracel2"
				{Position -5.76298	23.4656	-9.72206}
			}
			{bone "fxtracer2"
				{Position -5.76298	-23.3834	-9.72206}
			}
		}
		{bone "fxdust"
			{Position 43.9549	0	9.72206}
		}
	}
}
{Obstacle "body1"
	{Obb2
		{Center -100.662 0.126928}
		{Extent 51.8484 10.1586}
		{Axis 1 0}
	}
	{Rotate}
	{Rotate}
}
{Obstacle "body2"
	{Obb2
		{Center -153.848 0.126932}
		{Extent 18.6524 4.43931}
		{Axis 1 0}
	}
	{Rotate}
	{Rotate}
}
{Obstacle "body3"
	{Obb2
		{Center 61.444 0.126932}
		{Extent 7.08442 16.2578}
		{Axis 1 0}
	}
	{Rotate}
	{Rotate}
}
{Obstacle "body4"
	{Obb2
		{Center -109.837 -0.00515747}
		{Extent 7.945 33.1638}
		{Axis 1 0}
	}
	{Rotate}
	{Rotate}
}
{Obstacle "body"
	{Obb2
		{Center 3.15688 0.126932}
		{Extent 51.5565 23.8986}
		{Axis 1 0}
	}
	{Rotate}
	{Rotate}
}
{Volume "body1"
	{Polyhedron "body1.vol"}
	{Bone "body"}
	{Position -103.025	-0.126927	10.4191}
}
{Volume "body2"
	{Polyhedron "body2.vol"}
	{Bone "body"}
	{Matrix34
		0.707107	0	-0.707107
		0	1	0
		0.707107	0	0.707107
		-159.162	-0.12693	41.2145
	}
}
{Volume "body3"
	{Polyhedron "body3.vol"}
	{Bone "body"}
	{Position 57.8109	-0.12693	12.1721}
}
{Volume "body4"
	{Box 15.89 66.3276 3.27502}
	{Bone "body"}
	{Position -109.837	0.00515842	30.4455}
}
{Volume "body"
	{Polyhedron "body.vol"}
	{Bone "body"}
	{Position 16.5159	-0.12693	9.32055}
}
{Volume "engine"
	{Polyhedron "engine.vol"}
	{Bone "engine"}
	{Matrix34
		0.99985	0	0.0173064
		0	1	0
		-0.0173064	0	0.99985
		4.64074	-0.00514746	-4.74252
	}
}
{Volume "rotor_b"
	{Box 3.93701 6.65354 3.93701}
	{Bone "rotor_b"}
	{Matrix34
		0	-1	0
		1	0	0
		0	0	1
		7.51302	0.0272675	-0.272699
	}
}
{Volume "rotor"
	{Box 13.7795 13.7795 7.87402}
	{Bone "rotor"}
	{Position 1.39854e-005	-6.49458e-005	17.2312}
}
{Volume "window10"
	{Box 14.9644 2.88787 13.1486}
	{Bone "window10"}
	{Matrix34
		-0.0182426	0.999834	0
		-0.999834	-0.0182426	0
		0	0	1
		-0.0964851	-0.241217	0.00326872
	}
}
{Volume "window11"
	{Box 14.9644 2.88787 13.1486}
	{Bone "window11"}
	{Matrix34
		-0.0182426	0.999834	0
		-0.999834	-0.0182426	0
		0	0	1
		0.057375	-0.0904999	0.377933
	}
}
{Volume "window12"
	{Box 7.02382 2.88787 13.1236}
	{Bone "window12"}
	{Matrix34
		0.271393	0.962469	0
		-0.962469	0.271393	0
		0	0	1
		0.658789	0.13176	0.256958
	}
}
{Volume "window13"
	{Box 7.22746 2.88787 14.5098}
	{Bone "window13"}
	{Matrix34
		0.253205	0.967413	0
		-0.967413	0.253205	0
		0	0	1
		0.107685	-0.311081	-0.0753407
	}
}
{Volume "window14"
	{Box 6.5185 2.88787 11.5708}
	{Bone "window14"}
	{Matrix34
		0.198594	0.980082	0
		-0.980082	0.198594	0
		0	0	1
		0.353437	0.0854541	-0.00972748
	}
}
{Volume "window15"
	{Box 14.9644 2.88787 13.1486}
	{Bone "window15"}
	{Matrix34
		-0.0160136	0.999872	0
		-0.999872	-0.0160136	0
		0	0	1
		0.0986824	0.0953369	0
	}
}
{Volume "window16"
	{Box 14.9644 2.88787 13.1486}
	{Bone "window16"}
	{Matrix34
		-0.0160136	0.999872	0
		-0.999872	-0.0160136	0
		0	0	1
		-0.0940113	0.24509	0.37466
	}
}
{Volume "window1"
	{Box 4.1534 15.3624 18.6591}
	{Bone "window1"}
	{Matrix34
		0	0.766045	0.642788
		-1	0	0
		0	-0.642788	0.766045
		-0.170104	-0.129217	0.681469
	}
}
{Volume "window2"
	{Box 4.1534 15.3624 18.6591}
	{Bone "window2"}
	{Matrix34
		0	0.766045	0.642788
		-1	0	0
		0	-0.642788	0.766045
		-0.151034	-0.129229	0.681477
	}
}
{Volume "window3"
	{Box 10.3671 11.6333 3.11471}
	{Bone "window3"}
	{Matrix34
		0	1	0
		-1	0	0
		0	0	1
		0	0	-0.0606323
	}
}
{Volume "window4"
	{Box 10.3671 11.6333 3.11471}
	{Bone "window4"}
	{Matrix34
		0	1	0
		-1	0	0
		0	0	1
		0.00939941	0	-0.0606323
	}
}
{Volume "window5"
	{Box 18.3369 2.00787 9.9}
	{Bone "window5"}
	{Matrix34
		-0.691543	0.721971	0.0229415
		-0.717009	-0.689947	0.0993542
		0.0875593	0.0522585	0.994788
		0.197032	1.29659	0.267474
	}
}
{Volume "window6"
	{Box 18.3465 2.00787 9.90158}
	{Bone "window6"}
	{Matrix34
		0.691545	0.721969	0.0229491
		-0.717007	0.68995	-0.0993457
		-0.0875582	0.0522474	0.994788
		-0.204639	1.29293	0.268265
	}
}
{Volume "window7"
	{Box 7.02382 2.88787 13.1236}
	{Bone "window7"}
	{Matrix34
		-0.246201	0.969219	0
		-0.969219	-0.246201	0
		0	0	1
		-0.836693	0.0690884	0.256938
	}
}
{Volume "window8"
	{Box 7.22746 2.88787 14.5098}
	{Bone "window8"}
	{Matrix34
		-0.234214	0.972185	0
		-0.972185	-0.234214	0
		0	0	1
		-0.392239	-0.32119	-0.0654316
	}
}
{Volume "window9"
	{Box 6.41076 2.88787 11.5708}
	{Bone "window9"}
	{Matrix34
		-0.234213	0.972185	0
		-0.972185	-0.234213	0
		0	0	1
		-0.356877	0.0868013	-0.0470872
	}
}
