;Exported by: misan
;Date:        Tue Feb 28 10:44:50 2023
;File:        D:\Cold War\ModelWIP\USA\ENTAC\ENTAC.max
{Skeleton
	{animation
		{sequence "close" {speed 0.3}}
	}
	{bone "basis"
		{Orientation
			1	0	0
			0	-1	0
			0	0	1
		}
		{bone "body"
			{parameters "id=body;"}
			{Matrix34
				0.939693	0	0.34202
				0	1	0
				-0.34202	0	0.939693
				-7.04394	0	0
			}
			{VolumeView "body.ply"}
			{bone "legr"
				{parameters "id=body;"}
				{Matrix34
					0.212012	0.573577	0.79124
					-0.148452	0.819152	-0.554033
					-0.965926	0	0.258819
					11.7408	-0.137617	0
				}
				{VolumeView "legr.ply"}
			}
			{bone "legl"
				{parameters "id=body;"}
				{Matrix34
					0.212012	-0.573577	0.79124
					0.148452	0.819152	0.554033
					-0.965926	0	0.258819
					11.7408	0.129408	0
				}
				{VolumeView "legl.ply"}
			}
			{bone "rocket"
				{parameters "id=body;"}
				{Position 13.485	0	3.42984}
				{VolumeView "rocket.ply"}
			}
			{bone "shooter00"
				{Position 13.485	0	3.42984}
			}
			{bone revolute "aim_rot_h"
				{Matrix34
					0.939693	0	-0.34202
					0	1	0
					0.34202	0	0.939693
					12.2705	0	13.1179
				}
				{bone revolute "aim_rot_v"
					{Matrix34
						1	0	0
						0	0	1
						0	-1	0
						0.347402	0	0
					}
					{bone "foresight1"
						{Matrix34
							1	0	0
							0	0	-1
							0	1	0
							0.404572	0	0
						}
					}
				}
			}
		}
	}
}
{Volume "body"
	{Box 6.98065 6.9386 15.333}
	{Bone "body"}
	{Matrix34
		0	-1	0
		0	0	1
		-1	0	0
		9.4443	0.0119755	3.45142
	}
}
{Volume "select"
	{Box 25 25 20}
	{Bone "basis"}
	{Position 0 0 5}
}