;Exported by: doc
;Date:        Sat Feb 16 01:19:05 2019
;File:        Z:\work\0.KRIS\vehicles\brdm\brdm_final_xx.max
{Skeleton
	{bone "basis"
		{Orientation
			1	0	0
			0	-1	0
			0	0	1
		}
		{bone "body"
			{parameters "ID=body;"}
			{Matrix34
				0.999048	-0.00114142	-0.0435985
				0.00342194	0.998627	0.0522683
				0.043479	-0.0523678	0.997681
				0.168968	0.00798035	24.1837
			}
			{VolumeView "body.ply"}
			{bone "engine"
				{parameters "ID=engine;"}
				{Position -38.6531	-0.00797951	12.742}
				{VolumeView "engine.ply"}
			}
			{bone "doorright"
				{parameters "ID=body;"}
				{Matrix34
					0.193922	-0.844034	0.500001
					0.111958	-0.487305	-0.866025
					0.974607	0.223921	0
					30.0107	-1.56828	14.9021
				}
				{VolumeView "doorright.ply"}
			}
			{bone "part3"
				{parameters "ID=body;"}
				{Position 36.5117	-5.56515	17.801}
				{VolumeView "part3.ply"}
			}
			{bone "part4"
				{Position 51.5247	0.30528	-6.08055}
				{VolumeView "part4.ply"}
			}
			{bone revolute "turret"
				{parameters "ID=turret;"}
				{speed 0.02}
				{Position -0.18	-0.00798047	17.5866}
				{bone revolute "mounta"
					{parameters "ID=turret;"}
					{speed 0.02}
					{Matrix34
						0.927149	0.374592	-0.00872638
						-0.374607	0.927184	0
						0.00809111	0.00326853	0.999962
						0	0	0
					}
					{VolumeView "mounta.ply"}
					{bone revolute "gun_rot"
						{parameters "ID=gun;"}
						{limits -8 45}
						{speed 0.01}
						{Matrix34
							0.999391	0	-0.0348995
							0.0348942	-0.0174525	0.999239
							-0.000609167	-0.999848	-0.0174418
							5.05789	0.000318527	0.107361
						}
						{VolumeView "gun_rot.ply"}
						{bone "mgun"
							{parameters "ID=gun;"}
							{Matrix34
								1	0	0
								0	0	1
								0	-1	0
								-5.05789	0.107353	-0.000315905
							}
							{VolumeView "mgun.ply"}
						}
						{bone "gun"
							{parameters "ID=gun;"}
							{Matrix34
								1	0	0
								0	0	1
								0	-1	0
								-5.05789	0.107353	-0.000315905
							}
							{VolumeView "gun.ply"}
						}
					}
				}
			}
		}
		{bone "pivot_front"
			{Position 30.3361	0.0292711	11.1459}
			{bone revolute "steer_r1"
				{Matrix34
					1	0	0
					0	-1	0
					0	0	-1
					-0.095377	-19.7693	-0.223425
				}
				{bone prizmatic "suspension_r1"
					{limits -0.1 0.1}
					{Matrix34
						1	0	0
						0	-1	0
						0	0	-1
						0	2.3576	0.289566
					}
					{bone revolute "part2"
						{parameters "ID=wheelright1;"}
						{Matrix34
							1	0	0
							0	-0.34202	-0.939693
							0	0.939693	-0.34202
							0	0	0
						}
						{VolumeView "part2.ply"}
					}
				}
			}
			{bone revolute "steer_l1"
				{Matrix34
					1	0	0
					0	-1	0
					0	0	-1
					-0.0953655	19.7267	-0.223421
				}
				{bone prizmatic "suspension_l1"
					{limits -0.1 0.1}
					{Matrix34
						1	0	0
						0	-1	0
						0	0	-1
						0	-2.34168	0.28957
					}
					{bone revolute "wheell1"
						{parameters "ID=wheelleft1;"}
						{Matrix34
							1	0	0
							0	0.5	-0.866025
							0	0.866025	0.5
							0	0	0
						}
						{VolumeView "wheell1.ply"}
					}
				}
			}
		}
		{bone "pivot_back"
			{Position -30.3151	0.0292765	11.1459}
			{bone prizmatic "suspension_l2"
				{limits -0.1 0.1}
				{Position 0.0636368	22.0683	-0.512992}
				{bone revolute "part1"
					{parameters "ID=wheelleft2;"}
					{Matrix34
						1	0	0
						0	-0.34202	-0.939693
						0	0.939693	-0.34202
						0	0	5.05519
					}
					{VolumeView "part1.ply"}
				}
			}
			{bone prizmatic "suspension_r2"
				{limits -0.1 0.1}
				{Position 0.0636139	-22.1269	-0.512991}
				{bone revolute "wheelr2"
					{parameters "ID=wheelright2;"}
					{Matrix34
						1	0	0
						0	0.5	-0.866025
						0	0.866025	0.5
						0	0	0
					}
					{VolumeView "wheelr2.ply"}
				}
			}
		}
	}
}
{Volume "body"
	{Polyhedron "body.vol"}
	{Bone "body"}
	{Position 0	0	0}
}
{Volume "engine"
	{Polyhedron "engine.vol"}
	{Bone "engine"}
	{Position 0	0	0}
}
{Volume "part1"
	{Cylinder 8.70079 6.66009}
	{Bone "part1"}
	{Matrix34
		-1	0	0
		0	-1	0
		0	0	1
		0	0	-0.113051
	}
}
{Volume "part2"
	{Cylinder 8.70079 7.16138}
	{Bone "part2"}
	{Matrix34
		-1	0	0
		0	-1	0
		0	0	1
		0	0	0.106515
	}
}
{Volume "part3"
	{Box 4.69441 3.32677 5.94391}
	{Bone "part3"}
	{Matrix34
		0	-1	0
		1	0	0
		0	0	1
		0.0619126	0	-1.83594e-005
	}
}
{Volume "part4"
	{Polyhedron "part4.vol"}
	{Bone "part4"}
	{Position 0	0	0}
}
{Volume "turret"
	{Polyhedron "turret.vol"}
	{Bone "turret"}
	{Matrix34
		0.927149	0.374592	-0.00872639
		-0.374606	0.927184	0
		0.00809111	0.00326851	0.999962
		-0.0350646	-0.0141652	-4.33356
	}
}
{Volume "wheelleft1"
	{Cylinder 8.70079 6.66009}
	{Bone "wheell1"}
	{Matrix34
		-1	0	0
		0	-1	0
		0	0	1
		0	0	0.00590515
	}
}
{Volume "wheelright2"
	{Cylinder 8.70079 7.16138}
	{Bone "wheelr2"}
	{Matrix34
		-1	0	0
		0	-1	0
		0	0	1
		0	0	0.106516
	}
}
