;Exported by: misan
;Date:        Sun Jan 21 08:00:55 2024
;File:        D:\Cold War\ModelWIP\West Germany\HS30\HS30 PzMrs XX.max
{Skeleton
	{bone "basis"
		{Orientation
			1	0	0
			0	-1	0
			0	0	1
		}
		{bone "body"
			{parameters "id=body;"}
			{Position -0.519913	0.0078587	17.6873}
			{VolumeView "body.ply"}
			{bone revolute "wheell1"
				{parameters "id=trackleft;Radius=0.3;"}
				{Matrix34
					-0.986948	0.157385	0.0341149
					0.00602539	-0.175604	0.984442
					0.160927	0.971799	0.172364
					48.0068	20.4764	-6.5067
				}
				{VolumeView "wheell1.ply"}
			}
			{bone revolute "wheell8"
				{parameters "id=trackleft;Radius=0.12;"}
				{Matrix34
					-1	0	0
					0	0	1
					0	1	0
					24.1083	21.1656	-4.55758
				}
				{VolumeView "wheell8.ply"}
			}
			{bone revolute "wheell9"
				{parameters "id=trackleft;Radius=0.12;"}
				{Matrix34
					-1	0	0
					0	0	1
					0	1	0
					8.3035	21.1656	-4.55758
				}
				{VolumeView "wheell9.ply"}
			}
			{bone revolute "wheell10"
				{parameters "id=trackleft;Radius=0.12;"}
				{Matrix34
					-1	0	0
					0	0	1
					0	1	0
					-21.1672	21.1656	-4.55758
				}
				{VolumeView "wheell10.ply"}
			}
			{bone revolute "wheell7"
				{parameters "id=trackleft;Radius=0.3;"}
				{Matrix34
					-1	0	0
					0	0	1
					0	1	0
					-41.1668	20.3807	-7.10975
				}
				{VolumeView "wheell7.ply"}
			}
			{bone revolute "wheelr1"
				{parameters "id=wheelright;Radius=0.3;"}
				{Matrix34
					-1	0	0
					0	0	1
					0	1	0
					48.0068	-20.3389	-6.5067
				}
				{VolumeView "wheelr1.ply"}
			}
			{bone revolute "wheelr8"
				{parameters "id=wheelright;Radius=0.12;"}
				{Matrix34
					-1	0	0
					0	0	1
					0	1	0
					24.1083	-21.0361	-4.55758
				}
				{VolumeView "wheelr8.ply"}
			}
			{bone revolute "wheelr9"
				{parameters "id=wheelright;Radius=0.12;"}
				{Matrix34
					-1	0	0
					0	0	1
					0	1	0
					8.3035	-21.0361	-4.55758
				}
				{VolumeView "wheelr9.ply"}
			}
			{bone revolute "wheelr10"
				{parameters "id=wheelright;Radius=0.12;"}
				{Matrix34
					-1	0	0
					0	0	1
					0	1	0
					-21.1672	-21.0361	-4.55758
				}
				{VolumeView "wheelr10.ply"}
			}
			{bone revolute "wheelr7"
				{parameters "id=wheelright;Radius=0.3;"}
				{Matrix34
					-1	0	0
					0	0	1
					0	1	0
					-41.1668	-20.0493	-7.10975
				}
				{VolumeView "wheelr7.ply"}
			}
			{bone "engine"
				{parameters "id=engine;"}
				{Matrix34
					1	0	0
					0	0	1
					0	-1	0
					-32.8084	1.45128e-05	1.04996
				}
				{VolumeView "engine.ply"}
				{bone "detail2"
					{Matrix34
						1	0	0
						0	0	-1
						0	1	0
						-12.8616	2.38479	-16.905
					}
					{VolumeView "detail2.ply"}
				}
				{bone "detail3"
					{Position -13.8269	5.56267	11.2056}
					{VolumeView "detail3.ply"}
				}
				{bone "fxfire1"
					{Matrix34
						1	0	0
						0	0	-1
						0	1	0
						2.85987	3.90719	8.56983
					}
				}
			}
			{bone "detail1"
				{parameters "id=body;"}
				{Position 24.0736	-22.6786	5.18808}
				{VolumeView "detail1.ply"}
			}
			{bone "52-3"
				{parameters "id=body;"}
				{VolumeView "52-3.ply"}
				{bone "hatchleft_arms"
					{parameters "id=body;"}
					{Matrix34
						1	0	0
						0	0.190809	-0.981627
						0	0.981627	0.190809
						10.1419	11.0296	11.4383
					}
					{VolumeView "hatchleft_arms.ply"}
					{bone "hatchleft"
						{parameters "id=body;"}
						{Matrix34
							1	0	0
							0	-0.374607	0.927184
							0	-0.927184	-0.374607
							-0.0388346	0.0373573	6.21963
						}
						{VolumeView "hatchleft.ply"}
					}
				}
				{bone "hatchright_arms"
					{parameters "id=body;"}
					{Matrix34
						1	0	0
						0	0	1
						0	-1	0
						10.1419	-11.0415	11.4383
					}
					{VolumeView "hatchright_arms.ply"}
					{bone "hatchright"
						{parameters "id=body;"}
						{Matrix34
							0.984808	0	-0.173648
							0	1	0
							0.173648	0	0.984808
							-0.0388489	0.0373459	-6.29224
						}
						{VolumeView "hatchright.ply"}
					}
				}
				{bone "cover_rear"
					{parameters "id=body;"}
					{Matrix34
						-1	0	0
						0	-1	0
						0	0	1
						-7.12391	-17.4678	12.4962
					}
					{VolumeView "cover_rear.ply"}
				}
				{bone "hatchcenter"
					{parameters "id=body;"}
					{Matrix34
						-0.999848	0	0.0174522
						0	1	0
						-0.0174522	0	-0.999848
						-1.18698	-0.00287656	12.3728
					}
					{VolumeView "hatchcenter.ply"}
				}
				{bone "cover_driver"
					{parameters "id=body;"}
					{Position 29.0171	19.2491	10.0335}
					{VolumeView "cover_driver.ply"}
				}
				{bone "mgun_mount"
					{Position 29.0706	-13.3718	9.59599}
					{VolumeView "mgun_mount.ply"}
					{bone revolute "mgun_rot_h"
						{limits -45 7}
						{Matrix34
							0.891007	-0.45399	0
							0.45399	0.891007	0
							0	0	1
							4.95911e-05	-0.00669098	2.89001
						}
						{VolumeView "mgun_rot_h.ply"}
						{bone revolute "mgun_rot_h2"
							{limits -5 5}
							{Position 7.91878	0.0445099	1.73938}
							{bone revolute "mgun_rot_v"
								{limits -10 8}
								{Matrix34
									1	0	0
									0	0	1
									0	-1	0
									-0.331757	-0.0485249	1.13639
								}
								{bone "mgun_help"
									{Position -10.49	-0.805088	-0.00541854}
								}
							}
						}
					}
				}
			}
		}
		{bone "wheelsl"
			{Position 0	15.7886	6.31093}
			{bone "trackl"
				{parameters "id=trackleft;"}
				{Matrix34
					1	0	0
					0	0	1
					0	-1	0
					2.98027	5.39277	3.18984
				}
				{VolumeView "trackl.ply"}
			}
			{bone prizmatic "suspension_l5"
				{limits -0.1 0.1}
				{Position -29.8142	-0.00213051	0.903819}
				{bone revolute "wheell6"
					{parameters "id=trackleft;Radius=0.3;"}
					{Matrix34
						-0.852777	0.388907	0.348601
						0.331984	-0.111623	0.936657
						0.403185	0.91449	-0.0339211
						-0.00354767	5.56342	0.0781002
					}
					{VolumeView "wheell6.ply"}
				}
			}
			{bone prizmatic "suspension_l4"
				{limits -0.1 0.1}
				{Position -14.2156	-0.00213051	0.903819}
				{bone revolute "wheell5"
					{parameters "id=trackleft;Radius=0.3;"}
					{Matrix34
						-0.935927	0.352122	-0.00708288
						-0.0876556	-0.213413	0.973022
						0.341111	0.911298	0.230605
						0.0123119	5.56342	0.0781002
					}
					{VolumeView "wheell5.ply"}
				}
			}
			{bone prizmatic "suspension_l3"
				{limits -0.1 0.1}
				{Position 0.106016	-0.00213051	0.903819}
				{bone revolute "wheell4"
					{parameters "id=trackleft;Radius=0.3;"}
					{Matrix34
						-0.959924	-0.273591	-0.0607732
						-0.099521	0.130048	0.9865
						-0.261994	0.953014	-0.152064
						0.0154293	5.56342	0.0781002
					}
					{VolumeView "wheell4.ply"}
				}
			}
			{bone prizmatic "suspension_l2"
				{limits -0.1 0.1}
				{Position 15.4892	-0.00213051	0.903819}
				{bone revolute "wheell3"
					{parameters "id=trackleft;Radius=0.3;"}
					{Matrix34
						-0.989732	0.137166	-0.0402008
						-0.0921983	-0.397721	0.912862
						0.109225	0.907195	0.406284
						-0.00302887	5.56342	0.0781002
					}
					{VolumeView "wheell3.ply"}
				}
			}
			{bone prizmatic "suspension_l1"
				{limits -0.1 0.1}
				{Position 31.6618	-0.00213051	0.903819}
				{bone revolute "wheell2"
					{parameters "id=trackleft;Radius=0.3;"}
					{Matrix34
						-0.957506	-0.285878	-0.038167
						-0.095956	0.190967	0.976895
						-0.271984	0.939045	-0.210284
						-0.000663757	5.56342	0.0781002
					}
					{VolumeView "wheell2.ply"}
				}
			}
		}
		{bone "wheelsr"
			{Position 0	-15.7213	6.31093}
			{bone "trackr"
				{parameters "id=wheelright;"}
				{Matrix34
					1	0	0
					0	0	1
					0	-1	0
					2.98027	-5.33231	3.18984
				}
				{VolumeView "trackr.ply"}
			}
			{bone prizmatic "suspension_r1"
				{limits -0.1 0.1}
				{Position 31.6618	0.06991	0.903819}
				{bone revolute "wheelr2"
					{parameters "id=wheelright;Radius=0.3;"}
					{Matrix34
						-0.976247	-0.197903	0.088185
						0.0504035	0.188403	0.980798
						-0.210717	0.961945	-0.173953
						-0.000663757	-5.58638	0.0780983
					}
					{VolumeView "wheelr2.ply"}
				}
			}
			{bone prizmatic "suspension_r2"
				{limits -0.1 0.1}
				{Position 15.4892	0.06991	0.903819}
				{bone revolute "wheelr3"
					{parameters "id=wheelright;Radius=0.3;"}
					{Matrix34
						-0.952376	0.207278	-0.223642
						-0.171631	0.241828	0.955019
						0.252037	0.947921	-0.194736
						-0.00302887	-5.58638	0.0780983
					}
					{VolumeView "wheelr3.ply"}
				}
			}
			{bone prizmatic "suspension_r3"
				{limits -0.1 0.1}
				{Position 0.106015	0.06991	0.903819}
				{bone revolute "wheelr4"
					{parameters "id=wheelright;Radius=0.3;"}
					{Matrix34
						-0.977443	-0.173615	0.120263
						0.140929	-0.112043	0.983659
						-0.157303	0.978419	0.133983
						0.015429	-5.58638	0.0780983
					}
					{VolumeView "wheelr4.ply"}
				}
			}
			{bone prizmatic "suspension_r4"
				{limits -0.1 0.1}
				{Position -14.2156	0.06991	0.903819}
				{bone revolute "wheelr5"
					{parameters "id=wheelright;Radius=0.3;"}
					{Matrix34
						-0.995484	-0.0492377	-0.081159
						-0.0923734	0.305487	0.947705
						-0.0218698	0.950922	-0.308655
						0.01231	-5.58638	0.0780983
					}
					{VolumeView "wheelr5.ply"}
				}
			}
			{bone prizmatic "suspension_r5"
				{limits -0.1 0.1}
				{Position -29.8142	0.06991	0.903819}
				{bone revolute "wheelr6"
					{parameters "id=wheelright;Radius=0.3;"}
					{Matrix34
						-0.926868	0.360629	-0.104221
						-0.161313	-0.131944	0.978043
						0.33896	0.923329	0.180469
						-0.00354385	-5.58638	0.0780983
					}
					{VolumeView "wheelr6.ply"}
				}
			}
		}
	}
}
{Volume "body1"
	{Polyhedron "body1.vol"}
	{Bone "body"}
	{Matrix34
		0	-1	0
		0	0	1
		-1	0	0
		41.5195	-0.299487	-6.09957
	}
}
{Volume "body2"
	{Polyhedron "body2.vol"}
	{Bone "body"}
	{Matrix34
		0	-1	0
		0	0	1
		-1	0	0
		39.0004	-0.0162726	4.71922
	}
}
{Volume "body3"
	{Polyhedron "body3.vol"}
	{Bone "body"}
	{Matrix34
		0	-1	0
		0	0	1
		-1	0	0
		10.4669	0.153654	5.39894
	}
}
{Volume "engine"
	{Box 26.1471 15.8897 9.70332}
	{Bone "body"}
	{Position -24.9881	-5.90673	1.65734}
}
{Volume "fuel1"
	{Box 13.8933 2.85857 5.42395}
	{Bone "body"}
	{Position -24.5289	15.1798	7.77196}
}
{Volume "fuel2"
	{Box 13.8933 2.85857 5.42395}
	{Bone "body"}
	{Position -24.5289	-16.1374	7.77196}
}
{Volume "hole1"
	{Box 20.9334 33.4691 19.8989}
	{Bone "body"}
	{Position 10.1111	-0.151908	5.68365}
}
{Volume "shield_hatchleft"
	{Box 23.6109 13.6919 0.851942}
	{Bone "hatchleft"}
	{Matrix34
		1	0	0
		0	0	-1
		0	1	0
		-0.0191116	0.827592	-5.87358
	}
}
{Volume "shield_hatchright"
	{Box 23.6109 13.6919 0.851942}
	{Bone "hatchright"}
	{Matrix34
		1	0	0
		0	0	-1
		0	1	0
		-0.0190983	0.827601	5.86542
	}
}
{Volume "trackleft"
	{Polyhedron "trackleft.vol"}
	{Bone "wheelsl"}
	{Matrix34
		1	0	0
		0	0	1
		0	-1	0
		0.906503	0.817039	3.13793
	}
}
{Volume "trackright"
	{Polyhedron "trackright.vol"}
	{Bone "wheelsr"}
	{Matrix34
		1	0	0
		0	0	1
		0	-1	0
		0.906502	-9.81453	3.13793
	}
}
