;Exported by:	 guita
;Date:			 08.04.2020 10:01:15
;File:			 D:\Git\3D_Scenes\GoH_3D_vehicles_ger\vehicles\cannon\mg_lafette\mg42_lafette_elevated_xx.max
{skeleton
	{bone revolute "basis"
		{parameters "basis;"}
		{speed 0.001}
		{orientation
			1 	 0 	 0
			0 	 -1 	 0
			0 	 0 	 1
		}
		{bone "part4"
			{parameters "id=body;"}
			{Position 2.4505 	 0 	 14.9942}
			{VolumeView "part4.ply"}
		}
		{bone "part1"
			{parameters "id=body;"}
			{matrix34
				-0.8746 	 0 	 -0.4848
				0 	 -1 	 0
				-0.4848 	 0 	 0.8746
				4.0027 	 0 	 14.0014
			}
			{VolumeView "part1.ply"}
		}
		{bone "part2"
			{parameters "id=body;"}
			{matrix34
				0.4527 	 -0.1648 	 0.8763
				-0.342 	 -0.9397 	 0
				0.8235 	 -0.2997 	 -0.4818
				-4.5411 	 2.7123 	 11.0559
			}
			{VolumeView "part2.ply"}
		}
		{bone "part3"
			{parameters "id=body;"}
			{matrix34
				0.4556 	 0.1658 	 0.8746
				0.342 	 -0.9397 	 0
				0.8219 	 0.2991 	 -0.4848
				-4.5411 	 -2.7123 	 11.0559
			}
			{VolumeView "part3.ply"}
		}
		{bone revolute "part5"
			{parameters "id=turret;"}
			{limits -15 15}
			{speed 0.003}
			{matrix34
				1 	 0 	 0
				0 	 0 	 1
				0 	 -1 	 0
				3.7436 	 0 	 15.5214
			}
			{VolumeView "part5.ply"}
		}
		{bone "part6"
			{parameters "id=turret;"}
			{Position 2.4505 	 0 	 14.9942}
			{VolumeView "part6.ply"}
		}
	}
}
{volume "part1"
	{cylinder 1.01797 15.6566}
	{bone "part1"}
	{matrix34
		0 	 1 	 0
		-0.9994 	 0 	 -0.0349
		-0.0349 	 0 	 0.9994
		-0.0679 	 0 	 -7.9031
	}
}
{volume "part2"
	{cylinder 0.469559 12.8937}
	{bone "part2"}
	{matrix34
		0.2067 	 -0.9563 	 0.2067
		0.0218 	 -0.2067 	 -0.9782
		0.9782 	 0.2067 	 -0.0218
		-5.8596 	 -1.5759 	 -0.0084
	}
}
{volume "part3"
	{cylinder 0.469559 12.8937}
	{bone "part3"}
	{matrix34
		-0.2185 	 -0.9511 	 -0.2185
		0.0245 	 0.2185 	 -0.9755
		0.9755 	 -0.2185 	 -0.0245
		-5.8735 	 1.488 	 -0.0222
	}
}
{volume "part4"
	{box 11.3483 1.35786 3.97659}
	{bone "part4"}
	{matrix34
		0.9063 	 0 	 0.4226
		-0.4226 	 0 	 0.9063
		0 	 -1 	 0
		-2.3104 	 0.0088 	 -2.1098
	}
}
{volume "part5"
	{box 11.3483 1.35786 2.98102}
	{bone "part5"}
	{Position -4.1296 	 0.52 	 0.007}
}
{volume "part6"
	{box 4.76627 1.70705 2.70284}
	{bone "part6"}
	{matrix34
		0 	 0 	 1
		-1 	 0 	 0
		0 	 -1 	 0
		-7.0323 	 -0.152 	 -1.897
	}
}
