;Exported by: pk
;Date:        Mon Feb 25 21:14:25 2019
;File:        E:\Chris models\f105\f105d_x_export.max
{Skeleton
	{bone "basis"
		{Orientation
			1	0	0
			0	-1	0
			0	0	1
		}
		{bone "body"
			{parameters "ID=body;"}
			{Matrix34
				0.999208	0	0.039802
				0	1	0
				-0.039802	0	0.999208
				10.2877	0	71.9158
			}
			{VolumeView "body.ply"}
			{bone "engine"
				{parameters "id=body;"}
				{Matrix34
					1	0	0
					0	0	-1
					0	1	0
					-192.958	0	-25.3711
				}
				{VolumeView "engine.ply"}
			}
			{bone "window3"
				{parameters "ID=window3;"}
				{Position 85.5731	5.56653	-6.41749}
				{VolumeView "window3.ply"}
			}
			{bone "window2"
				{parameters "ID=window2;"}
				{Position 88.6839	0	-6.1607}
				{VolumeView "window2.ply"}
			}
			{bone "window1"
				{parameters "ID=window1;"}
				{Position 85.5731	-5.56652	-6.4175}
				{VolumeView "window1.ply"}
			}
			{bone "pivot_front"
				{Matrix34
					0.999208	0	-0.039802
					0	1	0
					0.039802	0	0.999208
					76.4588	0.0202015	-49.361
				}
				{bone "wheelflapf1"
					{parameters "ID=body;"}
					{Matrix34
						0.997738	0	0.0672276
						-0.0607532	0.428179	0.90165
						-0.0287855	-0.903694	0.42721
						8.87514	6.56475	9.19066
					}
					{VolumeView "wheelflapf1.ply"}
				}
				{bone "wheelflapf2"
					{parameters "ID=body;"}
					{Matrix34
						0.997738	0	0.0672276
						0.0607532	0.428178	-0.90165
						-0.0287854	0.903694	0.427209
						8.87514	-6.61469	9.19066
					}
					{VolumeView "wheelflapf2.ply"}
				}
				{bone "retract_wheelf"
					{parameters "ID=body;"}
					{Matrix34
						0.999208	0	0.039802
						0	1	0
						-0.039802	0	0.999208
						-0.187859	1.81252	12.4721
					}
					{VolumeView "retract_wheelf.ply"}
					{bone "wheel_front_shaft"
						{parameters "ID=body;"}
						{Position 1.96971	0.000314951	-11.6181}
						{VolumeView "wheel_front_shaft.ply"}
					}
					{bone revolute "wheelf"
						{parameters "ID=body;Radius=0.34;support;"}
						{Matrix34
							0.999208	0	-0.0398021
							0.0398021	0	0.999208
							0	-1	0
							-1.22578	-1.81252	-31.6827
						}
						{VolumeView "wheelf.ply"}
					}
				}
			}
			{bone "pivot_back"
				{Matrix34
					0.999208	0	-0.039802
					0	1	0
					0.039802	0	0.999208
					-50.1234	-9.69268e-005	-40.8148
				}
				{bone "wingr1"
					{parameters "ID=body;"}
					{Matrix34
						0.999208	0	0.039802
						0	1	0
						-0.039802	0	0.999208
						27.9788	-47.3895	17.4088
					}
					{VolumeView "wingr1.ply"}
					{bone revolute "flap2"
						{parameters "ID=body;"}
						{limits -20 20}
						{speed2 15}
						{Matrix34
							-0.573161	-0.819443	0
							-0.0257274	0.0179947	0.999507
							-0.819039	0.572879	-0.0313961
							-46.1129	3.07858	4.74559
						}
						{VolumeView "flap2.ply"}
					}
					{bone revolute "aileron4"
						{parameters "ID=body;"}
						{limits -20 20}
						{speed2 15}
						{Matrix34
							0.742267	0.668998	0.0384889
							-0.0293078	-0.0249719	0.999259
							0.669463	-0.742845	0.00107097
							-24.4283	-22.0592	2.06066
						}
						{VolumeView "aileron4.ply"}
					}
					{bone "hatch1_wheel_right"
						{parameters "ID=body;"}
						{Matrix34
							0.999995	0.00264508	0.00143855
							-0.00262926	0.999937	-0.0109306
							-0.00146737	0.0109265	0.999939
							-32.6167	-7.66945	0.94672
						}
						{VolumeView "hatch1_wheel_right.ply"}
					}
					{bone "hatch2_wheel_right"
						{parameters "ID=body;"}
						{Position -0.64402	31.6416	0.0925331}
						{VolumeView "hatch2_wheel_right.ply"}
					}
					{bone "wheelflapr"
						{parameters "ID=body;"}
						{Matrix34
							0.999983	0.000150503	0.00576665
							-3.14579e-005	0.999787	-0.0206383
							-0.00576853	0.0206377	0.99977
							-31.5633	-4.81511	2.90576
						}
						{VolumeView "wheelflapr.ply"}
						{bone "wheel_right_shaft"
							{parameters "ID=body;"}
							{Position 4.57764e-005	1.14441e-005	-13.6818}
							{VolumeView "wheel_right_shaft.ply"}
						}
						{bone revolute "wheelr"
							{parameters "ID=body;Radius=0.44;support;"}
							{Matrix34
								0.998961	0.000790008	-0.045557
								0.0455636	-0.0206229	0.998749
								-0.000150498	-0.999787	-0.0206375
								6.8181	0.764854	-39.0374
							}
							{VolumeView "wheelr.ply"}
						}
					}
					{bone "wingr2"
						{parameters "ID=body;"}
						{Position -60.5183	-40.2519	-3.92756}
						{VolumeView "wingr2.ply"}
						{bone revolute "aileron2"
							{parameters "ID=body;"}
							{limits -20 20}
							{speed2 15}
							{Matrix34
								-0.609605	-0.792704	0.00141954
								-0.0239973	0.0202443	0.999507
								-0.792342	0.60927	-0.0313638
								-14.5378	0.515518	7.68239
							}
							{VolumeView "aileron2.ply"}
						}
					}
				}
				{bone "wingl1"
					{parameters "ID=body;"}
					{Matrix34
						0.999208	0	0.039802
						0	1	0
						-0.039802	0	0.999208
						27.9788	47.3897	17.4088
					}
					{VolumeView "wingl1.ply"}
					{bone revolute "flap1"
						{parameters "ID=body;"}
						{limits -20 20}
						{speed2 15}
						{Matrix34
							-0.573156	0.819446	0
							0.0257274	0.0179952	0.999507
							0.819042	0.572873	-0.0313963
							-46.1918	-3.07908	2.76421
						}
						{VolumeView "flap1.ply"}
					}
					{bone revolute "aileron3"
						{parameters "ID=body;"}
						{limits -20 20}
						{speed2 15}
						{Matrix34
							0.74227	-0.668995	0.0384889
							-0.0278726	0.0265643	0.999258
							-0.669521	-0.742792	0.00107121
							-24.4283	22.058	2.06066
						}
						{VolumeView "aileron3.ply"}
					}
					{bone "wheelflapl"
						{parameters "ID=body;"}
						{Matrix34
							0.787596	0.61619	0.00129076
							-0.616191	0.787595	0.00175252
							6.31921e-005	-0.00217545	0.999998
							-31.5633	4.82311	2.90576
						}
						{VolumeView "wheelflapl.ply"}
						{bone "wheel_left_shaft"
							{parameters "ID=body;"}
							{Position 1.41859e-005	-3.8147e-005	-13.6818}
							{VolumeView "wheel_left_shaft.ply"}
						}
						{bone revolute "wheell"
							{parameters "ID=body;Radius=0.44;support;"}
							{Matrix34
								0.786921	-0.615773	-0.0397384
								0.0326373	-0.0227742	0.999208
								-0.616191	-0.787594	0.00217533
								4.94712	-4.81154	-39.0946
							}
							{VolumeView "wheell.ply"}
						}
					}
					{bone "wingl2"
						{parameters "ID=body;"}
						{Position -60.5183	40.2519	-3.92756}
						{VolumeView "wingl2.ply"}
						{bone revolute "aileron1"
							{parameters "ID=body;"}
							{limits -20 20}
							{speed2 15}
							{Matrix34
								-0.609605	0.792704	0.00141954
								0.0257271	0.0179948	0.999507
								0.792288	0.609341	-0.0313637
								-14.6167	-0.518768	5.70103
							}
							{VolumeView "aileron1.ply"}
						}
					}
					{bone "hatch1_wheel_left"
						{parameters "ID=body;"}
						{Position -32.6167	7.6706	0.94672}
						{VolumeView "hatch1_wheel_left.ply"}
					}
					{bone "hatch2_wheel_left"
						{parameters "ID=body;"}
						{Position -0.64402	-31.6327	0.0925331}
						{VolumeView "hatch2_wheel_left.ply"}
					}
				}
			}
			{bone "cabine"
				{parameters "ID=body;"}
				{Position 40.156	0	-4.94285}
				{VolumeView "cabine.ply"}
				{bone "window4"
					{parameters "ID=window4;"}
					{Position 0	0	0}
					{VolumeView "window4.ply"}
				}
			}
			{bone revolute "rudder"
				{parameters "ID=body;"}
				{limits -30 30}
				{speed2 15}
				{Matrix34
					0.864304	0	0.502971
					0	1	0
					-0.502971	0	0.864304
					-168.47	0	16.0388
				}
				{VolumeView "rudder.ply"}
			}
			{bone revolute "elevator1"
				{parameters "ID=body;"}
				{limits -20 20}
				{speed2 15}
				{Position -160.587	14.4041	-33.3709}
				{VolumeView "elevator1.ply"}
			}
			{bone revolute "elevator2"
				{parameters "ID=body;"}
				{limits -20 20}
				{speed2 15}
				{Position -160.587	-14.3841	-33.3709}
				{VolumeView "elevator2.ply"}
			}
		}
	}
}
