;Exported by:	 TigerF
;Date:			 22.03.2021 12:47:22
;File:			 D:\PROGRAMS\3ds_max\3dsmax9_saves\scenes\GoH_3D_vehicles_rus\vehicles\tank_light\su76\su76m_xx.max
{skeleton
	{bone "basis"
		{orientation
			1 	 0 	 0
			0 	 -1 	 0
			0 	 0 	 1
		}
		{bone "body"
			{parameters "id=body;"}
			{matrix34
				0.9997 	 0 	 -0.024
				-0.0008 	 0.9994 	 -0.0349
				0.024 	 0.0349 	 0.9991
				-0.1356 	 -1.5715 	 4.675
			}
			{VolumeView "body.ply"}
			{bone "part2"
				{parameters "id=part2;"}
				{matrix34
					0.9997 	 -0.0008 	 0.024
					0 	 0.9994 	 0.0349
					-0.024 	 -0.0349 	 0.9991
					-42.9322 	 -8.2839 	 21.1432
				}
				{VolumeView "part2.ply"}
			}
			{bone "part1"
				{parameters "id=part1;"}
				{matrix34
					0.9997 	 -0.0008 	 0.024
					0 	 0.9994 	 0.0349
					-0.024 	 -0.0349 	 0.9991
					32.8557 	 1.5578 	 22.4618
				}
				{VolumeView "part1.ply"}
			}
		}
	}
}
{volume "body1"
	{polyhedron "body1.vol"}
	{bone "body"}
	{Position 3.3985 	 1.579 	 10.3854}
}
{volume "body2"
	{polyhedron "body2.vol"}
	{bone "body"}
	{Position -7.1223 	 3.122 	 27.2749}
}
{volume "cabin1"
	{polyhedron "cabin1.vol"}
	{bone "body"}
	{Position -7.3884 	 2.9479 	 27.9377}
}
{volume "cabin2"
	{polyhedron "cabin2.vol"}
	{bone "body"}
	{Position -22.4513 	 21.9084 	 27.7744}
}
{volume "cabin3"
	{polyhedron "cabin3.vol"}
	{bone "body"}
	{matrix34
		0.9997 	 -0.0008 	 0.024
		0 	 0.9994 	 0.0349
		-0.024 	 -0.0349 	 0.9991
		-22.2795 	 -16.0505 	 27.8417
	}
}
{volume "cabin4"
	{polyhedron "cabin4.vol"}
	{bone "body"}
	{Position -41.0821 	 2.9189 	 23.2314}
}
{volume "gun"
	{cylinder 1.46811 63.9336}
	{bone "body"}
	{matrix34
		0.1736 	 -0.9835 	 -0.051
		0.106 	 -0.0328 	 0.9938
		-0.9791 	 -0.1779 	 0.0986
		13.8736 	 8.4065 	 25.6784
	}
}
{volume "mantlet1"
	{polyhedron "mantlet1.vol"}
	{bone "body"}
	{matrix34
		0.9626 	 0.238 	 -0.1294
		-0.231 	 0.9706 	 0.067
		0.1416 	 -0.0345 	 0.9893
		8.1549 	 6.8788 	 27.0221
	}
}
{volume "mantlet2"
	{polyhedron "mantlet2.vol"}
	{bone "body"}
	{matrix34
		0.9868 	 0.159 	 0.0293
		-0.1599 	 0.9867 	 0.0306
		-0.024 	 -0.0349 	 0.9991
		-1.2078 	 6.3977 	 26.6723
	}
}
{volume "part1"
	{polyhedron "part1.vol"}
	{bone "part1"}
	{Position 0.1686 	 0.0937 	 -0.264}
}
{volume "part2"
	{box 12.3713 7.97059 0.426534}
	{bone "part2"}
	{matrix34
		-0.1991 	 -0.9792 	 -0.0397
		-0.0079 	 -0.0389 	 0.9992
		-0.9799 	 0.1993 	 0
		-0.1378 	 -0.1703 	 0.0536
	}
}
{volume "trackleft"
	{polyhedron "trackleft.vol"}
	{bone "body"}
	{matrix34
		0.9997 	 -0.0008 	 0.024
		0 	 0.9994 	 0.0349
		-0.024 	 -0.0349 	 0.9991
		1.3386 	 24.6413 	 5.1285
	}
}
{volume "trackright"
	{polyhedron "trackright.vol"}
	{bone "body"}
	{matrix34
		1 	 0 	 -0.0009
		0 	 0.9994 	 0.0349
		0.0009 	 -0.0349 	 0.9994
		2.6522 	 -22.3664 	 4.6043
	}
}
