;Exported by: pk
;Date:        Mon Feb 25 20:14:45 2019
;File:        E:\Chris models\su-7\Su-7_xx_export.max
{Skeleton
	{bone "basis"
		{Orientation
			1	0	0
			0	-1	0
			0	0	1
		}
		{bone "body"
			{parameters "ID=body;"}
			{Matrix34
				0.99946	0	-0.0328725
				0	1	0
				0.0328725	0	0.99946
				0	0	40.5635
			}
			{VolumeView "body.ply"}
			{bone "retract_wheelr1"
				{parameters "ID=body;"}
				{Matrix34
					0.935258	-0.353544	0.017315
					-0.290294	-0.794091	-0.533993
					0.20254	0.494395	-0.845311
					-17.508	-38.2049	-5.49047
				}
				{VolumeView "retract_wheelr1.ply"}
				{bone "retract_wheelr2"
					{parameters "ID=body;"}
					{Position 0	0	12.4071}
					{VolumeView "retract_wheelr2.ply"}
					{bone "retract_wheelr3"
						{Matrix34
							-0.998444	0.00118331	0.055745
							0.0557176	-0.0166515	0.998308
							0.00210942	0.999861	0.0165599
							0	1.14441e-005	7.74035
						}
						{VolumeView "retract_wheelr3.ply"}
						{bone "retract_wheelr4"
							{parameters "ID=body;"}
							{Matrix34
								-0.228124	-0.973514	-0.0151666
								-0.973568	0.22826	-0.00792008
								0.0111721	0.0129587	-0.999854
								-3.48538	3.35938	-0.70216
							}
							{VolumeView "retract_wheelr4.ply"}
						}
						{bone revolute "wheelr"
							{parameters "ID=body;Radius=0.44;support;"}
							{Matrix34
								-0.353936	-0.93527	0
								-0.93527	0.353936	0
								0	0	-1
								9.6327	2.95486	-2.63235
							}
							{VolumeView "wheelr.ply"}
						}
					}
				}
				{bone "retract_wheelr5"
					{parameters "ID=body;"}
					{Matrix34
						-0.875703	0.0688317	-0.47792
						0.481081	0.0396988	-0.875777
						-0.0413082	-0.996838	-0.0678781
						1.59465	-9.72748e-005	16.8497
					}
					{VolumeView "retract_wheelr5.ply"}
					{bone "retract_wheelr6"
						{parameters "ID=body;"}
						{Matrix34
							0.911826	-0.407246	-0.0521953
							0.41057	0.90516	0.110079
							0.00241575	-0.121803	0.992551
							-4.38778	0.992868	0.252852
						}
						{VolumeView "retract_wheelr6.ply"}
					}
				}
				{bone "wheelflapr1"
					{parameters "ID=body;"}
					{Matrix34
						0.694317	0.131405	0.707571
						-0.717582	0.201235	0.666769
						-0.0547707	-0.970689	0.234015
						1.06465	0.172403	0.540997
					}
					{VolumeView "wheelflapr1.ply"}
				}
			}
			{bone "retract_wheell1"
				{parameters "ID=body;"}
				{Matrix34
					0.894202	0.447424	0.0146327
					-0.352034	0.723001	-0.594425
					-0.276539	0.526385	0.804018
					-17.508	38.2049	-5.49047
				}
				{VolumeView "retract_wheell1.ply"}
				{bone "retract_wheell5"
					{parameters "ID=body;"}
					{Matrix34
						0.814961	-0.019659	-0.579182
						-0.0168452	0.998199	-0.0575841
						0.579271	0.0566851	0.813162
						1.59464	-8.2016e-005	-16.8497
					}
					{VolumeView "retract_wheell5.ply"}
					{bone "retract_wheell6"
						{parameters "ID=body;"}
						{Matrix34
							0.616397	-0.138635	0.775136
							0.21003	0.977664	0.0078395
							-0.758908	0.15797	0.631746
							4.38778	-0.252856	0.992868
						}
						{VolumeView "retract_wheell6.ply"}
					}
				}
				{bone "retract_wheell2"
					{parameters "ID=body;"}
					{Matrix34
						0.999581	0.0154564	-0.0244636
						-0.0168445	0.998199	-0.0575839
						0.0235297	0.0579717	0.998041
						0	0	-12.2259
					}
					{VolumeView "retract_wheell2.ply"}
					{bone "retract_wheell3"
						{Matrix34
							0.933188	-0.00609903	-0.359338
							-0.0216138	0.997094	-0.0730534
							0.358739	0.0759389	0.930344
							0	1.14441e-005	-7.74035
						}
						{VolumeView "retract_wheell3.ply"}
						{bone "retract_wheell4"
							{parameters "ID=body;"}
							{Matrix34
								0.938923	0.0176558	0.343676
								0.00315988	0.998199	-0.0599144
								-0.344114	0.0573407	0.937175
								4.51764	-0.702157	-1.73903
							}
							{VolumeView "retract_wheell4.ply"}
						}
						{bone revolute "wheell"
							{parameters "ID=body;Radius=0.44;support;"}
							{Matrix34
								-0.0377525	0	0.999287
								0.999287	0	0.037753
								0	1	0
								-7.72464	-2.63234	-6.46916
							}
							{VolumeView "wheell.ply"}
						}
					}
				}
				{bone "wheelflapl1"
					{parameters "ID=body;"}
					{Matrix34
						0.645399	0.0918505	-0.758303
						0.750317	-0.262244	0.606838
						-0.143121	-0.960621	-0.238169
						1.04583	0.121866	-0.589291
					}
					{VolumeView "wheelflapl1.ply"}
				}
			}
			{bone "wheelflapr2"
				{parameters "ID=body;"}
				{Matrix34
					1	0	0
					0	0.19743	-0.980317
					0	0.980317	0.19743
					-18.1915	-40.1556	-7.49307
				}
				{VolumeView "wheelflapr2.ply"}
			}
			{bone "cabine"
				{parameters "ID=body;"}
				{Matrix34
					0.996494	0	-0.0836611
					0	1	0
					0.0836611	0	0.996494
					68.3496	-0.000120163	13.9389
				}
				{VolumeView "cabine.ply"}
			}
			{bone "wheelflapl2"
				{parameters "ID=body;"}
				{Matrix34
					0.999998	-0.00212366	6.86646e-005
					0.000608992	0.317426	0.948283
					-0.00203562	-0.948281	0.317427
					-18.1914	40.1559	-7.49309
				}
				{VolumeView "wheelflapl2.ply"}
			}
			{bone "wheelflapf2"
				{parameters "ID=body;"}
				{Matrix34
					0	-0.46082	-0.887494
					0	-0.887494	0.46082
					-1	0	0
					87.9097	-3.86272	-14.7071
				}
				{VolumeView "wheelflapf2.ply"}
			}
			{bone "retract_wheelf"
				{parameters "ID=body;"}
				{Matrix34
					0.780989	0	0.624545
					0	1	0
					-0.624545	0	0.780989
					75.3002	-9.55518e-005	-12.0914
				}
				{VolumeView "retract_wheelf.ply"}
				{bone revolute "wheelf"
					{parameters "ID=body;Radius=0.34;support;"}
					{Matrix34
						-0.0377343	0	0.999288
						0.999288	0	0.0377343
						0	1	0
						-4.27229	0	-19.7264
					}
					{VolumeView "wheelf.ply"}
				}
			}
			{bone "wheelflapf1"
				{parameters "ID=body;"}
				{Matrix34
					0	-0.377841	0.925871
					0	-0.925871	-0.377841
					1	0	0
					87.9097	3.79503	-14.7071
				}
				{VolumeView "wheelflapf1.ply"}
			}
			{bone "engine"
				{parameters "ID=body;"}
				{Position 0	0	0}
				{VolumeView "engine.ply"}
			}
			{bone "pivot_back"
				{Matrix34
					0.999287	0	0.0377637
					0	1	0
					-0.0377637	0	0.999287
					-25.9475	-9.55518e-005	-12.414
				}
			}
			{bone "pivot_front"
				{Matrix34
					0.999287	0	0.0377637
					0	1	0
					-0.0377637	0	0.999287
					75.8563	-9.55518e-005	-12.0704
				}
			}
			{bone "wingl1"
				{parameters "ID=body;"}
				{Matrix34
					0.999997	-0.00263166	9.15565e-005
					0.00262119	0.998137	0.0609609
					-0.000251815	-0.0609605	0.99814
					-14.5393	42.1961	-5.98828
				}
				{VolumeView "wingl1.ply"}
				{bone revolute "flap1"
					{parameters "ID=body;"}
					{limits -20 20}
					{speed2 15}
					{Matrix34
						0.770237	-0.637668	-0.010712
						0.637229	0.768807	0.0536075
						-0.0259484	-0.0481165	0.998505
						-40.0714	-8.00765	-0.165268
					}
					{VolumeView "flap1.ply"}
				}
			}
			{bone "wingl2"
				{parameters "ID=body;"}
				{Matrix34
					0.994678	0.0866653	0.055722
					-0.0851971	0.995965	-0.0282097
					-0.0579419	0.0233122	0.998048
					-93.8296	74.271	-7.783
				}
				{VolumeView "wingl2.ply"}
				{bone revolute "aileron1"
					{parameters "ID=body;"}
					{limits -20 20}
					{speed2 15}
					{Matrix34
						0.781923	-0.622463	0.0336993
						0.622817	0.782368	0
						-0.0263653	0.0209885	0.999432
						-1.47824	-2.22325	0.249146
					}
					{VolumeView "aileron1.ply"}
				}
			}
			{bone "wingr1"
				{parameters "ID=body;"}
				{Matrix34
					1	0	0
					0	0.998033	0.0626924
					0	-0.0626924	0.998033
					-14.2662	-42.6894	-7.81434
				}
				{VolumeView "wingr1.ply"}
				{bone revolute "flap2"
					{parameters "ID=body;"}
					{limits -20 20}
					{speed2 15}
					{Matrix34
						0.768556	0.63889	0.0337885
						-0.639255	0.768995	0
						-0.0259831	-0.0215994	0.999429
						-40.4684	7.91348	0.332146
					}
					{VolumeView "flap2.ply"}
				}
			}
			{bone "wingr2"
				{parameters "ID=body;"}
				{Matrix34
					0.998738	0	0.0502335
					0	1	0
					-0.0502335	0	0.998738
					-92.5449	-75.0616	-12.3793
				}
				{VolumeView "wingr2.ply"}
				{bone revolute "aileron2"
					{parameters "ID=body;"}
					{limits -20 20}
					{speed2 15}
					{Matrix34
						0.781923	0.622463	0.0336993
						-0.622818	0.782367	0
						-0.0263653	-0.0209885	0.999432
						-1.46196	2.24724	0.617378
					}
					{VolumeView "aileron2.ply"}
				}
			}
			{bone revolute "elevator1"
				{parameters "ID=body;"}
				{limits -20 20}
				{speed2 15}
				{Matrix34
					0.9932	0.0879799	0.0762514
					-0.0882368	0.9961	0
					-0.075954	-0.00672818	0.997089
					-135.461	14.5829	-2.54045
				}
				{VolumeView "elevator1.ply"}
			}
			{bone revolute "elevator2"
				{parameters "ID=body;"}
				{limits -20 20}
				{speed2 15}
				{Matrix34
					0.994993	-0.099941	0
					0.0770858	0.767452	0.636456
					-0.063608	-0.633269	0.771313
					-135.458	-14.5537	-2.54045
				}
				{VolumeView "elevator2.ply"}
			}
			{bone revolute "rudder"
				{parameters "ID=body;"}
				{limits -30 30}
				{speed2 15}
				{Matrix34
					0.663642	0	-0.748051
					0	1	0
					0.748051	0	0.663642
					-155.321	2.28882e-005	37.2406
				}
				{VolumeView "rudder.ply"}
			}
		}
	}
}
{Volume "aileron1"
	{Polyhedron "aileron1.vol"}
	{Bone "aileron1"}
	{Matrix34
		-0.757921	-0.652232	-0.0122007
		0.652333	-0.757654	-0.0205311
		0.00414714	-0.0235198	0.999715
		3.20135	-16.7112	-1.26781
	}
}
{Volume "aileron2"
	{Polyhedron "aileron2.vol"}
	{Bone "aileron2"}
	{Matrix34
		0.782638	-0.622373	0.0113957
		0.622463	0.782368	-0.0209884
		0.004147	0.0235197	0.999715
		3.08128	16.6087	-1.26506
	}
}
{Volume "body1"
	{Polyhedron "body1.vol"}
	{Bone "body"}
	{Matrix34
		-0.0134774	0	-0.999909
		0	1	0
		0.999909	0	-0.0134774
		107.694	0.308031	-2.17471
	}
}
{Volume "body2"
	{Polyhedron "body2.vol"}
	{Bone "body"}
	{Matrix34
		0.733305	0	-0.6799
		-0.6799	0	-0.733305
		0	1	0
		-133.896	-4.07614	35.6814
	}
}
{Volume "body"
	{Cylinder 16.0177 207.379}
	{Bone "body"}
	{Matrix34
		-0.0134774	0	-0.999909
		0	1	0
		0.999909	0	-0.0134774
		-28.0082	0.308031	0.0660823
	}
}
{Volume "elevator1"
	{Polyhedron "elevator1.vol"}
	{Bone "elevator1"}
	{Matrix34
		0.995389	-0.0881739	0.0377637
		0.0882368	0.9961	0
		-0.0376164	0.00333215	0.999287
		-6.84535	15.5758	-2.93601
	}
}
{Volume "elevator2"
	{Polyhedron "elevator2.vol"}
	{Bone "elevator2"}
	{Matrix34
		0.994284	0.0998698	0.0377637
		-0.0999411	0.994993	0
		-0.0375746	-0.00377446	0.999287
		-7.45308	-15.5372	-2.96523
	}
}
{Volume "engine"
	{Cylinder 14.6685 26.766}
	{Bone "engine"}
	{Matrix34
		-0.0069009	0	0.999976
		0	1	0
		-0.999976	0	-0.0069009
		-144.847	-0.00011995	1.74692
	}
}
{Volume "flap1"
	{Polyhedron "flap1.vol"}
	{Bone "flap1"}
	{Matrix34
		-0.743939	-0.668128	-0.0126058
		0.66823	-0.743654	-0.0211268
		0.00474106	-0.0241407	0.999697
		4.97606	-14.9202	-0.231644
	}
}
{Volume "flap2"
	{Polyhedron "flap2.vol"}
	{Bone "flap2"}
	{Matrix34
		0.769284	-0.638799	0.0117776
		0.63889	0.768995	-0.0215994
		0.00474079	0.0241407	0.999697
		4.86227	14.8195	-0.228802
	}
}
{Volume "retract_wheelf"
	{Box 4.38097 5.17838 13.3999}
	{Bone "retract_wheelf"}
	{Position 1.86975	0	-5.84837}
}
{Volume "rudder"
	{Polyhedron "rudder.vol"}
	{Bone "rudder"}
	{Matrix34
		0.995251	0	0.0973398
		0.0973398	0	-0.995251
		0	1	0
		-1.94182	-4.07616	-6.09103
	}
}
{Volume "wheelf"
	{Cylinder 6.02143 4.74586}
	{Bone "wheelf"}
	{Orientation
		1	0	0
		0	1	0
		0	0	1
	}
}
{Volume "wheelflapf1"
	{Box 27.9723 4.46474 1.25464}
	{Bone "wheelflapf1"}
	{Matrix34
		0.00116371	-0.000474213	0.999999
		-0.998809	-0.0487907	0.0011392
		0.0487904	-0.998809	-0.000530421
		-1.91717	0.205798	0.655616
	}
}
{Volume "wheelflapf2"
	{Box 28.0351 4.28881 1.16401}
	{Bone "wheelflapf2"}
	{Matrix34
		0.00542002	-0.0028133	0.999981
		0.999075	-0.0426536	-0.00553508
		0.0426682	0.999086	0.00257952
		1.94822	-0.168192	-0.249312
	}
}
{Volume "wheelflapl1"
	{Box 24.0232 3.47103 26.9234}
	{Bone "wheelflapl1"}
	{Matrix34
		0.466939	0.880925	-0.0770705
		0	-0.0871559	-0.996195
		-0.88429	0.465162	-0.040696
		9.54964	-16.1703	0.425048
	}
}
{Volume "wheelflapl2"
	{Box 10.6242 1.4864 13.9988}
	{Bone "wheelflapl2"}
	{Matrix34
		0.999287	0.0354862	-0.0129157
		-0.0110229	-0.0530283	-0.998532
		-0.036119	0.997962	-0.0525995
		3.66401	-6.45133	0.437332
	}
}
{Volume "wheelflapr1"
	{Box 24.0232 3.47103 26.9234}
	{Bone "wheelflapr1"}
	{Matrix34
		-0.466939	0.880925	0.0770708
		0	0.0871551	-0.996195
		-0.88429	-0.465163	-0.0406959
		9.62256	15.907	0.309824
	}
}
{Volume "wheelflapr2"
	{Box 10.6242 1.4864 13.9988}
	{Bone "wheelflapr2"}
	{Matrix34
		-0.999287	0.0342254	0.0159597
		-0.0134559	0.0721776	-0.997301
		-0.0352849	-0.996804	-0.0716655
		3.99131	6.50962	0.52788
	}
}
{Volume "wheell"
	{Cylinder 9.26374 4.74586}
	{Bone "wheell"}
	{Position 0	0	0}
}
{Volume "wheelr"
	{Cylinder 9.26374 4.74586}
	{Bone "wheelr"}
	{Position 0	0	0}
}
{Volume "wingl1"
	{Polyhedron "wingl1.vol"}
	{Bone "wingl1"}
	{Matrix34
		0.999287	0	0.0377637
		0	1	0
		-0.0377637	0	0.999287
		8.86579	0.609051	-6.5534
	}
}
{Volume "wingl2"
	{Polyhedron "wingl2.vol"}
	{Bone "wingl2"}
	{Matrix34
		-0.998536	-0.0387637	-0.0377352
		0.038736	-0.999249	0.00146385
		-0.0377635	0	0.999287
		1.87616	-0.295311	0.256199
	}
}
{Volume "wingr1"
	{Polyhedron "wingr1.vol"}
	{Bone "wingr1"}
	{Matrix34
		0.999287	0	0.0377637
		0	1	0
		-0.0377637	0	0.999287
		8.46656	-0.740028	-6.61135
	}
}
{Volume "wingr2"
	{Polyhedron "wingr2.vol"}
	{Bone "wingr2"}
	{Matrix34
		0.999287	0	0.0377637
		0	1	0
		-0.0377637	0	0.999287
		1.87615	0.164322	0.256203
	}
}
