;Exported by: misan
;Date:        Fri Jun 16 14:01:41 2023
;File:        D:\Cold War\ModelWIP\AIRCRAFT\Bomb Run.max
{Skeleton
	{bone "basis"
		{Orientation
			1	0	0
			0	-1	0
			0	0	1
		}
		{bone "rand_rot"
			{bone "attach"
				{Matrix34
					0.996195	0	0.0871557
					0	1	0
					-0.0871557	0	0.996195
					2	0	25
				}
				{bone "body"
					{parameters "id=body;"}
					{Matrix34
						0.999391	0	-0.0348993
						0	1	0
						0.0348993	0	0.999391
						-0.0722656	0	22.124
					}
					{VolumeView "body.ply"}
					{bone "glassf_r"
						{parameters "id=body;"}
						{Position 69.6641	-4.21692	16.813}
						{VolumeView "glassf_r.ply"}
					}
					{bone "glassf"
						{parameters "id=body;"}
						{Position 72.4053	0.413882	16.6455}
						{VolumeView "glassf.ply"}
					}
					{bone "glassf_l"
						{parameters "id=body;"}
						{Position 69.5684	5.01762	16.8046}
						{VolumeView "glassf_l.ply"}
					}
					{bone "wingr1"
						{parameters "id=body;"}
						{Position 9.14551	-33.8402	-1.87048}
						{VolumeView "wingr1.ply"}
						{bone "flapr"
							{parameters "id=body;"}
							{Position -38.9893	-1.13867	-1.7627}
							{VolumeView "flapr.ply"}
						}
						{bone "wingr2"
							{parameters "id=body;"}
							{Position -54.7666	-39.1685	-0.637817}
							{VolumeView "wingr2.ply"}
							{bone "aileronr"
								{parameters "id=body;"}
								{Position -21.1582	1.17062	-2.99304}
								{VolumeView "aileronr.ply"}
							}
							{bone "wingtipr"
								{Matrix34
									0	-1	0
									0	0	1
									-1	0	0
									-28.627	-19.3089	-2.33118
								}
							}
							{bone "hardpoint_2"
								{Position 25.8271	9.00543	-8.0675}
							}
						}
						{bone "gear_r_door1"
							{parameters "id=body;"}
							{Position 8.58594	17.7092	-2.56799}
							{VolumeView "gear_r_door1.ply"}
						}
						{bone "gear_r_door2"
							{parameters "id=body;"}
							{VolumeView "gear_r_door2.ply"}
						}
						{bone "gear_r_door3"
							{parameters "id=body;"}
							{Matrix34
								0.99863	0.052336	0
								-0.052336	0.99863	0
								0	0	1
								-15.8682	-13.4477	-3.25745
							}
							{VolumeView "gear_r_door3.ply"}
						}
						{bone "hardpoint_4"
							{Position -13.9912	-3.32627	-8.7052}
						}
					}
					{bone "wingl1"
						{parameters "id=body;"}
						{Position 5.73242	34.8968	-0.638672}
						{VolumeView "wingl1.ply"}
						{bone "flapl"
							{parameters "id=body;"}
							{Position -35.585	0.921402	-2.94495}
							{VolumeView "flapl.ply"}
						}
						{bone "wingl2"
							{parameters "id=body;"}
							{Position -51.3633	38.9445	-5.18945}
							{VolumeView "wingl2.ply"}
							{bone "aileronl"
								{parameters "id=body;"}
								{Position -21.1416	-1.17451	0.344116}
								{VolumeView "aileronl.ply"}
							}
							{bone "wingtipl"
								{Matrix34
									0	-1	0
									0	0	1
									-1	0	0
									-29.0439	19.3432	1.02783
								}
							}
							{bone "hardpoint_1"
								{Position 25.8389	-9.00923	-4.74756}
							}
						}
						{bone "gear_l_door1"
							{parameters "id=body;"}
							{Position 12.002	-17.9615	-3.79968}
							{VolumeView "gear_l_door1.ply"}
						}
						{bone "gear_l_door3"
							{parameters "id=body;"}
							{Matrix34
								0.99863	-0.0523361	0
								0.0523361	0.99863	0
								0	0	1
								-12.4521	13.1904	-4.48914
							}
							{VolumeView "gear_l_door3.ply"}
						}
						{bone "gear_l_door2"
							{parameters "id=body;"}
							{VolumeView "gear_l_door2.ply"}
						}
						{bone "hardpoint_3"
							{Position -10.5771	2.78748	-9.93713}
						}
					}
					{bone "elevatorr"
						{parameters "id=body;"}
						{Position -96.248	-14.7151	6.98584}
						{VolumeView "elevatorr.ply"}
					}
					{bone "elevatorl"
						{parameters "id=body;"}
						{Position -96.2041	15.6608	6.98596}
						{VolumeView "elevatorl.ply"}
					}
					{bone "rudder"
						{parameters "id=body;"}
						{Matrix34
							0.707107	0	0.707107
							0	1	0
							-0.707107	0	0.707107
							-132.47	0.412387	29.4271
						}
						{VolumeView "rudder.ply"}
					}
					{bone "brake_r"
						{parameters "id=body;"}
						{Matrix34
							1	0	0
							0	0.707107	-0.707107
							0	0.707107	0.707107
							-42.6357	-10.5181	-7.27393
						}
						{VolumeView "brake_r.ply"}
					}
					{bone "brake_l"
						{parameters "id=body;"}
						{Matrix34
							1	0	0
							0	0.707107	0.707107
							0	-0.707107	0.707107
							-42.6357	11.3532	-7.27393
						}
						{VolumeView "brake_l.ply"}
					}
					{bone "canopy"
						{parameters "id=body;"}
						{Position 29.4316	0.458329	17.1302}
						{VolumeView "canopy.ply"}
						{bone "canopy_glass"
							{parameters "id=body;"}
							{Position 19.4111	0	0.199707}
							{VolumeView "canopy_glass.ply"}
						}
					}
					{bone "gear_f_door2"
						{parameters "id=body;"}
						{Matrix34
							0.99863	0	0.0523361
							0	1	0
							-0.0523361	0	0.99863
							79.7227	4.53367	-10.7538
						}
						{VolumeView "gear_f_door2.ply"}
					}
					{bone "gear_f_door1"
						{parameters "id=body;"}
						{Matrix34
							0.99863	0	0.0523361
							0	1	0
							-0.0523361	0	0.99863
							79.7227	-3.75388	-10.7538
						}
						{VolumeView "gear_f_door1.ply"}
					}
					{bone "break_c"
						{parameters "id=body;"}
						{Position 25.1211	0.417553	-13.6228}
						{VolumeView "break_c.ply"}
					}
					{bone "shooter01"
						{Position 67.4492	17.7701	-0.972168}
					}
					{bone "shooter00"
						{Position 67.4492	-17.0633	-0.972168}
					}
					{bone "fxsmoke2"
						{Matrix34
							-1	0	0
							0	-1	0
							0	0	1
							-103.49	-6.48472	0.902832
						}
					}
					{bone "fxsmoke1"
						{Matrix34
							-1	0	0
							0	-1	0
							0	0	1
							-103.49	7.94992	0.902832
						}
					}
					{bone "hardpoint_6"
						{Position -10.8369	0.0604019	-14.8003}
					}
					{bone "hardpoint_5"
						{Position 15.0186	0.0604019	-14.8}
					}
				}
			}
		}
	}
}
{Volume "body1"
	{Polyhedron "body1.vol"}
	{Bone "wingr1"}
	{Position -9.16406	0.249542	-2.271}
}
{Volume "body2"
	{Polyhedron "body2.vol"}
	{Bone "wingr2"}
	{Position -1.9541	0.315552	-1.63306}
}
{Volume "body3"
	{Polyhedron "body3.vol"}
	{Bone "wingl1"}
	{Position -5.75	-0.0520935	-3.50269}
}
{Volume "body4"
	{Polyhedron "body4.vol"}
	{Bone "wingl2"}
	{Position -1.94336	0.105972	1.68677}
}
{Volume "body"
	{Cylinder 19.913 223.787}
	{Bone "body"}
	{Matrix34
		0	-1	0
		0	0	1
		-1	0	0
		-8.38197	0.355611	1.87596
	}
}
