;Exported by: misan
;Date:        Tue Dec 20 08:01:12 2022
;File:        D:\Cold War\ModelWIP\USA\UH-1D\Transport Anims\UH-1D.max
{Skeleton
	{animation
		{sequence "work" {speed 0.5}}
		{sequence "flyin" {speed 0.05}}
		{sequence "approach" {speed 0.1}}
		{sequence "dropoff" {speed 0.1}}
		{sequence "flyout" {speed 0.1}}
	}
	{bone "basis"
		{Orientation
			1	0	0
			0	-1	0
			0	0	1
		}
		{bone "body"
			{Position -12422.4	0	1414.67}
			{VolumeView "body.ply"}
			{bone "window3"
				{Matrix34
					0	-1	0
					1	0	0
					0	0	1
					38.4668	-11.2953	43.1743
				}
				{VolumeView "window3.ply"}
			}
			{bone "window4"
				{Matrix34
					0	-1	0
					1	0	0
					0	0	1
					38.4668	11.2953	43.1743
				}
				{VolumeView "window4.ply"}
			}
			{bone "window2"
				{Matrix34
					0	-1	0
					1	0	0
					0	0	1
					49.8398	8.05718	34.3722
				}
				{VolumeView "window2.ply"}
			}
			{bone "window1"
				{Matrix34
					0	-1	0
					1	0	0
					0	0	1
					49.8398	-8.15165	34.3722
				}
				{VolumeView "window1.ply"}
			}
			{bone "window5"
				{Matrix34
					0	-1	0
					1	0	0
					0	0	1
					60.9551	-10.646	16.0796
				}
				{VolumeView "window5.ply"}
			}
			{bone "window6"
				{Matrix34
					0	-1	0
					1	0	0
					0	0	1
					60.9551	10.8417	16.0796
				}
				{VolumeView "window6.ply"}
			}
			{bone "engine"
				{Position -20.875	0	48.0653}
				{VolumeView "engine.ply"}
				{bone "rotor"
					{Matrix34
						0	1	0
						-1	0	0
						0	0	1
						19.4707	0	6.65088
					}
					{VolumeView "rotor.ply"}
					{bone "propeller1"
						{Position 0	0	0}
						{VolumeView "propeller1.ply"}
					}
					{bone "propeller"
						{Position 0	0	0}
						{VolumeView "propeller.ply"}
					}
					{bone "engine_work"
						{Position -0.127162	0.000976563	20.4304}
						{VolumeView "engine_work.ply"}
					}
				}
				{bone "rotor_b"
					{Matrix34
						0	1	0
						0.965926	0	-0.258819
						-0.258819	0	-0.965926
						-144.12	-0.140118	16.0735
					}
					{VolumeView "rotor_b.ply"}
					{bone "propeller_b"
						{Matrix34
							0	-1	0
							1	0	0
							0	0	1
							7.01239	0.986328	14.5364
						}
						{VolumeView "propeller_b.ply"}
					}
					{bone "propeller_b1"
						{Matrix34
							0	-1	0
							1	0	0
							0	0	1
							7.01239	-1.03711	-14.3734
						}
						{VolumeView "propeller_b1.ply"}
					}
					{bone "rotor_work"
						{Matrix34
							0	-1	0
							0	0	-1
							1	0	0
							7.49875	0.0273438	-0.0098877
						}
						{VolumeView "rotor_work.ply"}
					}
				}
			}
			{bone "doorleft2"
				{Matrix34
					0.990523	-0.137345	-6.98138e-05
					0.0146173	0.105924	-0.994267
					0.136565	0.984843	0.106928
					30.4443	21.4715	31.4906
				}
				{VolumeView "doorleft2.ply"}
				{bone "window14"
					{Matrix34
						0.137345	-0.105924	-0.984843
						0.990523	0.0146177	0.136565
						-6.94028e-05	-0.994267	0.106928
						-5.25391	-0.488281	-0.284058
					}
					{VolumeView "window14.ply"}
				}
			}
			{bone "doorleft1"
				{Position 2.76367	21.9809	27.8998}
				{VolumeView "doorleft1.ply"}
				{bone "window12"
					{Matrix34
						0	-1	0
						1	0	0
						0	0	1
						-8.62207	0.873619	2.69519
					}
					{VolumeView "window12.ply"}
				}
				{bone "window13"
					{Matrix34
						-0.104528	-0.994522	0
						0.994522	-0.104528	0
						0	0	1
						7.31836	0.873619	3.06226
					}
					{VolumeView "window13.ply"}
				}
			}
			{bone "doorleft"
				{Matrix34
					0.999391	-0.000609027	0.034894
					-0.00121802	0.99863	0.0523147
					-0.0348781	-0.0523254	0.998021
					51.3115	17.4896	18.4651
				}
				{VolumeView "doorleft.ply"}
				{bone "window15"
					{Matrix34
						0.00060905	-0.99863	0.0523252
						0.999391	-0.00121799	-0.0348782
						0.0348941	0.0523145	0.998021
						-12.5146	1.54536	13.9204
					}
					{VolumeView "window15.ply"}
				}
				{bone "window16"
					{Matrix34
						0.000608875	-0.99863	0.0523252
						0.999391	-0.00121817	-0.0348782
						0.0348941	0.0523145	0.998021
						-5.84961	0.566933	12.9083
					}
					{VolumeView "window16.ply"}
				}
			}
			{bone "doorright"
				{Matrix34
					0.999391	0.00060908	0.0348941
					0.00121797	0.99863	-0.0523147
					-0.0348781	0.0523254	0.998021
					51.3115	-17.3606	18.4651
				}
				{VolumeView "doorright.ply"}
				{bone "window7"
					{Matrix34
						-0.000609202	-0.99863	-0.0523254
						0.999391	0.00121785	-0.0348782
						0.0348941	-0.0523147	0.998021
						-5.84961	-0.695724	12.9015
					}
					{VolumeView "window7.ply"}
				}
				{bone "window8"
					{Matrix34
						-0.000609027	-0.99863	-0.0523254
						0.999391	0.00121802	-0.0348781
						0.0348941	-0.0523147	0.998021
						-12.5146	-1.67432	13.9136
					}
					{VolumeView "window8.ply"}
				}
			}
			{bone "doorright2"
				{Matrix34
					0.999848	-0.000304653	0.0174499
					0.002127	0.994522	-0.10451
					-0.0173225	0.104531	0.994371
					30.1758	-21.8129	23.7693
				}
				{VolumeView "doorright2.ply"}
				{bone "window9"
					{Matrix34
						0.000304464	-0.994522	-0.104531
						0.999848	0.00212682	-0.0173226
						0.01745	-0.10451	0.994371
						-4.83789	-0.913483	8.21191
					}
					{VolumeView "window9.ply"}
				}
			}
			{bone "doorright1"
				{Position 2.76367	-21.981	27.8997}
				{VolumeView "doorright1.ply"}
				{bone "window10"
					{Matrix34
						0.104529	-0.994522	0
						0.994522	0.104529	0
						0	0	1
						7.31836	-0.873562	3.06238
					}
					{VolumeView "window10.ply"}
				}
				{bone "window11"
					{Matrix34
						0	-1	0
						1	0	0
						0	0	1
						-8.62207	-0.873562	2.69543
					}
					{VolumeView "window11.ply"}
				}
			}
			{bone "attach"
				{parameters "Poply;"}
				{Matrix34
					0.999848	0	-0.0174524
					0	1	0
					0.0174524	0	0.999848
					4.94531	-0.842291	-63.3573
				}
			}
			{bone "commander"
				{Matrix34
					0.999848	0	-0.0174524
					0	1	0
					0.0174524	0	0.999848
					39.875	-9.99917	22.803
				}
			}
			{bone "driver"
				{Matrix34
					0.999848	0	-0.0174524
					0	1	0
					0.0174524	0	0.999848
					39.875	9.87635	22.803
				}
			}
			{bone "seat01"
				{Matrix34
					0.999848	0	-0.0174524
					0	1	0
					0.0174524	0	0.999848
					10	9.87635	23.9524
				}
			}
			{bone "seat02"
				{Matrix34
					0.999848	0	-0.0174524
					0	1	0
					0.0174524	0	0.999848
					10	-9.99917	23.9524
				}
			}
			{bone "seat04"
				{Matrix34
					0.999848	0	-0.0174524
					0	1	0
					0.0174524	0	0.999848
					10	-17.0216	23.9524
				}
			}
			{bone "seat03"
				{Matrix34
					0.999848	0	-0.0174524
					0	1	0
					0.0174524	0	0.999848
					10	16.2291	23.9524
				}
			}
			{bone "emit2"
				{Matrix34
					0	-1	0
					0.999848	0	-0.0174523
					0.0174523	0	0.999848
					25.8018	-29.0016	2.14758
				}
			}
			{bone "emit4"
				{Matrix34
					0	-1	0
					0.999848	0	-0.0174523
					0.0174523	0	0.999848
					10.2139	-29.0016	2.41968
				}
			}
			{bone "emit3"
				{Matrix34
					0	1	0
					-0.999848	0	0.0174524
					0.0174524	0	0.999848
					10.2139	27.4667	2.41968
				}
			}
			{bone "emit1"
				{Matrix34
					0	1	0
					-0.999848	0	0.0174524
					0.0174524	0	0.999848
					25.8018	27.4667	2.14758
				}
			}
			{bone "crate"
				{Matrix34
					0.999848	0	-0.0174524
					0	1	0
					0.0174524	0	0.999848
					5.2373	0	-62.2722
				}
				{VolumeView "crate.ply"}
			}
			{bone "line1"
				{Matrix34
					0	1	0
					0.0174524	0	0.999848
					0.999848	0	-0.0174524
					6.04688	0.0555071	-15.8691
				}
				{VolumeView "line1.ply"}
			}
		}
	}
}
