;Exported by: misan
;Date:        Tue Jul 16 10:35:48 2024
;File:        D:\Cold War\ModelWIP\USA\M102\m102 xx.max
{Skeleton
	{bone revolute "basis"
		{Orientation
			1	0	0
			0	-1	0
			0	0	1
		}
		{bone "baseplate"
			{parameters "id=body;"}
			{Position -2.42041	0.0340444	2.40732}
			{VolumeView "baseplate.ply"}
			{bone revolute "body"
				{parameters "id=body;"}
				{limits -25 25}
				{Matrix34
					0.996195	0	0.0871557
					0	1	0
					-0.0871557	0	0.996195
					0.000280857	0	7.35956
				}
				{VolumeView "body.ply"}
				{bone revolute "gun_rot"
					{parameters "id=gun;"}
					{Matrix34
						0.993159	-0.0523358	-0.104385
						0.104528	0	0.994522
						-0.0520491	-0.99863	0.00547044
						-19.3614	2.23322	6.19285
					}
					{VolumeView "gun_rot.ply"}
					{bone "gun"
						{parameters "id=gun;"}
						{Matrix34
							1	0	0
							0	0	-1
							0	1	0
							24.3707	2.90884	2.23322
						}
						{VolumeView "gun.ply"}
					}
				}
				{bone "hydraulics"
					{parameters "id=body;"}
					{Position 0.260853	0	2.8137}
					{VolumeView "hydraulics.ply"}
				}
				{bone "hitch"
					{parameters "id=body;"}
					{Matrix34
						1	0	0
						0	-1	0
						0	0	-1
						-65.9518	1.03489e-05	-3.48043
					}
					{VolumeView "hitch.ply"}
				}
				{bone "backwheel"
					{parameters "id=body;"}
					{Position -54.8713	0	-6.49825}
					{VolumeView "backwheel.ply"}
				}
				{bone "suspension_l"
					{parameters "id=wheelleft;"}
					{Matrix34
						0.819152	0	-0.573576
						0	1	0
						0.573576	0	0.819152
						4.58133	11.2506	-4.16425
					}
					{VolumeView "suspension_l.ply"}
					{bone revolute "wheelleft"
						{parameters "id=wheelleft;"}
						{Matrix34
							0.987192	-0.0715736	0.142579
							0.15648	0.260352	-0.952749
							0.031071	0.962857	0.268217
							-5.85325	5.49068	0.516262
						}
						{VolumeView "wheelleft.ply"}
					}
				}
				{bone "suspension_r"
					{parameters "id=wheelright;"}
					{Matrix34
						0.819152	0	-0.573576
						0	1	0
						0.573576	0	0.819152
						4.58132	-11.2542	-4.16426
					}
					{VolumeView "suspension_r.ply"}
					{bone revolute "wheelright"
						{parameters "id=wheelright;"}
						{Matrix34
							0.964705	0.0640202	0.255432
							0.257858	-0.0329115	-0.965622
							-0.0534127	0.997406	-0.048258
							-5.85326	-5.53558	0.516264
						}
						{VolumeView "wheelright.ply"}
					}
				}
			}
		}
	}
}
{Volume "body"
	{Polyhedron "body.vol"}
	{Bone "body"}
	{Matrix34
		0	-1	0
		0	0	1
		-1	0	0
		7.88221	-0.0669747	-3.43978
	}
}
{Volume "gun1"
	{Box 5.31739 8.8062 35.5345}
	{Bone "gun_rot"}
	{Matrix34
		0	0	1
		0	1	0
		-1	0	0
		16.3014	3.27817	2.32126
	}
}
{Volume "gun"
	{Cylinder 1.89219 62.8917}
	{Bone "gun"}
	{Matrix34
		0	-1	0
		0	0	1
		-1	0	0
		-0.467396	-0.0108411	0.0945436
	}
}
{Volume "wheelleft"
	{Cylinder 7.76949 3.45126}
	{Bone "wheelleft"}
	{Matrix34
		0.866025	-0.5	0
		-0.5	-0.866025	0
		0	0	-1
		-0.0138004	-0.022403	-0.0234188
	}
}
{Volume "wheelright"
	{Cylinder 7.7695 3.45126}
	{Bone "wheelright"}
	{Matrix34
		0.866025	-0.500001	0
		-0.5	-0.866026	0
		0	0	-1
		-0.0137963	-0.022398	0.0195477
	}
}
