;Exported by: misan
;Date:        Tue Jun 21 10:51:01 2022
;File:        D:\Cold War\Model WIP\USSR\T-62\T-62 obr 1967 FULL XX.max
{Skeleton
	{bone "basis"
		{Orientation
			1	0	0
			0	-1	0
			0	0	1
		}
		{bone "wheelsl"
			{parameters "id=trackleft;"}
			{Position 4.03249	17.5466	8.67176}
			{VolumeView "wheelsl.ply"}
			{bone prizmatic "suspension_l4"
				{limits -0.1 0.1}
				{Position -18.0993	5.01585	0.151304}
				{bone revolute "wheell5"
					{parameters "id=trackleft;Radius=0.41;"}
					{Matrix34
						-1	0	0
						0	0.198127	0.980176
						0	0.980176	-0.198127
						-0.0343876	3.88699	0.00711632
					}
					{VolumeView "wheell5.ply"}
				}
			}
			{bone prizmatic "suspension_l1"
				{limits -0.1 0.1}
				{Position 39.083	5.01585	0.151304}
				{bone revolute "wheell2"
					{parameters "id=trackleft;Radius=0.41;"}
					{Matrix34
						-0.90624	0.340226	0.250949
						0.232593	-0.0944319	0.967979
						0.353029	0.93559	0.00644375
						0.00125885	3.88699	0.00711632
					}
					{VolumeView "wheell2.ply"}
				}
			}
			{bone prizmatic "suspension_l2"
				{limits -0.1 0.1}
				{Position 21.2155	5.01585	0.151304}
				{bone revolute "wheell3"
					{parameters "id=trackleft;Radius=0.41;"}
					{Matrix34
						-0.835309	-0.482722	-0.263131
						-0.318005	0.0338073	0.947486
						-0.448477	0.875121	-0.181748
						0.0148697	3.88699	0.00711632
					}
					{VolumeView "wheell3.ply"}
				}
			}
			{bone prizmatic "suspension_l3"
				{limits -0.1 0.1}
				{Position 2.64651	5.01585	0.151304}
				{bone revolute "wheell4"
					{parameters "id=trackleft;Radius=0.41;"}
					{Matrix34
						-0.979476	0.19607	-0.0467267
						-0.0972493	-0.256648	0.9616
						0.176549	0.946408	0.270448
						0.120541	3.88699	0.00711632
					}
					{VolumeView "wheell4.ply"}
				}
			}
			{bone prizmatic "suspension_l5"
				{limits -0.1 0.1}
				{Position -39.0784	5.01585	0.151304}
				{bone revolute "wheell6"
					{parameters "id=trackleft;Radius=0.41;"}
					{Matrix34
						-0.959337	0.238616	0.150781
						0.133946	-0.0853557	0.987306
						0.248457	0.967355	0.0499232
						-0.0275192	3.88699	0.00711632
					}
					{VolumeView "wheell6.ply"}
				}
			}
			{bone "trackl"
				{Position -2.25161	9.17698	2.28838}
				{VolumeView "trackl.ply"}
			}
		}
		{bone "wheelsr"
			{parameters "id=trackright;"}
			{Position 4.02756	-16.5608	8.67177}
			{VolumeView "wheelsr.ply"}
			{bone prizmatic "suspension_r3"
				{limits -0.1 0.1}
				{Position 2.65144	-5.02832	0.151297}
				{bone revolute "wheelr4"
					{parameters "id=trackright;Radius=0.41;"}
					{Matrix34
						-0.998932	0.0161246	0.0432973
						0.0380461	-0.244608	0.968875
						0.0262136	0.969488	0.243734
						0.120541	-4.47638	0.00711441
					}
					{VolumeView "wheelr4.ply"}
				}
			}
			{bone prizmatic "suspension_r4"
				{limits -0.1 0.1}
				{Position -18.0944	-5.02832	0.151297}
				{bone revolute "wheelr5"
					{parameters "id=trackright;Radius=0.41;"}
					{Matrix34
						-0.940476	0.287339	-0.181498
						-0.218966	-0.103864	0.970189
						0.259922	0.952181	0.160599
						-0.0343876	-4.47638	0.00711441
					}
					{VolumeView "wheelr5.ply"}
				}
			}
			{bone prizmatic "suspension_r5"
				{limits -0.1 0.1}
				{Position -39.0735	-5.02832	0.151297}
				{bone revolute "wheelr6"
					{parameters "id=trackright;Radius=0.41;"}
					{Matrix34
						-0.901252	-0.325046	0.286512
						0.217832	0.231707	0.948083
						-0.374557	0.916873	-0.138021
						-0.0275192	-4.47638	0.00711441
					}
					{VolumeView "wheelr6.ply"}
				}
			}
			{bone prizmatic "suspension_r1"
				{limits -0.1 0.1}
				{Position 39.088	-5.02832	0.151297}
				{bone revolute "wheelr2"
					{parameters "id=trackright;Radius=0.41;"}
					{Matrix34
						-0.982433	0.115658	-0.146456
						-0.129551	0.142197	0.981324
						0.134324	0.983058	-0.124715
						0.00125122	-4.47638	0.00711441
					}
					{VolumeView "wheelr2.ply"}
				}
			}
			{bone prizmatic "suspension_r2"
				{limits -0.1 0.1}
				{Position 21.2204	-5.02832	0.151297}
				{bone revolute "wheelr3"
					{parameters "id=trackright;Radius=0.41;"}
					{Matrix34
						-0.989744	-0.125654	0.0679543
						0.0332927	0.2597	0.965115
						-0.138918	0.957479	-0.252853
						0.0148697	-4.47638	0.00711441
					}
					{VolumeView "wheelr3.ply"}
				}
			}
			{bone "trackr"
				{parameters "id=trackright;"}
				{Matrix34
					-1	0	0
					0	0	1
					0	1	0
					-2.24975	-9.7571	2.30541
				}
				{VolumeView "trackr.ply"}
			}
		}
		{bone "body"
			{parameters "id=body;"}
			{Matrix34
				0.999556	0.0256086	-0.0152333
				-0.0255469	0.999665	0.00422885
				0.0153365	-0.00383781	0.999875
				0	-0.662462	14.9356
			}
			{VolumeView "body.ply"}
			{bone "engine"
				{parameters "id=engine;"}
				{Position -39.6076	0	12.6819}
				{VolumeView "engine.ply"}
			}
			{bone revolute "wheelr1"
				{parameters "id=trackright;Radius=0.35;"}
				{Matrix34
					-0.9861	0.147557	-0.0763748
					-0.0843511	-0.0485675	0.995252
					0.143147	0.98786	0.060339
					59.474	-25.6737	0.513738
				}
				{VolumeView "wheelr1.ply"}
			}
			{bone revolute "wheell1"
				{parameters "id=trackleft;Radius=0.35;"}
				{Matrix34
					-0.999998	0.00117445	0.00180497
					0.00188507	0.072199	0.997389
					0.00104106	0.99739	-0.072201
					59.474	27.4364	0.513739
				}
				{VolumeView "wheell1.ply"}
			}
			{bone revolute "wheelr7"
				{parameters "id=trackright;Radius=0.35;"}
				{Matrix34
					-1	0	0
					0	0	1
					0	1	0
					-49.18	-25.2642	-1.86561
				}
				{VolumeView "wheelr7.ply"}
			}
			{bone revolute "wheell7"
				{parameters "id=trackleft;Radius=0.35;"}
				{Matrix34
					-1	0	0
					0	0	1
					0	1	0
					-49.18	26.5031	-1.86561
				}
				{VolumeView "wheell7.ply"}
			}
			{bone "fxsmoke1"
				{Matrix34
					0	1	0
					-1	0	0
					0	0	1
					-26.9759	32.5359	8.03332
				}
			}
			{bone "fxfire1"
				{Position -35.3298	0.258231	9.63738}
			}
			{bone "fxfire4"
				{Position 8.16184	2.0334	12.8757}
			}
			{bone "visor2"
				{Position 44.481	12.241	13.4792}
			}
			{bone revolute "turret"
				{parameters "id=turret;"}
				{Matrix34
					0.942308	-0.334253	0.0181837
					0.334282	0.942472	0.00151555
					-0.0176442	0.00465036	0.999834
					7.55701	0.864733	12.9977
				}
				{VolumeView "turret.ply"}
				{bone "eject_cover"
					{parameters "id=turret;"}
					{Matrix34
						0.885756	-0.434413	0.163468
						0.398002	0.529652	-0.749042
						0.238812	0.728529	0.642039
						-18.9639	3.65264	12.925
					}
					{VolumeView "eject_cover.ply"}
				}
				{bone "cover2"
					{parameters "id=turret;"}
					{Matrix34
						-0.754068	0.0774943	-0.652208
						0.655693	0.146347	-0.740709
						0.0380482	-0.986193	-0.161168
						1.77577	-11.6509	14.088
					}
					{VolumeView "cover2.ply"}
				}
				{bone "turret_commander"
					{parameters "id=turret;"}
					{Position -8.75202	11.4799	15.0139}
					{VolumeView "turret_commander.ply"}
					{bone "cover1"
						{parameters "id=turret;"}
						{Matrix34
							0.466284	0.0547444	-0.88294
							0.00937436	0.997722	0.0668118
							0.884586	-0.0394303	0.464708
							2.65937	-0.0508909	1.96347
						}
						{VolumeView "cover1.ply"}
					}
				}
				{bone revolute "gun_rot"
					{parameters "id=gun;"}
					{limits -7 30}
					{Matrix34
						0.996195	0	-0.0871557
						-0.0871558	0	-0.996195
						0	1	0
						24.8336	0	5.01562
					}
					{VolumeView "gun_rot.ply"}
					{bone "gun"
						{parameters "id=gun;"}
						{Matrix34
							1	0	0
							0	0	1
							0	-1	0
							47.2049	1.16025	0
						}
						{VolumeView "gun.ply"}
					}
				}
				{bone "fxfire3"
					{Position -4.2895	-11.3914	11.607}
				}
				{bone "fxfire3_2"
					{Position -10.4604	11.6357	14.2526}
				}
				{bone "mantlet_cover"
					{parameters "id=gun;"}
					{Matrix34
						1	0	0
						0	0	1
						0	-1	0
						20.8189	0.355148	4.38521
					}
					{VolumeView "mantlet_cover.ply"}
				}
				{bone revolute "foresight5"
					{limits -6 10}
					{Matrix34
						1	0	0
						0	0	-1
						0	1	0
						23.711	-7.35483	4.15041
					}
				}
				{bone "detail7"
					{parameters "1;"}
					{Position 21.9288	-10.3198	11.1352}
				}
			}
		}
		{bone "emit1"
			{Matrix34
				0	-1	0
				1	0	0
				0	0	1
				8.13151	52.581	0
			}
		}
		{bone "emit2"
			{Matrix34
				0	1	0
				-1	0	0
				0	0	1
				8.13151	-54.7725	0
			}
		}
	}
}
{Volume "ammo1"
	{Box 11.6047 11.6034 12.6329}
	{Bone "body"}
	{Position 38.596	-9.29736	2.80775}
}
{Volume "ammo2"
	{Box 6.6658 17.5286 17.8372}
	{Bone "body"}
	{Position -9.51662	-0.134931	1.01589}
}
{Volume "body1"
	{Polyhedron "body1.vol"}
	{Bone "body"}
	{Position 4.88258	0.662463	1.09411}
}
{Volume "body2"
	{Polyhedron "body2.vol"}
	{Bone "body"}
	{Position 4.99338	0.662463	-6.40561}
}
{Volume "engine"
	{Box 13.9657 26.884 12.22}
	{Bone "body"}
	{Position -28.8354	0.662463	2.68134}
}
{Volume "fuel1"
	{Polyhedron "fuel1.vol"}
	{Bone "body"}
	{Position 38.4863	-9.23564	-4.61271}
}
{Volume "fuel2"
	{Box 18.1554 4.888 13.2326}
	{Bone "body"}
	{Position 7.96862	-13.3285	5.33684}
}
{Volume "gun"
	{Cylinder 2.45197 108.62}
	{Bone "gun"}
	{Matrix34
		0	-1	0
		0	0	1
		-1	0	0
		-10.4424	-0.220223	1.26274
	}
}
{Volume "trackleft"
	{Polyhedron "trackleft.vol"}
	{Bone "trackl"}
	{Matrix34
		1	0	0
		0	0	1
		0	-1	0
		2.44207	0.330811	-0.893953
	}
}
{Volume "trackright"
	{Polyhedron "trackright.vol"}
	{Bone "trackr"}
	{Matrix34
		-1	0	0
		0	1	0
		0	0	-1
		-2.44514	-0.910995	-0.192369
	}
}
{Volume "turret1"
	{Polyhedron "turret1.vol"}
	{Bone "turret"}
	{Position -8.57103	11.5426	11.909}
}
{Volume "turret"
	{Polyhedron "turret.vol"}
	{Bone "turret"}
	{Position -0.149897	-0.0807409	0.684277}
}
