;Exported by: aeste
;Date:        Fri Nov 15 14:28:50 2024
;File:        E:\Cold War\ModelWIP\USSR\Grad-P\Grad-P.max
{Skeleton
	{animation
		{sequence "close" {speed 0.15}}
		{sequence "recoil" {speed 0.15}}
	}
	{bone "basis"
		{Orientation
			1	0	0
			0	-1	0
			0	0	1
		}
		{bone "driver1"
			{Position 3.55018	14.2031	0}
		}
		{bone "driver2"
			{Position 2.24127	-14.2478	0}
		}
		{bone "gunner"
			{Position -0.280115	17.1496	0}
		}
		{bone "commander"
			{Position 0.672779	-19.4072	0}
		}
		{bone revolute "body"
			{parameters "id=body;"}
			{limits 0 0}
			{Matrix34
				-1	0	0
				0	-1	0
				0	0	1
				-3.66842	0	11.2277
			}
			{VolumeView "body.ply"}
			{bone "leg_l0"
				{parameters "id=body;"}
				{Matrix34
					0.819152	0	-0.573577
					0	1	0
					0.573577	0	0.819152
					1.46798	-1.13783	8.02288
				}
				{VolumeView "leg_l0.ply"}
				{bone "leg_l1"
					{parameters "id=body;"}
					{Matrix34
						0.79124	-0.212012	0.573576
						0.258819	0.965926	0
						-0.554032	0.148452	0.819152
						0.00681782	-0.00182724	-0.0179291
					}
					{VolumeView "leg_l1.ply"}
					{bone "leg_l2"
						{parameters "id=body;"}
						{Matrix34
							0.623107	-0.00176252	-0.782135
							0.0348446	0.999067	0.0255085
							0.78136	-0.0431478	0.622587
							9.56973	-1.0434	-6.67928
						}
						{VolumeView "leg_l2.ply"}
					}
				}
			}
			{bone "leg_r0"
				{parameters "id=body;"}
				{Matrix34
					0.819152	0	-0.573576
					0	1	0
					0.573576	0	0.819152
					1.47718	1.12901	8.03056
				}
				{VolumeView "leg_r0.ply"}
				{bone "leg_r1"
					{parameters "id=body;"}
					{Matrix34
						0.79124	0.212012	0.573576
						-0.258819	0.965926	0
						-0.554032	-0.148452	0.819152
						0.00634909	0.00170088	-0.0292225
					}
					{VolumeView "leg_r1.ply"}
					{bone "leg_r2"
						{parameters "id=body;"}
						{Matrix34
							0.623107	0.00176273	-0.782135
							-0.034845	0.999067	-0.0255085
							0.78136	0.043148	0.622587
							9.56199	1.01904	-6.67417
						}
						{VolumeView "leg_r2.ply"}
					}
				}
			}
			{bone "wires"
				{parameters "id=body;"}
				{VolumeView "wires.ply"}
			}
			{bone "leg_f1"
				{parameters "id=body;"}
				{Position -5.76182	0	7.13353}
				{VolumeView "leg_f1.ply"}
				{bone "leg_f2"
					{parameters "id=body;"}
					{Position -6.39935	0.221179	-5.67278}
					{VolumeView "leg_f2.ply"}
				}
			}
			{bone revolute "gun_rot"
				{parameters "id=body;"}
				{limits 0 20}
				{Matrix34
					-1	0	0
					0	0	1
					0	1	0
					0.448441	0	8.68683
				}
				{VolumeView "gun_rot.ply"}
				{bone revolute "turret"
					{parameters "id=body;"}
					{limits -10 10}
					{Matrix34
						1	0	0
						0	0	-1
						0	1	0
						0.796612	0.80802	0
					}
					{VolumeView "turret.ply"}
					{bone revolute "gun_rot2"
						{parameters "id=body;"}
						{limits -1 25}
						{Matrix34
							-1	0	0
							0	0	-1
							0	-1	0
							-1.28154	0	1.03822
						}
						{VolumeView "gun_rot2.ply"}
						{bone "gun"
							{parameters "id=body;"}
							{Matrix34
								-1	0	0
								0	0	-1
								0	-1	0
								-1.28154	1.03822	0
							}
							{VolumeView "gun.ply"}
							{bone "rocket"
								{parameters "id=body;"}
								{Matrix34
									-1	0	0
									0	-1	0
									0	0	1
									10.1948	0.213753	3.13657
								}
								{VolumeView "rocket00.ply"}
							}
							{bone "fxshot"
								{Matrix34
									-1	0	0
									0	-1	0
									0	0	1
									-15.6422	0	2.82368
								}
							}
							{bone "foresight"
								{Position 23.5832	0	2.82369}
							}
						}
					}
					{bone "visor"
						{Position 0.480474	11.9316	7.3815}
					}
					{bone "visor2"
						{Position 0.480476	-13.5151	7.3815}
					}
				}
			}
		}
		{bone "emit2"
			{Matrix34
				0.207912	0.978148	0
				-0.978148	0.207912	0
				0	0	1
				0.650702	-20.5311	0
			}
		}
		{bone "emit1"
			{Matrix34
				0.0174524	-0.999848	0
				0.999848	0.0174524	0
				0	0	1
				0.922324	19.7117	0
			}
		}
	}
}
{Volume "body2"
	{Cylinder 0.529438 11.4329}
	{Bone "leg_f1"}
	{Matrix34
		0	1	0
		-0.656059	0	0.75471
		0.75471	0	0.656059
		-1.76983	0.0358642	-1.63704
	}
}
{Volume "body3"
	{Cylinder 0.529438 15.4344}
	{Bone "leg_f2"}
	{Matrix34
		0	1	0
		-0.788011	0	0.615662
		0.615662	0	0.788011
		-4.38674	0.314058	-5.87291
	}
}
{Volume "body4"
	{Cylinder 0.529438 12.8049}
	{Bone "leg_l1"}
	{Matrix34
		-0.0170233	-0.999837	0.00604646
		0.55968	-0.00451785	0.828697
		-0.828534	0.0174913	0.559665
		4.39818	-0.886837	-3.01058
	}
}
{Volume "body5"
	{Cylinder 0.529438 16.65}
	{Bone "leg_l2"}
	{Matrix34
		-0.0135736	-0.999343	0.0336043
		-0.0597092	0.0343574	0.997624
		-0.998124	0.0115349	-0.0601365
		8.87616	-0.374109	0.302109
	}
}
{Volume "body6"
	{Cylinder 0.529438 12.8049}
	{Bone "leg_r1"}
	{Matrix34
		0.0170217	-0.999837	-0.00604646
		0.55968	0.00451678	0.828697
		-0.828534	-0.0174898	0.559666
		4.32727	0.766593	-2.96231
	}
}
{Volume "body7"
	{Cylinder 0.529438 16.65}
	{Bone "leg_r2"}
	{Matrix34
		0.013573	-0.999343	-0.0336049
		-0.0597093	-0.0343579	0.997624
		-0.998124	-0.0115342	-0.0601365
		8.83754	0.412807	0.291436
	}
}
{Volume "body"
	{Box 4.33857 3.74573 8.27832}
	{Bone "body"}
	{Matrix34
		0	1	0
		0	0	1
		1	0	0
		-2.32747	0	9.39698
	}
}
{Volume "gun"
	{Cylinder 1.42703 41.7618}
	{Bone "gun"}
	{Matrix34
		0	-1	0
		0	0	1
		-1	0	0
		4.14065	0.0512986	2.72766
	}
}
{Volume "select"
	{Box 59.3412 37.9338 27.5314}
	{Bone "basis"}
	{Position 0	0	13.7657}
}
