;MDL File generated by SOEdit Version Next (v0.7m4)
;Model created by: kanon
;Date: Sun Sep 28 20:21:34 2025
;File: E:\disc_C\Users\Kanonenfogel\Documents\3dsmax\scenes\cannon\240mm_m240\240mm_m240.max
;Model create/rebuild by: phantom
;Last build date: Tuesday 6 October 2025 [23:08:23]
{Skeleton
    {Animation
        {Sequence "close" {Speed 0.3}}
        {Sequence "shell_eject" {Speed 0.3}}
        {Sequence "recoil" {Speed 0.4}}
    }
    {Bone revolute "basis"
        {Parameters "Wheelradius=0.7;SteerMax=28;"}
        {Orientation
            1	0	0
            0	-1	0
            0	0	1
        }
        {Bone "charger"
            {Position -40.3148	-9.75012	0}
        }
        {Bone "charger2"
            {Position -73.6369	-13.9225	0}
        }
        {Bone "commander"
            {Position -77.1859	13.3114	0}
        }
        {Bone "driver1"
            {Matrix34
                -1	0	0
                0	-1	0
                0	0	1
                -66.7636	-5.4359	0
            }
        }
        {Bone "driver2"
            {Matrix34
                -1	0	0
                0	-1	0
                0	0	1
                5.63014	25.1519	0
            }
        }
        {Bone "driver3"
            {Matrix34
                -1	0	0
                0	-1	0
                0	0	1
                -77.276	6.78484	0
            }
        }
        {Bone "driver4"
            {Matrix34
                -1	0	0
                0	-1	0
                0	0	1
                9.07747	-20.4633	0
            }
        }
        {Bone "emit1"
            {Position -50.6221	31.1368	0}
        }
        {Bone "emit2"
            {Position -47.7415	-31.4656	0}
        }
        {Bone "emit3"
            {Position -92.8311	-31.6029	0}
        }
        {Bone "emit4"
            {Position -85.2051	28.4761	0}
        }
        {Bone "gunner"
            {Position -37.4244	13.2539	0}
        }
        {Bone "body"
            {Parameters "ID=body;"}
            {Position -11.7942	0	10.7206}
            {VolumeView "body.ply"}
            {Bone "pod"
                {Parameters "ID=body;"}
                {Matrix34
                    0.996195	0	-0.0871557
                    0	1	0
                    0.0871557	0	0.996195
                    8.95932	-0.170073	3.84515
                }
                {VolumeView "pod.ply"}
                {Bone "gun"
                    {Parameters "ID=gun;"}
                    {Matrix34
                        0.707107	0	0.707107
                        0	1	0
                        -0.707107	0	0.707107
                        11.3344	0.170073	13.0746
                    }
                    {VolumeView "gun.ply"}
                    {Bone "link1"
                        {Position 66.5687	1.53654e-05	-1.79752}
                    }
                    {Bone "seat4"
                        {Matrix34
                            0.019252	0.999814	-0.00127208
                            -0.999524	0.0191997	-0.0241673
                            -0.024193	0.00169941	0.999706
                            8.353	0	-12.3435
                        }
                    }
                    {Bone "seat3"
                        {Matrix34
                            0.0353734	-0.999372	-0.00230713
                            0.999004	0.035299	0.0273127
                            -0.027192	-0.00330047	0.999625
                            20.0032	0	-11.8271
                        }
                    }
                    {Bone "seat2"
                        {Matrix34
                            -0.00693475	0.999976	0.000601164
                            -0.999762	-0.00695861	-0.0206959
                            -0.0206921	-0.000807608	0.999786
                            36.593	0	-11.6754
                        }
                    }
                    {Bone "seat1"
                        {Matrix34
                            0.0211358	-0.999776	-0.00137123
                            0.999463	0.0211009	0.0250856
                            -0.0250528	-0.00190025	0.999684
                            48.9175	0	-11.9795
                        }
                    }
                    {Bone revolute "leveler"
                        {Matrix34
                            -0.652005	0	-0.758215
                            0	1	0
                            0.758215	0	-0.652005
                            64.3572	1.30939e-05	-2.76688
                        }
                        {Bone revolute "foresight"
                            {Matrix34
                                -0.669136	0	0.74314
                                -0.74314	0	-0.669136
                                0	-1	0
                                0	0	-2.78089
                            }
                        }
                        {Bone "foresight1"
                            {Matrix34
                                -0.669136	0	0.74314
                                -0.74314	0	-0.669136
                                0	-1	0
                                0	0	-2.78089
                            }
                        }
                    }
                }
                {Bone "plita"
                    {Parameters "ID=body;"}
                    {Matrix34
                        0.996195	0	0.0871557
                        0	1	0
                        -0.0871557	0	0.996195
                        -13.3347	0	-8.52832
                    }
                    {VolumeView "plita.ply"}
                }
            }
            {Bone "support2"
                {Position 28.5423	-8.28409	-10.7019}
            }
            {Bone "support1"
                {Position 28.5423	8.6634	-10.7019}
            }
            {Bone "fixator"
                {Parameters "ID=body;"}
                {Position 27.8777	0	-11.7486}
                {VolumeView "fixator.ply"}
            }
            {Bone "pivot_front"
                {Parameters "ID=body;"}
                {Matrix34
                    0.906308	0	-0.422618
                    0	1	0
                    0.422618	0	0.906308
                    0.602809	0	0.219384
                }
                {Bone revolute "wheell1"
                    {Parameters "ID=wheelleft1;"}
                    {Matrix34
                        1	0	0
                        0	0	1
                        0	-1	0
                        -0.387161	21.2052	-0.778084
                    }
                    {VolumeView "wheell1.ply"}
                }
                {Bone revolute "wheelr1"
                    {Parameters "ID=wheelright1;"}
                    {Matrix34
                        1	0	0
                        0	0	1
                        0	-1	0
                        -0.387159	-21.2052	-0.778084
                    }
                    {VolumeView "wheelr1.ply"}
                }
                {Bone "fxtracer1"
                    {Matrix34
                        0.906308	0	0.422618
                        0	1	0
                        -0.422618	0	0.906308
                        4.91274	-20.5943	-9.78012
                    }
                }
                {Bone "fxtracel1"
                    {Matrix34
                        0.906308	0	0.422618
                        0	1	0
                        -0.422618	0	0.906308
                        4.91273	21.1443	-9.78012
                    }
                }
            }
            {Bone "buxer_ring"
                {Parameters "ID=body;"}
                {Matrix34
                    0.819152	0	-0.573576
                    0	1	0
                    0.573576	0	0.819152
                    29.0762	3.62339	-5.06499
                }
                {VolumeView "buxer_ring.ply"}
            }
            {Bone "buxir_ring2"
                {Parameters "ID=body;"}
                {Position 22.5881	-3.83792	-6.57873}
                {VolumeView "buxir_ring2.ply"}
            }
            {Bone "visor"
                {Position 2.86889	17.542	17.7238}
            }
        }
        {Bone "sandbag"
            {Position 37.9209	0	0}
        }
    }
}
