;Exported by: misan
;Date:        Mon Oct 10 16:13:40 2022
;File:        D:\Cold War\ModelWIP\USSR\S-60\S-60_xx.max
{Skeleton
	{bone "basis"
		{Orientation
			1	0	0
			0	-1	0
			0	0	1
		}
		{bone "pivot_back"
			{Matrix34
				1	0	0
				0	0	1
				0	-1	0
				-38.0832	0	7.2213
			}
			{bone prizmatic "suspension_l2"
				{Matrix34
					1	0	0
					0	0	-1
					0	1	0
					0.0330009	-0.127282	-11.0759
				}
				{VolumeView "suspension_l2.ply"}
			}
			{bone prizmatic "suspension_r2"
				{Matrix34
					1	0	0
					0	0	-1
					0	1	0
					0.0330009	-0.127283	10.997
				}
				{VolumeView "suspension_r2.ply"}
				{bone revolute "wheelr2"
					{Matrix34
						-1	0	0
						0	0	1
						0	1	0
						-0.0350761	-1.60587	0.0869417
					}
					{VolumeView "wheelr2.ply"}
				}
			}
			{bone "tracel2"
				{Matrix34
					1	0	0
					0	0	-1
					0	1	0
					-0.115189	-7.2213	-12.7202
				}
			}
			{bone "tracer2"
				{Matrix34
					1	0	0
					0	0	-1
					0	1	0
					0.079792	-7.22129	12.6101
				}
			}
		}
		{bone "pivot_front"
			{Matrix34
				1	0	0
				0	0	1
				0	-1	0
				36.3862	0	7.2213
			}
			{bone prizmatic "suspension_r1"
				{Matrix34
					1	0	0
					0	0	-1
					0	1	0
					0.195412	-0.127283	11.0097
				}
				{VolumeView "suspension_r1.ply"}
				{bone revolute "wheelr1"
					{Matrix34
						-1	0	0
						0	0.122318	0.992491
						0	0.992491	-0.122318
						-0.0575676	-1.59318	0.0869417
					}
					{VolumeView "wheelr1.ply"}
				}
			}
			{bone prizmatic "suspension_l1"
				{Matrix34
					1	0	0
					0	0	-1
					0	1	0
					0.195412	-0.127282	-11.0885
				}
				{VolumeView "suspension_l1.ply"}
				{bone revolute "wheell1"
					{Matrix34
						-1	0	0
						0	-0.162769	0.986664
						0	0.986664	0.162769
						-0.0575676	1.754	0.0869427
					}
					{VolumeView "wheell1.ply"}
				}
			}
			{bone "tracer1"
				{Matrix34
					1	0	0
					0	0	-1
					0	1	0
					-0.0512543	-7.22129	12.6101
				}
			}
			{bone "tracel1"
				{Matrix34
					1	0	0
					0	0	-1
					0	1	0
					-0.0512543	-7.2213	-12.7202
				}
			}
		}
		{bone "body"
			{Matrix34
				1	0	0
				0	0.997522	-0.0703616
				0	0.0703616	0.997522
				-5.62626	0.0394107	-0.0572801
			}
			{VolumeView "body.ply"}
			{bone "standl"
				{Matrix34
					0.839294	-0.164014	-0.518349
					0.0346145	0.967597	-0.250117
					0.542575	0.191979	0.817775
					1.73606	14.228	11.7559
				}
				{VolumeView "standl.ply"}
			}
			{bone "standr"
				{Matrix34
					0.592551	0.803536	0.0566784
					-0.784025	0.55915	0.26955
					0.184901	-0.204159	0.961317
					1.73606	-14.2314	11.7559
				}
				{VolumeView "standr.ply"}
				{bone "standr_pad"
					{Position 0	-24.5083	3.0364}
					{VolumeView "standr_pad.ply"}
				}
			}
			{bone revolute "turret"
				{Orientation
					0.961933	0.273089	0.0103558
					-0.271753	0.959861	-0.0694003
					-0.0288926	0.0639443	0.997535
				}
				{VolumeView "turret.ply"}
				{bone "shieldtopr"
					{Position 18.27	-9.66844	33.9476}
					{VolumeView "shieldtopr.ply"}
				}
				{bone "shieldtopl"
					{Position 18.2701	9.66844	33.9476}
					{VolumeView "shieldtopl.ply"}
				}
				{bone revolute "gun_rot"
					{Matrix34
						0.995244	0.0284011	-0.0931788
						-0.0890898	-0.121457	-0.988591
						-0.0393945	0.99219	-0.11835
						5.18822	0.00645673	24.1939
					}
					{VolumeView "gun_rot.ply"}
					{bone "gun"
						{Matrix34
							0.995042	0.0993171	-0.00530192
							0.000440441	0.0489065	0.998803
							0.0994576	-0.993853	0.0486201
							26.5771	-2.17652	-0.00646305
						}
						{VolumeView "gun.ply"}
						{bone "foresight1"
							{Position 56.034	-0.0203702	0.0140972}
						}
					}
					{bone "fx_invers"
						{Matrix34
							0	-0.0871556	-0.996195
							1	0	0
							0	-0.996195	0.0871555
							5.89022	-1.81866	-0.0458679
						}
					}
					{bone "rocket00"
						{Position 6.03007	-0.454765	8.5117}
						{VolumeView "rocket00.ply"}
					}
					{bone "rocket01"
						{Position 6.03007	-0.454765	7.08398}
						{VolumeView "rocket01.ply"}
					}
					{bone "rocket02"
						{Position 6.03007	-0.454763	5.65626}
						{VolumeView "rocket02.ply"}
					}
					{bone "rocket03"
						{Position 6.03007	-0.454763	4.22853}
						{VolumeView "rocket03.ply"}
					}
				}
				{bone "crank_r"
					{Position -3.42312	-7.97478	20.6552}
					{VolumeView "crank_r.ply"}
				}
				{bone "crank_l"
					{Position -3.42312	7.97477	20.6552}
					{VolumeView "crank_l.ply"}
				}
				{bone "crank_m"
					{Position -11.2879	-3.25752	33.4586}
					{VolumeView "crank_m.ply"}
				}
				{bone "seat3"
					{Matrix34
						0	1	0
						-1	0	0
						0	0	1
						1.45733	15.6746	0.735275
					}
				}
				{bone "seat4"
					{Matrix34
						0	-1	0
						1	0	0
						0	0	1
						1.45733	-16.3799	0.735275
					}
				}
				{bone "commander"
					{Position -15.9854	-23.2193	0.05728}
				}
				{bone "seat1"
					{Position -14.2218	-7.97022	17.2084}
				}
				{bone "seat2"
					{Position -14.2218	8.09103	17.2084}
				}
				{bone "charger"
					{Position -14.1684	8.09103	17.3386}
				}
				{bone "gunner"
					{Position -14.1859	-7.94065	17.1287}
				}
				{bone "charger2"
					{Matrix34
						-0.652399	0.757875	0
						-0.757875	-0.652399	0
						0	0	1
						-0.302071	22.2072	-1.75952
					}
				}
			}
			{bone "linkhinge"
				{Position -42.1711	0	11.4465}
				{VolumeView "linkhinge.ply"}
			}
			{bone "barrel_holder"
				{Matrix34
					0.996195	0	0.0871557
					0	1	0
					-0.0871557	0	0.996195
					42.8321	0.641874	15.5216
				}
				{VolumeView "barrel_holder.ply"}
			}
			{bone "link1"
				{Matrix34
					-1	0	0
					0	-1	0
					0	0	1
					-55.1294	-0.0394108	17.4422
				}
			}
		}
		{bone "driver4"
			{Position -50.3191	-12.597	0}
		}
		{bone "driver3"
			{Position -24.4871	10.1121	0}
		}
		{bone "driver1"
			{Position -4.66363	22.0235	0}
		}
		{bone "driver2"
			{Position 7.21872	-20.6732	0}
		}
		{bone "emit1"
			{Matrix34
				0	1	0
				-1	0	0
				0	0	1
				-20.6729	-45.3256	0
			}
		}
		{bone "emit4"
			{Matrix34
				0.819152	0.573576	0
				-0.573576	0.819152	0
				0	0	1
				-41.2871	-34.9431	0
			}
		}
		{bone "emit2"
			{Matrix34
				0.642788	-0.766044	0
				0.766044	0.642788	0
				0	0	1
				-30.8831	31.8431	0
			}
		}
		{bone "emit3"
			{Matrix34
				-0.258819	-0.965926	0
				0.965926	-0.258819	0
				0	0	1
				13.2056	38.6585	0
			}
		}
	}
}
{Volume "body1"
	{Polyhedron "body1.vol"}
	{Bone "body"}
	{Position 5.36023	-0.15013	5.94245}
}
{Volume "body2"
	{Cylinder 11.319 4.4116}
	{Bone "body"}
	{Matrix34
		1.20317	0	0
		0	1.20317	0
		0	0	1.20317
		0.989002	0.240155	10.2872
	}
}
{Volume "body3"
	{Polyhedron "body3.vol"}
	{Bone "body"}
	{Position -32.4292	-0.190316	4.90457}
}
{Volume "body4"
	{Polyhedron "body4.vol"}
	{Bone "body"}
	{Position 42.0377	-0.190316	4.90457}
}
{Volume "gun1"
	{Box 6.29269 5.83616 20.1668}
	{Bone "gun_rot"}
	{Matrix34
		0	0	1.20317
		0	-1.20318	0
		1.20317	0	0
		-0.644883	-2.26147	0.0133786
	}
}
{Volume "gun2"
	{Cylinder 2.34235 12.3367}
	{Bone "gun_rot"}
	{Matrix34
		0	0	1.20317
		0	-1.20318	0
		1.20317	0	0
		18.9323	-2.19438	-0.0537073
	}
}
{Volume "gun3"
	{Cylinder 1.34412 46.6361}
	{Bone "gun"}
	{Matrix34
		0	1.20317	0
		0	0	1.20317
		1.20317	0	0
		27.5895	-0.0472439	0.0703487
	}
}
{Volume "hole1"
	{Box 3.2506 8.74458 2.70121}
	{Bone "turret"}
	{Matrix34
		0	1.20318	0
		0	0	1.20318
		1.20317	0	0
		18.3685	7.08466	31.218
	}
}
{Volume "hole2"
	{Box 3.2506 8.74458 2.70121}
	{Bone "turret"}
	{Matrix34
		0	1.20318	0
		0	0	1.20318
		1.20317	0	0
		18.3685	-10.992	31.218
	}
}
{Volume "shield1"
	{Box 0 0 0}
	{Bone "turret"}
	{Orientation
		1.20317	0	0
		0	1.20318	0
		0	0	1.20318
	}
}
{Volume "shieldl"
	{Box 11.1253 6.59735 0.686747}
	{Bone "shieldtopl"}
	{Matrix34
		0	1.20318	0
		-0.178113	0	1.18992
		1.18992	0	0.178114
		-0.731284	0.0328035	3.88664
	}
}
{Volume "shieldr"
	{Box 11.1253 6.59735 0.686747}
	{Bone "shieldtopr"}
	{Matrix34
		0	1.20318	0
		-0.178113	0	1.18992
		1.18992	0	0.178113
		-0.731279	0.0220299	3.88664
	}
}
{Volume "standl"
	{Polyhedron "standl.vol"}
	{Bone "standl"}
	{Position -0.00753593	13.0996	-2.08185}
}
{Volume "standr"
	{Polyhedron "standr.vol"}
	{Bone "standr"}
	{Position -0.00753784	-12.6084	-2.08185}
}
{Volume "tshield1"
	{Box 11.0878 17.3176 0.90718}
	{Bone "turret"}
	{Matrix34
		0	1.20318	0
		-0.0585135	0	1.20175
		1.20175	0	0.0585135
		18.8133	9.62938	23.7104
	}
}
{Volume "tshield2"
	{Box 11.0878 17.3176 0.90718}
	{Bone "turret"}
	{Matrix34
		0	1.20318	0
		-0.0585135	0	1.20175
		1.20175	0	0.0585135
		18.8133	-9.6859	23.7104
	}
}
{Volume "turret1"
	{Polyhedron "turret1.vol"}
	{Bone "turret"}
	{Position 4.83329	0.278127	11.8994}
}
{Volume "turret2"
	{Polyhedron "turret2.vol"}
	{Bone "turret"}
	{Position 3.27214	-0.0497943	14.0687}
}
{Volume "turret3"
	{Box 9.337 3.77756 18.2463}
	{Bone "turret"}
	{Matrix34
		0	1.20318	0
		0	0	1.20318
		1.20317	0	0
		16.603	0.049298	18.2972
	}
}
{Volume "wheelleft1"
	{Cylinder 5.93199 2.45818}
	{Bone "wheell1"}
	{Matrix34
		-1.20317	0	0
		0	1.20317	0
		0	0	-1.20317
		0.00622559	-0.128985	-0.0729053
	}
}
{Volume "wheelright1"
	{Cylinder 5.93199 2.45818}
	{Bone "wheelr1"}
	{Matrix34
		-1.20317	0	0
		0	1.20318	0
		0	0	-1.20318
		0.00622559	-0.128985	0.0167094
	}
}
{Volume "wheelright2"
	{Cylinder 5.93199 2.45818}
	{Bone "wheelr2"}
	{Matrix34
		-1.20317	0	0
		0	1.20317	0
		0	0	-1.20317
		0.0298615	-0.128984	0.0167096
	}
}
