;Exported by: misan
;Date:        Mon Dec 12 14:33:38 2022
;File:        D:\Cold War\ModelWIP\USSR\D-44\D-44 FINAL.max
{Skeleton
	{bone revolute "basis"
		{parameters "Wheelradius=0.3;"}
		{Orientation
			1	0	0
			0	-1	0
			0	0	1
		}
		{bone "pivot_front"
			{Position 0.116875	0	7.59646}
			{bone prizmatic "suspension_r1"
				{Position 0	-13.9089	-0.0273438}
				{bone revolute "wheelr"
					{parameters "id=wheelright;"}
					{Matrix34
						1	0	0
						0	0	-1
						0	1	0
						-0.00916754	-1.56615	0.0547781
					}
					{VolumeView "wheelr.ply"}
				}
				{bone "fxtracer1"
					{Matrix34
						1	0	0
						0	0	1
						0	-1	0
						-0.113902	0.0804291	-7.56515
					}
				}
			}
			{bone prizmatic "suspension_l1"
				{Position 0	12.6674	0.0307903}
				{bone revolute "wheell"
					{parameters "id=wheelleft;"}
					{Matrix34
						1	0	0
						0	0	-1
						0	1	0
						-0.0091667	2.58074	-0.00335789
					}
					{VolumeView "wheell.ply"}
				}
				{bone "fxtracel1"
					{Matrix34
						1	0	0
						0	0	1
						0	-1	0
						-0.113902	1.02655	-7.62328
					}
				}
			}
		}
		{bone "visor2"
			{Matrix34
				0	-1	0
				0	0	1
				-1	0	0
				-0.484123	-15.984	23.369
			}
		}
		{bone "gunner"
			{Position -24.7636	8.58284	0}
		}
		{bone "emit4"
			{Matrix34
				-0.275637	0.961262	0
				-0.961262	-0.275637	0
				0	0	1
				-18.3821	-28.0676	0
			}
		}
		{bone "emit3"
			{Matrix34
				0.992546	0.121869	0
				-0.121869	0.992546	0
				0	0	1
				-78.7916	-19.9144	0
			}
		}
		{bone "emit2"
			{Matrix34
				0.978148	-0.207912	0
				0.207912	0.978148	0
				0	0	1
				-78.2946	18.8608	0
			}
		}
		{bone "emit1"
			{Matrix34
				-0.309017	-0.951057	0
				0.951057	-0.309017	0
				0	0	1
				-26.0376	25.5363	0
			}
		}
		{bone "commander"
			{Position -58.3221	11.8531	0}
		}
		{bone "charger2"
			{Position -52.2379	-12.4934	0}
		}
		{bone "charger"
			{Position -25.6941	-8.67529	0}
		}
		{bone "body"
			{parameters "id=body;"}
			{Position -0.710039	0	8.97288}
			{VolumeView "body.ply"}
			{bone "standl"
				{parameters "id=body;"}
				{Position -3.01277	7.33951	0.0649738}
				{VolumeView "standl.ply"}
				{bone "seat1"
					{Matrix34
						0.32726	0.944541	0.0272693
						-0.939296	0.32832	-0.0996482
						-0.103075	0.0069969	0.994649
						-18.2928	6.99355	-12.7286
					}
				}
				{bone "seat4"
					{Matrix34
						0.310817	0.950127	0.0255261
						-0.944864	0.311785	-0.100109
						-0.103075	0.00699691	0.994649
						-38.6368	14.5775	-14.8902
					}
				}
			}
			{bone "standr"
				{parameters "id=body;"}
				{Position -3.01277	-7.33948	0.0649738}
				{VolumeView "standr.ply"}
				{bone "stand_attach"
					{Position -12.7575	-4.27022	1.10104}
					{VolumeView "stand_attach.ply"}
				}
				{bone "seat2"
					{Matrix34
						0.375971	-0.926063	0.0324474
						0.920881	0.377304	0.0980844
						-0.103075	-0.00699673	0.994649
						-22.8416	-8.65243	-13.2116
					}
				}
				{bone "seat3"
					{Matrix34
						0.359842	-0.932507	0.0307307
						0.927302	0.361084	0.0986356
						-0.103075	-0.00699668	0.994649
						-42.9044	-16.1742	-15.3436
					}
				}
				{bone "link1"
					{Matrix34
						0.914179	0.393409	0.0975035
						-0.391986	0.919337	-0.0341544
						-0.103075	-0.00699675	0.994649
						-70.0389	-20.5567	-6.57044
					}
				}
			}
			{bone revolute "turret"
				{parameters "id=turret;"}
				{limits -15 15}
				{Position -1.98583	0	1.26523}
				{VolumeView "turret.ply"}
				{bone revolute "gun_rot"
					{parameters "id=gun;"}
					{limits -7 45}
					{Matrix34
						1	0	0
						0	0	1
						0	-1	0
						-4.7011	-0.0575172	6.83776
					}
					{VolumeView "gun_rot.ply"}
					{bone "gun"
						{parameters "id=gun;"}
						{Matrix34
							1	0	0
							0	0	-1
							0	1	0
							21.6444	-0.561211	-0.0742988
						}
						{VolumeView "gun.ply"}
						{bone "breech"
							{parameters "id=gun;"}
							{Position -21.6444	-0.0742812	0.561213}
							{VolumeView "breech.ply"}
						}
						{bone "foresight1"
							{Position 52.2791	-0.0167888	0.0964851}
						}
					}
					{bone "shield_upper"
						{Matrix34
							1	0	0
							0	0	-1
							0	1	0
							5.24633	5.74273	-0.0575185
						}
						{VolumeView "shield_upper.ply"}
					}
					{bone "fx_invers"
						{Matrix34
							-1	0	0
							0	0	1
							0	1	0
							-9.14959	-0.676842	-0.221813
						}
					}
					{bone "visor"
						{Matrix34
							0	0	1
							0	1	0
							-1	0	0
							6.91284	5.37902	-5.68357
						}
					}
				}
				{bone "cylinder"
					{parameters "id=body;"}
					{Position 1.46859	-3.09687	3.9563}
					{VolumeView "cylinder.ply"}
				}
			}
			{bone "wheelr_hinge"
				{Position -1.28461	-11.5543	-0.127501}
				{VolumeView "wheelr_hinge.ply"}
			}
			{bone "wheell_hinge"
				{Position -1.2846	11.3105	-0.127501}
				{VolumeView "wheell_hinge.ply"}
			}
			{bone "detail1"
				{parameters "id=body;"}
				{Position -0.0533967	0	-4.33675}
				{VolumeView "detail1.ply"}
			}
		}
		{bone "driver4"
			{Position -52.0174	11.6685	0}
		}
		{bone "driver3"
			{Position -52.5162	-12.6058	0}
		}
		{bone "driver2"
			{Position -14.1096	-15.0997	0}
		}
		{bone "driver1"
			{Position -12.1145	15.4925	0}
		}
	}
}
