;Exported by: misan
;Date:        Tue Jan 16 08:14:11 2024
;File:        D:\Cold War\ModelWIP\POLAND\OT-64\SKOT XX.max
{Skeleton
	{bone "basis"
		{Orientation
			1	0	0
			0	-1	0
			0	0	1
		}
		{bone "body"
			{parameters "id=body;"}
			{Matrix34
				1	0	0
				0	-1	0
				0	0	1
				1.56979	0	23.6947
			}
			{VolumeView "body.ply"}
			{bone "cover_commander"
				{parameters "id=body;"}
				{Matrix34
					1	0	0
					0	-1	0
					0	0	1
					55.6665	7.68418	18.9487
				}
				{VolumeView "cover_commander.ply"}
			}
			{bone "cover_driver"
				{parameters "id=body;"}
				{Matrix34
					-0.857167	0	0.515038
					0	-1	0
					-0.515038	0	-0.857167
					38.948	-7.69374	21.3599
				}
				{VolumeView "cover_driver.ply"}
			}
			{bone "driver_screen"
				{parameters "id=body;"}
				{Matrix34
					1	0	0
					0	-1	0
					0	0	1
					55.7451	-7.67246	21.9427
				}
				{VolumeView "driver_screen.ply"}
			}
			{bone "door_left"
				{parameters "id=body;"}
				{Matrix34
					0.961262	-0.233754	0.146066
					-0.275638	-0.815196	0.509391
					0	0.529919	0.848048
					46.1957	-21.034	9.80885
				}
				{VolumeView "door_left.ply"}
			}
			{bone "door_right"
				{parameters "id=body;"}
				{Matrix34
					-0.927184	0.317685	0.198511
					0.374607	0.786296	0.491333
					0	-0.52992	0.848048
					46.1956	21.0338	9.80885
				}
				{VolumeView "door_right.ply"}
			}
			{bone "vane_arm1"
				{parameters "id=body;"}
				{Matrix34
					1	0	0
					0	-1	0
					0	0	1
					77.1758	-0.11101	4.31649
				}
				{VolumeView "vane_arm1.ply"}
				{bone "vane"
					{parameters "id=body;"}
					{Position -17.5396	0	9.24586}
					{VolumeView "vane.ply"}
				}
			}
			{bone "vane_arm2"
				{parameters "id=body;"}
				{Matrix34
					1	0	0
					0	-1	0
					0	0	1
					76.6688	-0.11101	1.66763
				}
				{VolumeView "vane_arm2.ply"}
			}
			{bone "cover_engine"
				{parameters "id=engine;"}
				{Matrix34
					0.981627	0	-0.190809
					0	-1	0
					0.190809	0	0.981627
					33.811	-0.108537	19.3205
				}
				{VolumeView "cover_engine.ply"}
			}
			{bone "engine"
				{parameters "id=engine;"}
				{VolumeView "engine.ply"}
			}
			{bone "door_back_r"
				{parameters "id=body;"}
				{Matrix34
					0.843829	-0.5	0.194813
					-0.487185	-0.866025	-0.112476
					-0.224951	0	0.97437
					-75.911	14.7918	3.94426
				}
				{VolumeView "door_back_r.ply"}
			}
			{bone "door_back_l"
				{parameters "id=body;"}
				{Matrix34
					0.97437	0	0.224951
					0	-1	0
					-0.224951	0	0.97437
					-75.911	-14.792	3.94426
				}
				{VolumeView "door_back_l.ply"}
			}
			{bone "detail1"
				{parameters "id=body;"}
				{VolumeView "detail1.ply"}
			}
			{bone "detail2"
				{parameters "id=body;"}
				{Matrix34
					1	0	0
					0	-1	0
					0	0	1
					-71.5783	-0.0195789	-5.03497
				}
				{VolumeView "detail2.ply"}
			}
			{bone "propellerl"
				{parameters "id=body;"}
				{Matrix34
					1	0	0
					0	-1	0
					0	0	1
					-69.579	-19.8066	-4.6994
				}
				{VolumeView "propellerl.ply"}
			}
			{bone "propellerr"
				{parameters "id=body;"}
				{Matrix34
					1	0	0
					0	-1	0
					0	0	1
					-69.579	19.8735	-4.6994
				}
				{VolumeView "propellerr.ply"}
			}
			{bone "gear_front"
				{parameters "id=body;"}
				{Position 35.8576	0.0315588	-12.3068}
				{VolumeView "gear_front.ply"}
			}
			{bone "gear_back"
				{parameters "id=body;"}
				{Position -38.5958	0.0315588	-12.3068}
				{VolumeView "gear_back.ply"}
			}
			{bone "interior_crew"
				{parameters "id=body;"}
				{Matrix34
					1	0	0
					0	-1	0
					0	0	1
					49.3252	0.744495	-4.86782
				}
				{VolumeView "interior_crew.ply"}
			}
			{bone "interior_engine"
				{parameters "id=body;"}
				{Matrix34
					1	0	0
					0	0	1
					0	1	0
					27.3011	-0.0557674	14.8013
				}
				{VolumeView "interior_engine.ply"}
			}
			{bone "interior_passenger"
				{parameters "id=body;"}
				{Matrix34
					0	1	0
					0	0	1
					-1	0	0
					-4.86835	-0.0448377	11.9567
				}
				{VolumeView "interior_passenger.ply"}
			}
			{bone "fxsmoke2"
				{Matrix34
					-0.915919	0.357357	0.182726
					0.376657	0.608033	0.698874
					-0.138645	-0.708937	0.69151
					-13.3815	18.803	16.0749
				}
			}
			{bone "fxsmoke1"
				{Matrix34
					-0.906308	-0.383022	0.178606
					-0.422618	0.821394	-0.383022
					0	0.422618	0.906308
					-13.3815	-18.959	16.0749
				}
			}
			{bone "roof_skot_2a"
				{parameters "id=body;"}
				{VolumeView "roof_skot_2a.ply"}
				{bone "cover_rear_r1"
					{parameters "id=body;"}
					{Matrix34
						1	0	0
						0	-0.891006	0.453991
						0	0.453991	0.891006
						-36.8129	14.7654	19.2286
					}
					{VolumeView "cover_rear_r1.ply"}
				}
				{bone "cover_rear_l1"
					{parameters "id=body;"}
					{Matrix34
						1	0	0
						0	0.99863	0.0523358
						0	0.0523358	-0.99863
						-36.8129	-14.8159	19.2286
					}
					{VolumeView "cover_rear_l1.ply"}
				}
				{bone "cover_rear_l2"
					{parameters "id=body;"}
					{Matrix34
						1	0	0
						0	0.615662	0.788011
						0	0.788011	-0.615662
						-59.6206	-14.8159	19.2286
					}
					{VolumeView "cover_rear_l2.ply"}
				}
				{bone revolute "turret"
					{parameters "id=turret;"}
					{Matrix34
						0.961262	0.275637	0
						0.275637	-0.961262	0
						0	0	1
						-4.1632	0	25.4976
					}
					{VolumeView "turret.ply"}
					{bone revolute "gun_rot"
						{parameters "id=gun;"}
						{Matrix34
							0.993141	0	-0.116923
							0.127018	0	0.9919
							0	-1	0
							0.880698	0.0123564	5.39748
						}
						{VolumeView "gun_rot.ply"}
						{bone "gun"
							{parameters "id=gun;"}
							{Matrix34
								1	0	0
								0	0	-1
								0	1	0
								4.4502	-0.0140533	-0.0110931
							}
							{VolumeView "gun.ply"}
						}
					}
				}
				{bone "cover_rear_r2"
					{parameters "id=body;"}
					{Matrix34
						1	0	0
						0	0.754709	-0.656059
						0	-0.656059	-0.754709
						-59.6205	14.7655	19.2285
					}
					{VolumeView "cover_rear_r2.ply"}
				}
			}
			{bone "fxfire1"
				{Matrix34
					1	0	0
					0	-1	0
					0	0	1
					27.8966	0	18.4666
				}
			}
		}
		{bone "pivot_back"
			{Position -37.2694	0	13.9384}
			{bone "suspension_l3"
				{Position 14.0654	16.9453	-2.31204}
				{bone revolute "wheelleft3"
					{parameters "id=body;"}
					{Matrix34
						1	0	0
						0	0	-1
						0	1	0
						-0.198399	4.67499	0.0270748
					}
					{VolumeView "wheelleft3.ply"}
				}
			}
			{bone "suspension_l4"
				{Position -13.2284	16.9453	-2.31204}
				{bone revolute "wheelleft4"
					{parameters "id=body;"}
					{Matrix34
						1	0	0
						0	0	-1
						0	1	0
						-0.455704	4.67499	0.0270748
					}
					{VolumeView "wheelleft4.ply"}
				}
			}
			{bone "suspension_r3"
				{Position 14.0654	-16.8923	-2.31204}
				{bone revolute "wheelright3"
					{parameters "id=body;"}
					{Matrix34
						1	0	0
						0	0	-1
						0	1	0
						-0.198399	-4.73998	0.0270748
					}
					{VolumeView "wheelright3.ply"}
				}
			}
			{bone "suspension_r4"
				{Position -13.2284	-16.8923	-2.31204}
				{bone revolute "wheelright4"
					{parameters "id=body;"}
					{Matrix34
						1	0	0
						0	0	-1
						0	1	0
						-0.455704	-4.73998	0.0270748
					}
					{VolumeView "wheelright4.ply"}
				}
			}
		}
		{bone "pivot_front"
			{Position 37.4285	0	13.9384}
			{bone revolute "steer_r1"
				{limits -35 35}
				{Matrix34
					-1	0	0
					0	1	0
					0	0	-1
					13.5852	-16.8923	-2.33237
				}
				{bone "suspension_r1"
					{Matrix34
						-1	0	0
						0	1	0
						0	0	-1
						0	0	-0.0203304
					}
					{bone revolute "wheelright1"
						{parameters "id=body;"}
						{Matrix34
							1	0	0
							0	0	-1
							0	1	0
							-0.0448914	-4.73998	0.0270748
						}
						{VolumeView "wheelright1.ply"}
					}
				}
			}
			{bone revolute "steer_r2"
				{limits -35 35}
				{Matrix34
					-1	0	0
					0	1	0
					0	0	-1
					-13.7085	-16.8923	-2.33237
				}
				{bone "suspension_r2"
					{Matrix34
						-1	0	0
						0	1	0
						0	0	-1
						0	0	-0.0203304
					}
					{bone revolute "wheelright2"
						{parameters "id=body;"}
						{Matrix34
							1	0	0
							0	0	-1
							0	1	0
							-0.209454	-4.73998	0.0270748
						}
						{VolumeView "wheelright2.ply"}
					}
				}
			}
			{bone revolute "steer_l1"
				{limits -35 35}
				{Matrix34
					-1	0	0
					0	1	0
					0	0	-1
					13.5852	16.9453	-2.33237
				}
				{bone "suspension_l1"
					{Matrix34
						-1	0	0
						0	1	0
						0	0	-1
						0	0	-0.0203304
					}
					{bone revolute "wheelleft1"
						{parameters "id=body;"}
						{Matrix34
							1	0	0
							0	0	-1
							0	1	0
							-0.0448914	4.67499	0.0270748
						}
						{VolumeView "wheelleft1.ply"}
					}
				}
			}
			{bone revolute "steer_l2"
				{limits -35 35}
				{Matrix34
					-1	0	0
					0	1	0
					0	0	-1
					-13.7085	16.9453	-2.33237
				}
				{bone "suspension_l2"
					{Matrix34
						-1	0	0
						0	1	0
						0	0	-1
						0	0	-0.0203304
					}
					{bone revolute "wheelleft2"
						{parameters "id=body;"}
						{Matrix34
							1	0	0
							0	0	-1
							0	1	0
							-0.209454	4.67499	0.0270748
						}
						{VolumeView "wheelleft2.ply"}
					}
				}
			}
		}
	}
}
{Volume "body1"
	{Polyhedron "body1.vol"}
	{Bone "body"}
	{Matrix34
		0	-1	0
		0	0	1
		1	0	0
		66.6174	0	-6.97874
	}
}
{Volume "body2"
	{Polyhedron "body2.vol"}
	{Bone "body"}
	{Matrix34
		0	-1	0
		0	0	1
		1	0	0
		66.3775	0	9.83321
	}
}
{Volume "body3"
	{Polyhedron "body3.vol"}
	{Bone "body"}
	{Matrix34
		0	-1	0
		0	0	1
		1	0	0
		-12.7983	-0.0264333	9.83767
	}
}
{Volume "body4"
	{Polyhedron "body4.vol"}
	{Bone "body"}
	{Matrix34
		0	-1	0
		0	0	1
		1	0	0
		-5.22559	0	-4.2957
	}
}
{Volume "body5"
	{Polyhedron "body5.vol"}
	{Bone "body"}
	{Matrix34
		0	-1	0
		0	0	1
		1	0	0
		-1.65319	0	-7.0034
	}
}
{Volume "engine"
	{Box 26.6711 15.1722 15.4916}
	{Bone "body"}
	{Matrix34
		0	-1	0
		0	0	1
		1	0	0
		30.6353	0	9.05936
	}
}
{Volume "fuel"
	{Box 27.9095 14.6038 4.86794}
	{Bone "body"}
	{Matrix34
		0	-1	0
		0	0	1
		1	0	0
		19.5593	-0.0275197	8.64418
	}
}
{Volume "gun"
	{Cylinder 0.613313 25.5236}
	{Bone "gun"}
	{Matrix34
		0	1	0
		0	0	1.00065
		0.999401	0	0
		11.2262	-0.0207943	-0.00126924
	}
}
{Volume "transmission"
	{Cylinder 5.20213 114.248}
	{Bone "body"}
	{Matrix34
		0	-1	0
		0	0	1
		1	0	0
		-1.8727	-0.0121702	-10.8026
	}
}
{Volume "turret"
	{Polyhedron "turret.vol"}
	{Bone "turret"}
	{Position -0.0923157	0.0362118	4.97214}
}
{Volume "wheelleft1"
	{Cylinder 11.6044 6.73049}
	{Bone "wheelleft1"}
	{Matrix34
		1	0	0
		0	-1	0
		0	0	-1
		-0.179588	-0.0244141	-0.268526
	}
}
{Volume "wheelleft2"
	{Cylinder 11.6044 6.73049}
	{Bone "wheelleft2"}
	{Matrix34
		1	0	0
		0	-1	0
		0	0	-1
		-0.0269852	-0.0244141	-0.268526
	}
}
{Volume "wheelleft3"
	{Cylinder 11.6044 6.73049}
	{Bone "wheelleft3"}
	{Matrix34
		1	0	0
		0	-1	0
		0	0	-1
		0.0228767	-0.0244141	-0.268526
	}
}
{Volume "wheelleft4"
	{Cylinder 11.6044 6.73049}
	{Bone "wheelleft4"}
	{Matrix34
		1	0	0
		0	-1	0
		0	0	-1
		0.173836	-0.0244141	-0.268526
	}
}
{Volume "wheelright1"
	{Cylinder 11.6044 6.73049}
	{Bone "wheelright1"}
	{Matrix34
		1	0	0
		0	-1	0
		0	0	-1
		-0.179592	-0.0244122	0.332318
	}
}
{Volume "wheelright2"
	{Cylinder 11.6044 6.73049}
	{Bone "wheelright2"}
	{Matrix34
		1	0	0
		0	-1	0
		0	0	-1
		-0.0269814	-0.0244122	0.332316
	}
}
{Volume "wheelright3"
	{Cylinder 11.6044 6.73049}
	{Bone "wheelright3"}
	{Matrix34
		1	0	0
		0	-1	0
		0	0	-1
		0.0228806	-0.0244122	0.332318
	}
}
{Volume "wheelright4"
	{Cylinder 11.6044 6.73049}
	{Bone "wheelright4"}
	{Matrix34
		1	0	0
		0	-1	0
		0	0	-1
		0.173832	-0.0244122	0.332318
	}
}
