;Exported by:	 guita
;Date:			 30.01.2022 13:08:25
;File:			 D:\Git\3D_Scenes\GoH_3D_vehicles_fin\3d vehicles\Cannon\Brandt Mle 31\Brandt_Mle31_xx.max
{skeleton
	{bone revolute "basis"
		{orientation
			1 	 0 	 0
			0 	 -1 	 0
			0 	 0 	 1
		}
		{bone "body"
			{parameters "id=body;"}
			{Position 0 	 0 	 0.7643}
			{VolumeView "body.ply"}
			{bone "part1"
				{parameters "id=part1;"}
				{Position 0.1508 	 0 	 -0.0317}
				{VolumeView "part1.ply"}
			}
			{bone "part2"
				{parameters "id=part2;"}
				{matrix34
					0.9908 	 0 	 -0.1353
					0 	 1 	 0
					0.1353 	 0 	 0.9908
					11.9336 	 -2.4805 	 15.869
				}
				{VolumeView "part2.ply"}
			}
			{bone "part3"
				{parameters "id=part3;"}
				{matrix34
					0.9557 	 0 	 0.2944
					0 	 1 	 0
					-0.2944 	 0 	 0.9557
					13.507 	 0.0016 	 11.9594
				}
				{VolumeView "part3.ply"}
			}
			{bone "part4"
				{parameters "id=part4;"}
				{matrix34
					0.9557 	 0 	 0.2944
					0 	 1 	 0
					-0.2944 	 0 	 0.9557
					13.507 	 0.0016 	 11.9594
				}
				{VolumeView "part4.ply"}
			}
		}
	}
}
{volume "body1"
	{box 10.58 13.9377 2.15433}
	{bone "body"}
	{matrix34
		1 	 0 	 0.0024
		0 	 1 	 0
		-0.0024 	 0 	 1
		-0.2047 	 0.152 	 -0.4811
	}
}
{volume "part1"
	{cylinder 1.24898 24.7273}
	{bone "part1"}
	{matrix34
		0.8671 	 0 	 -0.4982
		0 	 1 	 0
		0.4982 	 0 	 0.8671
		6.053 	 0.0133 	 10.535
	}
}
{volume "part2"
	{cylinder 0.478798 13.4729}
	{bone "part2"}
	{matrix34
		0.9024 	 0 	 0.4309
		0 	 1 	 0
		-0.4309 	 0 	 0.9024
		2.9787 	 2.482 	 -5.5044
	}
}
{volume "part3"
	{cylinder 0.662963 16.2332}
	{bone "part3"}
	{matrix34
		-0.0186 	 0.8712 	 0.4906
		-0.9998 	 -0.0191 	 -0.004
		0.0058 	 -0.4906 	 0.8714
		0.119 	 4.1386 	 -6.0484
	}
}
{volume "part4"
	{cylinder 0.683256 17.2111}
	{bone "part4"}
	{matrix34
		0.9173 	 0.3506 	 -0.1887
		-0.3977 	 0.7828 	 -0.4787
		-0.0201 	 0.5141 	 0.8575
		0.1227 	 -4.004 	 -5.8111
	}
}
