;Exported by: misan
;Date:        Thu Jun 22 07:49:22 2023
;File:        D:\Cold War\ModelWIP\USSR\Katyusha\BM-24 X.max
{Skeleton
	{bone "basis"
		{Orientation
			1	0	0
			0	-1	0
			0	0	1
		}
		{bone "body"
			{Matrix34
				0.997049	0.0541678	-0.0543963
				-0.0518374	0.997713	0.0433748
				0.0566214	-0.0404271	0.997577
				1.02116	0	18.7816
			}
			{VolumeView "body.ply"}
			{bone "cabin"
				{parameters "id=body;"}
				{Position 34.9865	-0.402407	10.0526}
				{VolumeView "cabin.ply"}
				{bone "engine"
					{parameters "id=engine;"}
					{Matrix34
						0.99863	0	0.052336
						0	1	0
						-0.052336	0	0.99863
						8.93793	0.390721	4.31325
					}
					{VolumeView "engine.ply"}
				}
				{bone "door_left"
					{parameters "id=body;"}
					{Matrix34
						0.891007	-0.453991	0
						0.453991	0.891007	0
						0	0	1
						-4.91988	13.5117	3.79241
					}
					{VolumeView "door_left.ply"}
				}
				{bone "door_right"
					{parameters "id=body;"}
					{Matrix34
						0.694714	0.603905	0.390731
						-0.656059	0.75471	0
						-0.294889	-0.256343	0.920505
						-8.3708	-16.8665	3.7924
					}
					{VolumeView "door_right.ply"}
				}
				{bone "steering"
					{Position -12.2156	9.14018	3.13048}
					{VolumeView "steering.ply"}
				}
				{bone "fxfire1"
					{Position 6.30469	0.363316	-0.667015}
				}
				{bone "commander"
					{Position -13.5069	-7.40898	-13.1039}
				}
				{bone "driver"
					{Position -13.5069	8.18543	-13.1039}
				}
				{bone "shield"
					{parameters "id=body;"}
					{Position -16.8761	0.402407	10.7187}
					{VolumeView "shield.ply"}
				}
				{bone "shieldl"
					{parameters "id=body;"}
					{Matrix34
						0.942945	0.302465	-0.139173
						-0.305438	0.952212	0
						0.132522	0.0425087	0.990268
						-8.76283	6.91271	17.2479
					}
					{VolumeView "shieldl.ply"}
				}
				{bone "shieldr"
					{parameters "id=body;"}
					{Matrix34
						-0.61367	0.191274	-0.766044
						0.297569	0.9547	0
						0.731343	-0.227951	-0.642788
						-8.88551	-6.69732	17.2479
					}
					{VolumeView "shieldr.ply"}
				}
			}
			{bone "fxsmoke1"
				{Matrix34
					0	-1	0
					0	0	1
					-1	0	0
					-15.4548	-18.358	1.00396
				}
			}
			{bone "supportl"
				{parameters "id=body;"}
				{Matrix34
					-0.997564	0	0.0697568
					0	1	0
					-0.0697569	0	-0.997564
					-55.5196	-10.9607	2.50074
				}
				{VolumeView "supportl.ply"}
				{bone "standl"
					{parameters "id=body;"}
					{Position 1.77241	-0.865694	0.436531}
					{VolumeView "standl.ply"}
				}
			}
			{bone "bodyback"
				{parameters "id=body;"}
				{Matrix34
					0.997091	-0.0644397	0.0407197
					0.0671685	0.995309	-0.0696383
					-0.0360412	0.0721708	0.996741
					-24.882	-0.417335	6.49037
				}
				{VolumeView "bodyback.ply"}
				{bone revolute "turret"
					{parameters "id=turret;"}
					{Matrix34
						0.629321	-0.777146	0
						0.777146	0.62932	0
						0	0	1
						-13.1117	0.417335	1.98923
					}
					{VolumeView "turret.ply"}
					{bone revolute "gun_rot"
						{parameters "id=gun;"}
						{Matrix34
							0.987688	0	-0.156434
							0.156434	0	0.987688
							0	-1	0
							-5.97687	0	10.0027
						}
						{VolumeView "gun_rot.ply"}
						{bone "foresight"
							{Position 25.3659	6.63656	0}
						}
						{bone "launcher09"
							{parameters "id=gun;"}
							{Matrix34
								0	0	-1
								0	1	0
								1	0	0
								8.69335	11.4473	-3.21424
							}
							{VolumeView "launcher09.ply"}
						}
						{bone "launcher08"
							{parameters "id=gun;"}
							{Matrix34
								0	0	-1
								0	1	0
								1	0	0
								8.69335	11.4473	3.25326
							}
							{VolumeView "launcher08.ply"}
						}
						{bone "launcher06"
							{parameters "id=gun;"}
							{Matrix34
								0.122258	0.334937	-0.934275
								-0.0251929	0.942081	0.334439
								0.992179	-0.0173507	0.123615
								8.69336	11.4473	15.0856
							}
							{VolumeView "launcher06.ply"}
						}
						{bone "launcher05"
							{parameters "id=gun;"}
							{Matrix34
								0	0	-1
								0	1	0
								1	0	0
								14.9044	5.49692	-14.2633
							}
							{VolumeView "launcher05.ply"}
						}
						{bone "launcher04"
							{parameters "id=gun;"}
							{Matrix34
								0	0	-1
								0	1	0
								1	0	0
								8.69334	5.02379	-8.74834
							}
							{VolumeView "launcher04.ply"}
						}
						{bone "launcher03"
							{parameters "id=gun;"}
							{Matrix34
								0	0	-1
								0	1	0
								1	0	0
								8.69334	5.02379	-3.21424
							}
							{VolumeView "launcher03.ply"}
						}
						{bone "launcher02"
							{parameters "id=gun;"}
							{Matrix34
								0	0	-1
								0	1	0
								1	0	0
								8.69334	5.0238	3.25325
							}
							{VolumeView "launcher02.ply"}
						}
						{bone "launcher0"
							{parameters "id=gun;"}
							{Matrix34
								0	0	-1
								0	1	0
								1	0	0
								8.69335	5.0238	15.0856
							}
							{VolumeView "launcher0.ply"}
						}
						{bone "rocket04"
							{parameters "id=gun;"}
							{Matrix34
								0	0	-1
								0	1	0
								1	0	0
								-6.48184	5.02481	-8.69796
							}
							{VolumeView "rocket04.ply"}
						}
					}
					{bone "hydraulic"
						{Position -0.202368	0.0220375	6.57703}
					}
				}
			}
		}
		{bone "pivot_back"
			{Position -29.5573	0.104093	10.2214}
			{bone prizmatic "suspension_l3"
				{limits -0.1 0.1}
				{Position -11.5149	12.4237	0}
				{bone revolute "wheell3"
					{parameters "id=wheelleft3;"}
					{Matrix34
						-0.984325	0.169283	-0.0494685
						-0.0737512	-0.14031	0.987357
						0.160202	0.975529	0.150596
						0.0291519	3.45887	-0.0317993
					}
					{VolumeView "wheell3.ply"}
				}
			}
			{bone prizmatic "suspension_r3"
				{limits -0.1 0.1}
				{Position -11.5149	-13.9439	0}
				{bone revolute "wheelr3"
					{parameters "id=wheelright3;"}
					{Matrix34
						-0.997685	0.0658489	-0.0169664
						-0.0117232	0.0792088	0.996789
						0.0669813	0.994681	-0.0782534
						0.0291519	-3.33113	-0.0317993
					}
					{VolumeView "wheelr3.ply"}
				}
			}
			{bone prizmatic "suspension_l2"
				{limits -0.1 0.1}
				{Position 11.2734	12.4237	0}
				{bone revolute "wheell2"
					{parameters "id=wheelleft2;"}
					{Matrix34
						-0.985808	-0.144907	0.0847622
						0.0618204	0.156074	0.985809
						-0.15608	0.977058	-0.144901
						0.144882	3.45886	-0.0317993
					}
					{VolumeView "wheell2.ply"}
				}
			}
			{bone prizmatic "suspension_r2"
				{limits -0.1 0.1}
				{Position 11.2734	-13.9439	0}
				{bone revolute "wheelr2"
					{parameters "id=wheelright2;"}
					{Matrix34
						-0.995132	0.097308	0.0155961
						0.00270999	-0.131176	0.991355
						0.0985126	0.986572	0.130274
						0.14489	-3.33113	-0.0317993
					}
					{VolumeView "wheelr2.ply"}
				}
			}
		}
		{bone "pivot_front"
			{Position 46.7108	-0.0454611	10.2214}
			{bone revolute "steer_l1"
				{Matrix34
					1	0	0
					0	-1	0
					0	0	-1
					0	12.5733	0
				}
				{bone prizmatic "suspension_l1"
					{limits -0.1 0.1}
					{Matrix34
						1	0	0
						0	-1	0
						0	0	-1
						0	0	0
					}
					{bone revolute "wheell1"
						{parameters "id=wheelleft1;"}
						{Matrix34
							-0.991744	0.126855	-0.0187566
							-0.0298302	-0.0859651	0.995852
							0.124716	0.988189	0.0890395
							0.298203	1.28316	-0.0318003
						}
						{VolumeView "wheell1.ply"}
					}
				}
			}
			{bone revolute "steer_r1"
				{Matrix34
					1	0	0
					0	-1	0
					0	0	-1
					0	-13.7944	0
				}
				{bone prizmatic "suspension_r1"
					{limits -0.1 0.1}
					{Matrix34
						1	0	0
						0	-1	0
						0	0	-1
						0	0	0
					}
					{bone revolute "wheelr1"
						{parameters "id=wheelright1;"}
						{Matrix34
							-0.996369	-0.0832542	0.0178298
							0.0299704	-0.146941	0.988691
							-0.0796928	0.985635	0.148902
							0.298203	-0.983458	-0.0317993
						}
						{VolumeView "wheelr1.ply"}
					}
				}
			}
		}
		{bone "emit1"
			{Matrix34
				0	-1	0
				1	0	0
				0	0	1
				14.0668	27.5566	0
			}
		}
		{bone "emit2"
			{Matrix34
				0	1	0
				-1	0	0
				0	0	1
				19.3573	-25.7562	0
			}
		}
	}
}
{Volume "body1"
	{Polyhedron "body1.vol"}
	{Bone "cabin"}
	{Position 10.3542	0.0978915	-9.4033}
}
{Volume "body2"
	{Polyhedron "body2.vol"}
	{Bone "cabin"}
	{Position -15.2942	0.0998859	-12.7789}
}
{Volume "body3"
	{Box 69.6295 18.93 10.7522}
	{Bone "body"}
	{Position -24.4278	-0.281357	1.91313}
}
{Volume "engine"
	{Box 22.291 11.2057 10.2022}
	{Bone "cabin"}
	{Position 8.62811	-0.04469	-2.97922}
}
{Volume "fuel1"
	{Box 17.2511 6.70086 11.976}
	{Bone "body"}
	{Matrix34
		1	0	0
		0	0	1
		0	-1	0
		0.0384437	-13.3218	-1.88383
	}
}
{Volume "fuel2"
	{Box 17.2511 6.70086 11.976}
	{Bone "body"}
	{Matrix34
		1	0	0
		0	0	1
		0	-1	0
		0.038444	13.1729	-1.88383
	}
}
{Volume "gun1"
	{Box 17.6784 4.75989 10.2559}
	{Bone "gun_rot"}
	{Matrix34
		0	0	-1
		0	1	0
		1	0	0
		2.52172	-1.44259	-0.0808811
	}
}
{Volume "gun2"
	{Box 36.1858 11.8778 32.3186}
	{Bone "gun_rot"}
	{Matrix34
		0	0	-1
		0	1	0
		1	0	0
		8.66915	7.97927	0.0644397
	}
}
{Volume "shield"
	{Polyhedron "shield.vol"}
	{Bone "shield"}
	{Matrix34
		0	-1	0
		0	0	1
		-1	0	0
		-6.0512	0.14818	-0.299011
	}
}
{Volume "shieldl"
	{Polyhedron "shieldl.vol"}
	{Bone "shieldl"}
	{Matrix34
		0.0520278	0.998546	-0.0140882
		-0.60268	0.0426442	0.796843
		-0.796285	0.0329672	-0.604023
		3.94902	0.59768	-4.6126
	}
}
{Volume "shieldr"
	{Polyhedron "shieldr.vol"}
	{Bone "shieldr"}
	{Matrix34
		0.0437852	-0.998942	-0.0140883
		-0.603012	-0.037669	0.796843
		-0.79653	-0.0263945	-0.604023
		3.88565	-0.030924	-4.6126
	}
}
{Volume "transmission"
	{Cylinder 5.45662 92.3185}
	{Bone "body"}
	{Matrix34
		0	-1	0
		0	0	1
		-1	0	0
		1.84187	0.101948	-5.99676
	}
}
{Volume "turret"
	{Cylinder 10.0604 6.46138}
	{Bone "turret"}
	{Position -0.00203515	0.0741692	2.73964}
}
{Volume "wheelleft1"
	{Cylinder 10.0443 6.51374}
	{Bone "wheell1"}
	{Matrix34
		-1	0	0
		0	1	0
		0	0	-1
		-0.0245552	0.0984386	-0.0487959
	}
}
{Volume "wheelleft2"
	{Cylinder 10.0443 6.51374}
	{Bone "wheell2"}
	{Matrix34
		-1	0	0
		0	1	0
		0	0	-1
		0.020689	0.098439	-0.0102186
	}
}
{Volume "wheelleft3"
	{Cylinder 10.0443 6.51374}
	{Bone "wheell3"}
	{Matrix34
		-1	0	0
		0	1	0
		0	0	-1
		-0.0644341	0.0984381	-0.0102193
	}
}
{Volume "wheelright1"
	{Cylinder 10.0443 6.51374}
	{Bone "wheelr1"}
	{Matrix34
		-1	0	0
		0	1	0
		0	0	-1
		-0.0245552	0.0984391	0.0561397
	}
}
{Volume "wheelright2"
	{Cylinder 10.0443 6.51374}
	{Bone "wheelr2"}
	{Matrix34
		-1	0	0
		0	1	0
		0	0	-1
		0.0206967	0.0984401	0.175984
	}
}
{Volume "wheelright3"
	{Cylinder 10.0443 6.51374}
	{Bone "wheelr3"}
	{Matrix34
		-1	0	0
		0	1	0
		0	0	-1
		-0.0644303	0.0984391	0.175986
	}
}
