;Exported by: misan
;Date:        Thu Oct 27 11:04:07 2022
;File:        D:\Cold War\ModelWIP\USSR\BTR 50\BTR-50b.max
{Skeleton
	{bone "basis"
		{Orientation
			1	0	0
			0	-1	0
			0	0	1
		}
		{bone "body"
			{parameters "id=body;"}
			{Matrix34
				1	0.000188311	3.52994e-05
				-0.000189149	0.999676	0.0254564
				-3.04942e-05	-0.0254564	0.999676
				0	0	17.3842
			}
			{VolumeView "body.ply"}
			{bone "commander_rot"
				{parameters "id=body;"}
				{Position 42.5841	14.8707	22.1086}
				{VolumeView "commander_rot.ply"}
				{bone "cover"
					{parameters "id=body;"}
					{Position 5.37241	0	2.89187}
					{VolumeView "cover.ply"}
				}
			}
			{bone "backhinge"
				{parameters "id=body;"}
				{Position -7.42868	0.150949	17.2363}
				{VolumeView "backhinge.ply"}
			}
			{bone revolute "wheelr1"
				{parameters "id=trackright;radius=0.18;"}
				{Matrix34
					-0.999946	0.00103495	-0.0103778
					-0.0103481	0.0254529	0.999622
					0.00129871	0.999676	-0.0254408
					52.1946	-27.5901	-6.65842
				}
				{VolumeView "wheelr1.ply"}
			}
			{bone revolute "wheelr8"
				{parameters "id=trackright;radius=0.24;"}
				{Matrix34
					-0.999946	0.00103495	-0.010378
					-0.0103483	0.0254535	0.999623
					0.00129871	0.999675	-0.0254414
					-52.337	-27.0019	-7.28826
				}
				{VolumeView "wheelr8.ply"}
			}
			{bone "detail11"
				{parameters "id=body;"}
				{Position -22.9157	-26.9775	7.94839}
				{VolumeView "detail11.ply"}
			}
			{bone "detail12"
				{parameters "id=body;"}
				{Position 43.0393	26.5926	12.1532}
				{VolumeView "detail12.ply"}
			}
			{bone "fxfire5"
				{Position 19.8138	1.19934	-5.28125}
			}
			{bone "seats"
				{parameters "id=body;"}
				{Position 15.1464	-0.639395	-0.196739}
				{VolumeView "seats.ply"}
			}
			{bone "mgun_mount"
				{parameters "id=body;"}
				{Position 44.1905	-8.69529	24.225}
				{VolumeView "mgun_mount.ply"}
				{bone revolute "turret_mgun"
					{Position -0.217171	0.12402	0.452568}
					{bone revolute "mgun_rot"
						{Position 0.0217457	0.0622867	0.102901}
						{VolumeView "mgun_rot.ply"}
						{bone revolute "mgun"
							{Matrix34
								1	0	0
								0	0	1
								0	-1	0
								-1.53564	-0.186306	4.74747
							}
							{VolumeView "mgun.ply"}
						}
						{bone "gunner2"
							{Position -12.7957	0.0334939	4.8147}
						}
					}
				}
			}
			{bone "commander"
				{Matrix34
					0.707107	0.707107	0
					-0.707107	0.707107	0
					0	0	1
					41.1789	14.2566	-0.338554
				}
			}
			{bone "driver"
				{Matrix34
					0	-1	0
					1	0	0
					0	0	1
					43.9894	1.46663	-2.95344
				}
			}
			{bone "fxfire1"
				{Position -21.5451	13.6492	13.2058}
			}
			{bone "detail10"
				{parameters "id=body;"}
				{Position 35.0087	27.5057	10.4467}
				{VolumeView "detail10.ply"}
			}
			{bone "engine"
				{parameters "id=engine;"}
				{Position -26.1613	0.104917	15.4598}
				{VolumeView "engine.ply"}
				{bone "detail6"
					{parameters "id=body;"}
					{Matrix34
						0	-1	0
						0	0	1
						-1	0	0
						1.09542	-23.8256	0.683125
					}
					{VolumeView "detail6.ply"}
				}
			}
			{bone "detail2"
				{parameters "id=body;"}
				{Position -22.9157	27.2264	7.94839}
				{VolumeView "detail2.ply"}
			}
			{bone revolute "wheell8"
				{parameters "id=trackleft;radius=0.24;"}
				{Matrix34
					-0.999946	0.00103496	-0.0103775
					-0.0103479	0.0254526	0.999623
					0.0012987	0.999676	-0.0254405
					-52.337	27.7081	-7.28825
				}
				{VolumeView "wheell8.ply"}
			}
			{bone revolute "wheell1"
				{parameters "id=trackleft;radius=0.18;"}
				{Matrix34
					-0.999946	0.00103496	-0.0103775
					-0.0103479	0.0254526	0.999623
					0.0012987	0.999676	-0.0254405
					52.1946	27.6724	-6.65842
				}
				{VolumeView "wheell1.ply"}
			}
		}
		{bone "wheelsl"
			{Matrix34
				0.999942	-0.00107793	0.0106786
				0.00107788	1	1.05125e-05
				-0.0106787	0	0.999943
				0	0	17.3843
			}
			{VolumeView "wheelsl.ply"}
			{bone "trackl"
				{parameters "id=trackleft;"}
				{Position -0.0376587	27.4429	-9.38816}
				{VolumeView "trackl.ply"}
			}
			{bone prizmatic "suspension_l1"
				{Matrix34
					0.999925	0.00638785	0.0104631
					-0.00637077	0.999978	-0.00166465
					-0.0104735	0.00159786	0.999944
					36.476	24.3637	-10.2264
				}
				{bone revolute "wheell2"
					{parameters "id=trackleft;radius=0.24;"}
					{Matrix34
						-0.999869	0.00636896	0.0148824
						0.0148224	-0.00936089	0.999846
						0.0065073	0.999936	0.00926526
						0.0208778	3.34047	0.014926
					}
					{VolumeView "wheell2.ply"}
				}
			}
			{bone prizmatic "suspension_l2"
				{Matrix34
					0.999995	-0.00227253	-0.00202616
					0.00228465	0.99998	0.00599952
					0.00201248	-0.00600413	0.99998
					20.8978	24.3637	-10.2264
				}
				{bone revolute "wheell3"
					{parameters "id=trackleft;radius=0.24;"}
					{Matrix34
						-0.999997	-0.00224589	-0.000402301
						-0.000402297	0	1
						-0.00224589	0.999998	0
						0.0960598	3.34047	0.014926
					}
					{VolumeView "wheell3.ply"}
				}
			}
			{bone prizmatic "suspension_l3"
				{Matrix34
					0.999995	-0.00227252	-0.00202614
					0.00228464	0.99998	0.00599961
					0.00201247	-0.00600421	0.99998
					5.39326	24.3637	-10.2264
				}
				{bone revolute "wheell4"
					{parameters "id=trackleft;radius=0.24;"}
					{Matrix34
						-0.999997	-0.00224588	-0.0004023
						-0.000402297	0	1
						-0.00224588	0.999998	0
						0.0439997	3.34047	0.0149264
					}
					{VolumeView "wheell4.ply"}
				}
			}
			{bone prizmatic "suspension_l4"
				{Matrix34
					0.999995	-0.00227252	-0.00202614
					0.00228464	0.99998	0.00599961
					0.00201246	-0.00600421	0.99998
					-10.4776	24.3637	-10.2264
				}
				{bone revolute "wheell5"
					{parameters "id=trackleft;radius=0.24;"}
					{Matrix34
						-0.999997	-0.00224588	-0.0004023
						-0.000402297	0	1
						-0.00224588	0.999998	0
						0.0491247	3.34047	0.014926
					}
					{VolumeView "wheell5.ply"}
				}
			}
			{bone prizmatic "suspension_l5"
				{Matrix34
					0.999995	-0.00227251	-0.00202612
					0.00228463	0.99998	0.00599955
					0.00201245	-0.00600415	0.99998
					-24.5236	24.3637	-10.2264
				}
				{bone revolute "wheell6"
					{parameters "id=trackleft;radius=0.24;"}
					{Matrix34
						-0.999997	-0.00224587	-0.0004023
						-0.000402298	0	1
						-0.00224588	0.999998	0
						0.0507813	3.34047	0.0149255
					}
					{VolumeView "wheell6.ply"}
				}
			}
			{bone prizmatic "suspension_l6"
				{Matrix34
					0.999995	-0.00227251	-0.00202614
					0.00228463	0.99998	0.00599952
					0.00201246	-0.00600412	0.99998
					-39.8082	24.3637	-10.2264
				}
				{bone revolute "wheell7"
					{parameters "id=trackleft;radius=0.24;"}
					{Matrix34
						-0.999997	-0.00224588	-0.0004023
						-0.000402298	0	1
						-0.00224588	0.999998	0
						0.0300827	3.34047	0.0149279
					}
					{VolumeView "wheell7.ply"}
				}
			}
		}
		{bone "wheelsr"
			{Matrix34
				0.999943	-0.000147769	0.0106465
				0.000149074	1	-0.000121771
				-0.0106465	0.000123351	0.999943
				0	0	17.3843
			}
			{VolumeView "wheelsr.ply"}
			{bone "trackr"
				{parameters "id=trackright;"}
				{Position -0.0349426	-26.4209	-9.37606}
				{VolumeView "trackr.ply"}
			}
			{bone prizmatic "suspension_r3"
				{Matrix34
					0.999934	-0.00565086	0.0100043
					0.00565466	0.999984	-0.000351337
					-0.0100022	0.000407885	0.99995
					5.39326	-23.3977	-10.2264
				}
				{bone revolute "wheelr4"
					{parameters "id=trackright;radius=0.24;"}
					{Matrix34
						-0.999888	-0.00465924	0.0142299
						0.0141962	0.00718661	0.999873
						-0.00476091	0.999963	-0.00711966
						0.0440016	-3.86133	0.0149279
					}
					{VolumeView "wheelr4.ply"}
				}
			}
			{bone prizmatic "suspension_r5"
				{Matrix34
					0.999998	0.000969574	-0.00202715
					-0.000981599	0.999982	-0.00593926
					0.00202136	0.00594123	0.99998
					-24.5236	-23.3977	-10.2264
				}
				{bone revolute "wheelr6"
					{parameters "id=trackright;radius=0.24;"}
					{Matrix34
						-0.999998	0.00194725	-0.000338643
						-0.00033864	0	1
						0.00194725	0.999998	0
						0.0507813	-3.86133	0.0149279
					}
					{VolumeView "wheelr6.ply"}
				}
			}
			{bone prizmatic "suspension_r1"
				{Matrix34
					0.999998	0.000969559	-0.00202712
					-0.000981583	0.999982	-0.00593932
					0.00202133	0.0059413	0.99998
					36.476	-23.3977	-10.2264
				}
				{bone revolute "wheelr2"
					{parameters "id=trackright;radius=0.24;"}
					{Matrix34
						-0.999998	0.00194723	-0.000338643
						-0.00033864	0	1
						0.00194723	0.999998	0
						0.0208702	-3.86133	0.0149279
					}
					{VolumeView "wheelr2.ply"}
				}
			}
			{bone prizmatic "suspension_r6"
				{Matrix34
					0.999998	0.000969576	-0.00202715
					-0.0009816	0.999982	-0.00593925
					0.00202135	0.00594122	0.99998
					-39.8082	-23.3977	-10.2264
				}
				{bone revolute "wheelr7"
					{parameters "id=trackright;radius=0.24;"}
					{Matrix34
						-0.999998	0.00194725	-0.000338642
						-0.000338641	0	1
						0.00194725	0.999998	0
						0.0300903	-3.86133	0.0149283
					}
					{VolumeView "wheelr7.ply"}
				}
			}
			{bone prizmatic "suspension_r4"
				{Matrix34
					0.999998	0.000969559	-0.00202713
					-0.000981584	0.999982	-0.00593935
					0.00202134	0.00594132	0.99998
					-10.4776	-23.3977	-10.2264
				}
				{bone revolute "wheelr5"
					{parameters "id=trackright;radius=0.24;"}
					{Matrix34
						-0.999998	0.00194723	-0.000338643
						-0.00033864	0	1
						0.00194723	0.999998	0
						0.0491285	-3.86133	0.0149279
					}
					{VolumeView "wheelr5.ply"}
				}
			}
			{bone prizmatic "suspension_r2"
				{Matrix34
					0.999998	0.000969574	-0.00202716
					-0.000981599	0.999982	-0.00593931
					0.00202136	0.00594128	0.99998
					20.8978	-23.3977	-10.2264
				}
				{bone revolute "wheelr3"
					{parameters "id=trackright;radius=0.24;"}
					{Matrix34
						-0.999998	0.00194725	-0.000338643
						-0.00033864	0	1
						0.00194725	0.999998	0
						0.0960636	-3.86133	0.0149279
					}
					{VolumeView "wheelr3.ply"}
				}
			}
		}
	}
}
{Volume "body1"
	{Polyhedron "body1.vol"}
	{Bone "body"}
	{Matrix34
		0	-1	0
		0	0	1
		-1	0	0
		3.04773	-0.160806	-2.24367
	}
}
{Volume "body2"
	{Polyhedron "body2.vol"}
	{Bone "body"}
	{Matrix34
		0	-1	0
		0	0	1
		-1	0	0
		63.6102	-0.160796	9.76147
	}
}
{Volume "body3"
	{Polyhedron "body3.vol"}
	{Bone "body"}
	{Matrix34
		0	-1	0
		0	0	1
		-1	0	0
		44.2533	-0.160796	9.76146
	}
}
{Volume "body4"
	{Polyhedron "body4.vol"}
	{Bone "body"}
	{Position -25.2379	1.09381	3.60204}
}
{Volume "engine"
	{Box 20.591 39.3915 17.3084}
	{Bone "engine"}
	{Position 1.9129	0.698503	-10.8209}
}
{Volume "fuel"
	{Box 5.6974 38.8267 13.0829}
	{Bone "body"}
	{Position -9.60567	0.107152	3.10771}
}
{Volume "hole1"
	{Polyhedron "hole1.vol"}
	{Bone "body"}
	{Position 22.2283	0	4.08023}
}
{Volume "trackleft"
	{Polyhedron "trackleft.vol"}
	{Bone "wheelsl"}
	{Matrix34
		1	0	0
		0	0	1
		0	-1	0
		-1.33756	30.5285	-10.1392
	}
}
{Volume "trackright"
	{Polyhedron "trackright.vol"}
	{Bone "wheelsr"}
	{Matrix34
		1	0	0
		0	0	1
		0	-1	0
		-1.33756	-23.3658	-10.1392
	}
}
{Volume "transmission"
	{Cylinder 4.25452 40.383}
	{Bone "body"}
	{Matrix34
		1	0	0
		0	0	1
		0	-1	0
		-50.7318	0	-4.41645
	}
}
