;Exported by:	 TigerF
;Date:			 12.06.2021 14:09:33
;File:			 D:\PROGRAMS\3ds_max\3dsmax9_saves\scenes\GoH_3D_vehicles_rus\vehicles\btr\ba64\ba-64_export_xx.max
{skeleton
	{bone "basis"
		{orientation
			1 	 0 	 0
			0 	 -1 	 0
			0 	 0 	 1
		}
		{bone "body"
			{parameters "id=body;"}
			{matrix34
				0.995 	 0.0546 	 -0.0837
				-0.0554 	 0.9984 	 -0.0079
				0.0831 	 0.0125 	 0.9965
				-1.5018 	 0.0584 	 19.418
			}
			{VolumeView "body.ply"}
			{bone "axle_rear"
				{parameters "id=body;"}
				{Position -17.5499 	 -0.0035 	 -11.8571}
				{VolumeView "axle_rear.ply"}
			}
			{bone "axle_front"
				{parameters "id=body;"}
				{Position 23.8152 	 0 	 -11.8608}
				{VolumeView "axle_front.ply"}
			}
			{bone "fuel"
				{Position 10.9105 	 0 	 -1.3935}
			}
			{bone "transmission"
				{parameters "id=transmission;"}
				{matrix34
					1 	 0 	 0
					0 	 0.9962 	 0.0872
					0 	 -0.0872 	 0.9962
					-7.4515 	 0.4936 	 -9.9088
				}
				{VolumeView "transmission.ply"}
			}
			{bone "leaf_springs"
				{parameters "id=body;"}
				{Position -0.9689 	 -0.0042 	 -10.5907}
				{VolumeView "leaf_springs.ply"}
			}
			{bone "shield"
				{parameters "id=shield;"}
				{Position -34.1741 	 0 	 5.1478}
				{VolumeView "shield.ply"}
			}
			{bone "fender_10"
				{Position 23.3843 	 -12.8248 	 -2.1562}
			}
			{bone "fender_01"
				{Position 23.3843 	 12.6539 	 -2.1562}
			}
			{bone "fender_08"
				{matrix34
					0.4911 	 0 	 0.8711
					0 	 1 	 0
					-0.8711 	 0 	 0.4911
					15.3945 	 12.6539 	 -6.923
				}
			}
			{bone "fender_07"
				{matrix34
					0.4911 	 0 	 0.8711
					0 	 1 	 0
					-0.8711 	 0 	 0.4911
					15.3944 	 -12.7226 	 -6.923
				}
			}
			{bone "fender_09"
				{matrix34
					-1 	 0 	 0
					0 	 0 	 1
					0 	 1 	 0
					-17.8792 	 9.2924 	 -1.8409
				}
			}
			{bone "fender_06"
				{matrix34
					-0.4589 	 0 	 0.8885
					0.8885 	 0 	 0.4589
					0 	 1 	 0
					-10.9792 	 9.2924 	 -5.7782
				}
			}
			{bone "fender_03"
				{matrix34
					-0.4786 	 0 	 -0.878
					-0.878 	 0 	 0.4786
					0 	 1 	 0
					-24.793 	 9.2924 	 -5.7782
				}
			}
			{bone revolute "turret"
				{parameters "id=turret;"}
				{matrix34
					0.9432 	 0.3312 	 0.026
					-0.3309 	 0.9435 	 -0.015
					-0.0295 	 0.0055 	 0.9996
					-17.8685 	 0.8821 	 11.6268
				}
				{VolumeView "turret.ply"}
				{bone revolute "mgun_rot"
					{matrix34
						1 	 0 	 0
						0 	 0 	 1
						0 	 -1 	 0
						7.3833 	 -2.4401 	 4.2095
					}
					{bone "mgun_dummy"
						{Position -5.8287 	 -1.333 	 -0.003}
					}
					{bone revolute "mgun"
						{Position -5.8287 	 -1.333 	 -0.003}
					}
				}
			}
		}
		{bone revolute "part4"
			{parameters "id=wheelright2;"}
			{matrix34
				0.857 	 -0.4297 	 0.2845
				0.2956 	 -0.0424 	 -0.9544
				0.4221 	 0.902 	 0.0906
				-19.0517 	 -16.3071 	 7.5572
			}
			{VolumeView "part4.ply"}
		}
		{bone revolute "part1"
			{parameters "id=wheelright1;"}
			{matrix34
				1 	 0 	 0
				0 	 0 	 -1
				0 	 1 	 0
				22.3134 	 -14.6464 	 7.5572
			}
			{VolumeView "part1.ply"}
		}
		{bone revolute "part2"
			{parameters "id=wheelleft1;"}
			{matrix34
				0.9677 	 -0.1873 	 0.169
				0.2451 	 0.5399 	 -0.8052
				0.0596 	 0.8206 	 0.5684
				22.3134 	 17.0911 	 5.993
			}
			{VolumeView "part2.ply"}
		}
		{bone revolute "part3"
			{parameters "id=wheelleft2;"}
			{matrix34
				1 	 0 	 0
				0 	 0 	 -1
				0 	 1 	 0
				-19.0517 	 14.7663 	 7.5572
			}
			{VolumeView "part3.ply"}
		}
	}
}
{volume "body"
	{polyhedron "body.vol"}
	{bone "body"}
	{matrix34
		1 	 0 	 0
		0 	 0 	 1
		0 	 -1 	 0
		-13.0185 	 15.1643 	 1.2793
	}
}
{volume "engine"
	{polyhedron "engine.vol"}
	{bone "body"}
	{matrix34
		0.9961 	 -0.0738 	 -0.0479
		0.0447 	 -0.0439 	 0.998
		-0.0758 	 -0.9963 	 -0.0405
		24.3045 	 8.7721 	 -2.3683
	}
}
{volume "fuel"
	{box 6.39262 16.214 4.99786}
	{bone "fuel"}
	{Position -0.5998 	 -0.8108 	 0.7218}
}
{volume "hole"
	{polyhedron "hole.vol"}
	{bone "turret"}
	{matrix34
		0.9239 	 0.3827 	 0
		-0.3827 	 0.9239 	 0
		0 	 0 	 1
		2.4378 	 0.0272 	 0.6929
	}
}
{volume "part1"
	{cylinder 6.46111 3.49101}
	{bone "part1"}
	{matrix34
		1 	 0 	 0
		0 	 -1 	 0
		0 	 0 	 -1
		0.0005 	 0.0252 	 0.3017
	}
}
{volume "part2"
	{cylinder 7.23028 3.49101}
	{bone "part2"}
	{matrix34
		1 	 0 	 0
		0 	 -1 	 0
		0 	 0 	 -1
		0.0005 	 0.0252 	 -0.3279
	}
}
{volume "part3"
	{cylinder 7.24167 3.49101}
	{bone "part3"}
	{matrix34
		1 	 0 	 0
		0 	 -1 	 0
		0 	 0 	 -1
		0.0052 	 0.0252 	 -0.3278
	}
}
{volume "part4"
	{cylinder 7.23028 3.49101}
	{bone "part4"}
	{matrix34
		1 	 0 	 0
		0 	 -1 	 0
		0 	 0 	 -1
		0.0052 	 0.0252 	 0.3017
	}
}
{volume "shield"
	{cylinder 7.69179 3.38732}
	{bone "body"}
	{matrix34
		0 	 -1 	 0
		0.2993 	 0 	 0.9542
		-0.9542 	 0 	 0.2993
		-33.871 	 -0.0006 	 5.0564
	}
}
{volume "transmission"
	{cylinder 1.98428 31.3831}
	{bone "transmission"}
	{matrix34
		0 	 0.9962 	 -0.0872
		-0.0872 	 0.0868 	 0.9924
		0.9962 	 0.0076 	 0.0868
		4.7427 	 -0.5801 	 -1.0208
	}
}
{volume "turret"
	{polyhedron "turret.vol"}
	{bone "turret"}
	{matrix34
		0.9239 	 -0.3827 	 0
		0.3827 	 0.9239 	 0
		0 	 0 	 1
		0.0351 	 -0.052 	 1.2917
	}
}
