;Exported by: Kislov_A
;Date:        Fri Apr 30 09:51:54 2010
;File:        E:\Men of war red tide2\Art\Models\Technics\UH_1\UH-1_06.max
{Skeleton
	{animation
		{sequence "engine_start"}
		{sequence "open1"}
		{sequence "open2"}
		{sequence "engine_work"}
		{sequence "engine_stop"}
	}
	{bone "basis"
		{parameters "SteerMax=45;"}
		{Orientation
			1	0	0
			0	-1	0
			0	0	1
		}
		{bone "emit1"
			{parameters "Group=crew;"}
			{Matrix34
				0	-0.999348	0.0361026
				1	0	0
				0	0.0361026	0.999348
				38.4961	36.3266	0.00138329
			}
		}
		{bone "pivot_front"
			{Position 51.139	0	2.17348}
		}
		{bone "pivot_back"
			{Position -129.633	0	2.17348}
		}
		{bone "body"
			{parameters "id=body;"}
			{Position 0	0	25.7585}
			{VolumeView "body.ply"}
			{bone "engine"
				{parameters "ID=body;"}
				{Position -25.1201	3.84389	20.9608}
				{VolumeView "engine.ply"}
				{bone "propeller1"
					{parameters "ID=propeller;"}
					{Position 25.2971	-3.78604	5.69813}
					{VolumeView "propeller1.ply"}
				}
				{bone "propeller2"
					{parameters "ID=propeller;"}
					{Matrix34
						0.331209	0	0.943558
						0	1	0
						-0.943558	0	0.331209
						-146.143	5.25945	25.1602
					}
					{VolumeView "propeller2.ply"}
				}
				{bone "fxsmoke1"
					{Matrix34
						-1	0	0
						0	-1	0
						0	0	1
						-20.6585	-3.83926	3.852
					}
				}
				{bone "propeller1_work"
					{parameters "CommonMesh;ID=propeller;"}
					{Position 25.2971	-3.78604	35.402}
					{visibility 0}
					{VolumeView "propeller1_work.ply"}
				}
				{bone "propeller2_work"
					{parameters "CommonMesh;ID=propeller;"}
					{Matrix34
						0	0	1
						0	1	0
						-1	0	0
						-146.026	6.91826	24.9111
					}
					{visibility 0}
					{VolumeView "propeller2_work.ply"}
				}
			}
			{bone "visor"
				{Position 63.6039	0.072793	17.4148}
			}
			{bone "driver"
				{Matrix34
					0.994397	0	0.10571
					0	1	0
					-0.10571	0	0.994397
					45.098	12.6297	-9.23766
				}
			}
			{bone revolute "gun_rot1"
				{limits -7 7}
				{speed 0.01}
				{Position 13.1612	0	-16.0281}
				{bone revolute "gun_rot"
					{limits -20 20}
					{speed 0.01}
					{Matrix34
						1	0	0
						0	0	1
						0	-1	0
						-0.0185585	0	0
					}
					{bone "shooter00"
						{Matrix34
							1	0	0
							0	0	-1
							0	1	0
							2.95819	6.58155	43.5751
						}
					}
					{bone "foresight3"
						{Position 67.0434	15.3399	-0.00119781}
					}
					{bone "shooter01"
						{Matrix34
							1	0	0
							0	0	-1
							0	1	0
							2.95819	7.31168	43.9905
						}
					}
					{bone "shooter02"
						{Matrix34
							1	0	0
							0	0	-1
							0	1	0
							2.95819	7.31168	44.8024
						}
					}
					{bone "shooter03"
						{Matrix34
							1	0	0
							0	0	-1
							0	1	0
							2.95819	6.58048	45.2114
						}
					}
					{bone "shooter04"
						{Matrix34
							1	0	0
							0	0	-1
							0	1	0
							2.95819	5.8753	44.8024
						}
					}
					{bone "shooter05"
						{Matrix34
							1	0	0
							0	0	-1
							0	1	0
							2.95819	5.8753	43.9896
						}
					}
					{bone "shooter07"
						{Matrix34
							1	0	0
							0	0	-1
							0	1	0
							2.95819	7.31167	-44.8717
						}
					}
					{bone "shooter06"
						{Matrix34
							1	0	0
							0	0	-1
							0	1	0
							2.95819	6.58154	-45.2871
						}
					}
					{bone "shooter08"
						{Matrix34
							1	0	0
							0	0	-1
							0	1	0
							2.95819	7.31167	-44.0533
						}
					}
					{bone "shooter09"
						{Matrix34
							1	0	0
							0	0	-1
							0	1	0
							2.95819	6.58759	-43.651
						}
					}
					{bone "shooter10"
						{Matrix34
							1	0	0
							0	0	-1
							0	1	0
							2.95819	5.88291	-44.0549
						}
					}
					{bone "shooter11"
						{Matrix34
							1	0	0
							0	0	-1
							0	1	0
							2.95819	5.88291	-44.8738
						}
					}
				}
			}
			{bone "barrel00"
				{Position 16.1009	-43.5742	-9.44593}
			}
			{bone "barrel06"
				{Position 16.1009	-43.9897	-8.71533}
			}
			{bone "barrel02"
				{Position 16.1009	-44.802	-8.71533}
			}
			{bone "barrel08"
				{Position 16.1009	-45.2112	-9.44596}
			}
			{bone "barrel04"
				{Position 16.1009	-44.8016	-10.1512}
			}
			{bone "barrel10"
				{Position 16.1009	-43.9883	-10.1512}
			}
			{bone "barrel01"
				{Position 16.1009	45.2883	-9.44658}
			}
			{bone "barrel07"
				{Position 16.1009	44.8742	-8.71113}
			}
			{bone "barrel03"
				{Position 16.1009	44.0548	-8.71113}
			}
			{bone "barrel09"
				{Position 16.1009	43.6544	-9.44137}
			}
			{bone "barrel05"
				{Position 16.1009	44.0553	-10.1394}
			}
			{bone "barrel11"
				{Position 16.1009	44.871	-10.1394}
			}
			{bone "gunner"
				{Matrix34
					0.994397	0	0.10571
					0	1	0
					-0.10571	0	0.994397
					45.098	-12.8688	-9.23766
				}
			}
			{bone "rocket00"
				{Position 11.3902	-28.0696	-13.0128}
			}
			{bone "rocket08"
				{Position 11.3902	-29.299	-10.8869}
			}
			{bone "rocket02"
				{Position 11.3902	-31.8317	-10.8869}
			}
			{bone "rocket10"
				{Position 11.3902	-33.0665	-13.0063}
			}
			{bone "rocket04"
				{Position 11.3902	-31.8277	-15.1481}
			}
			{bone "rocket12"
				{Position 11.3902	-29.3004	-15.1481}
			}
			{bone "rocket06"
				{Position 11.3902	-30.5376	-13.0029}
			}
			{bone "shooter_r00"
				{Position 16.0621	-28.0696	-13.0128}
			}
			{bone "shooter_r08"
				{Position 16.0621	-29.2981	-10.8854}
			}
			{bone "shooter_r02"
				{Position 16.0621	-31.8304	-10.8854}
			}
			{bone "shooter_r10"
				{Position 16.0621	-33.0656	-13.0115}
			}
			{bone "shooter_r04"
				{Position 16.0621	-31.827	-15.1537}
			}
			{bone "shooter_r12"
				{Position 16.0621	-29.2892	-15.1537}
			}
			{bone "shooter_r06"
				{Position 16.0621	-30.5366	-12.9979}
			}
			{bone "rocket07"
				{Position 11.3902	33.1383	-13.0128}
			}
			{bone "rocket01"
				{Position 11.3902	31.9089	-10.8869}
			}
			{bone "rocket09"
				{Position 11.3902	29.3762	-10.8869}
			}
			{bone "rocket03"
				{Position 11.3902	28.1414	-13.0063}
			}
			{bone "rocket11"
				{Position 11.3902	29.3802	-15.1481}
			}
			{bone "rocket05"
				{Position 11.3902	31.9075	-15.1481}
			}
			{bone "rocket13"
				{Position 11.3902	30.6703	-13.0029}
			}
			{bone "shooter_r07"
				{Position 16.0621	33.1339	-13.0128}
			}
			{bone "shooter_r01"
				{Position 16.0621	31.9055	-10.8854}
			}
			{bone "shooter_r09"
				{Position 16.0621	29.3732	-10.8854}
			}
			{bone "shooter_r03"
				{Position 16.0621	28.138	-13.0115}
			}
			{bone "shooter_r11"
				{Position 16.0621	29.3766	-15.1537}
			}
			{bone "shooter_r05"
				{Position 16.0621	31.9144	-15.1537}
			}
			{bone "shooter_r13"
				{Position 16.0621	30.667	-12.9979}
			}
			{bone "door1"
				{parameters "id=body;"}
				{Position 58.4204	21.4178	-4.40511}
				{VolumeView "door1.ply"}
				{bone "window6"
					{Matrix34
						0	1	0
						-1	0	0
						0	0	1
						-5.13999	-0.654045	12.3833
					}
					{VolumeView "window6.ply"}
				}
				{bone "window5"
					{Matrix34
						0	1	0
						-1	0	0
						0	0	1
						-13.2764	0.0190735	13.0505
					}
					{VolumeView "window5.ply"}
				}
			}
			{bone "door2"
				{parameters "id=body;"}
				{Position 58.4104	-21.5225	-4.42857}
				{VolumeView "door2.ply"}
				{bone "window7"
					{Matrix34
						0	-1	0
						1	0	0
						0	0	1
						-13.2664	0.158752	13.074
					}
					{VolumeView "window7.ply"}
				}
				{bone "window8"
					{Matrix34
						0	-1	0
						1	0	0
						0	0	1
						-5.13	0.831875	12.4067
					}
					{VolumeView "window8.ply"}
				}
			}
			{bone "window4"
				{Matrix34
					0	-1	0
					1	0	0
					0	0	1
					21.0603	-24.1746	8.43698
				}
				{VolumeView "window4.ply"}
			}
			{bone "window1"
				{Matrix34
					0.90677	0	0.421625
					0	1	0
					-0.421625	0	0.90677
					57.2783	10.3564	12.0913
				}
				{VolumeView "window1.ply"}
			}
			{bone "window3"
				{Matrix34
					0	1	0
					-1	0	0
					0	0	1
					21.0603	24.8648	8.43699
				}
				{VolumeView "window3.ply"}
			}
			{bone "window10"
				{Matrix34
					0	0	1
					0	1	0
					-1	0	0
					45.5478	14.1922	22.0193
				}
				{VolumeView "window10.ply"}
			}
			{bone "window9"
				{Matrix34
					0	0	1
					0	1	0
					-1	0	0
					45.5478	-14.119	22.0193
				}
				{VolumeView "window9.ply"}
			}
			{bone "window2"
				{Matrix34
					0.90677	0	0.421625
					0	1	0
					-0.421625	0	0.90677
					57.2783	-10.2833	12.0913
				}
				{VolumeView "window2.ply"}
			}
		}
		{bone "emit2"
			{parameters "Group=crew;"}
			{Matrix34
				0	0.999348	0.0361026
				-1	0	0
				0	-0.0361026	0.999348
				38.7088	-36.4793	0.00138329
			}
		}
	}
}
{Obstacle "rectangle1"
	{Obb2
		{Center 20.7518 0.592913}
		{Extent 30.5015 25.8533}
		{Axis -1 0}
	}
	{Rotate}
}
{Obstacle "rectangle2"
	{Obb2
		{Center -96.2045 1.77129}
		{Extent 53.0274 12.1818}
		{Axis -1 0}
	}
	{Rotate}
}
{Obstacle "rectangle3"
	{Obb2
		{Center 18.5453 2.13346}
		{Extent 64.0683 14.09}
		{Axis -1 0}
	}
	{Rotate}
}
{Volume "body1"
	{Polyhedron "body1.vol"}
	{Bone "body"}
	{Position -27.6995	-0.26746	2.50137}
}
{Volume "body2"
	{Polyhedron "body2.vol"}
	{Bone "body"}
	{Position -84.3053	-0.570587	4.57019}
}
{Volume "body3"
	{Polyhedron "body3.vol"}
	{Bone "body"}
	{Matrix34
		0.996195	0	-0.0871557
		0	1	0
		0.0871557	0	0.996195
		-157.049	0.129436	26.4291
	}
}
{Volume "body4"
	{Cylinder 8.69919 39.4555}
	{Bone "body"}
	{Matrix34
		0	0	-1
		0	1	0
		1	0	0
		-26.885	0.0523605	24.2901
	}
}
{Volume "body5"
	{Polyhedron "body5.vol"}
	{Bone "body"}
	{Position 34.0468	-0.580181	-14.452}
}
{Volume "body"
	{Polyhedron "body.vol"}
	{Bone "body"}
	{Position 31.8581	0.0415049	-14.296}
}
{Volume "engine"
	{Cylinder 6.29105 28.5672}
	{Bone "engine"}
	{Matrix34
		0	0	-1
		0	1	0
		1	0	0
		-2.17268	-3.78356	1.96346
	}
}
{Volume "propeller1"
	{Box 124.82 10.0452 2.05986}
	{Bone "propeller1"}
	{Position -72.8439	1.73422	29.5615}
}
{Volume "propeller2"
	{Box 26.8205 4.72712 0.850618}
	{Bone "propeller2"}
	{Matrix34
		0.94376	0	0.330631
		0.330631	0	-0.94376
		0	1	0
		-14.1359	1.56524	-6.15237
	}
}
{Volume "propeller3"
	{Box 26.8205 4.72712 0.850618}
	{Bone "propeller2"}
	{Matrix34
		0.94376	0	0.330631
		0.330631	0	-0.94376
		0	1	0
		13.7747	1.56924	6.05055
	}
}
{Volume "propeller"
	{Box 124.82 10.0452 2.05986}
	{Bone "propeller1"}
	{Position 73.1761	-1.50485	29.5615}
}
{Volume "window10"
	{Box 12.3381 2.59099 10.4944}
	{Bone "window10"}
	{Matrix34
		-0.114896	0.993348	0.00763382
		-0.991925	-0.11514	0.0531753
		0.0537005	-0.00146237	0.998556
		-0.167454	-0.0881006	0.706962
	}
}
{Volume "window1"
	{Polyhedron "window1.vol"}
	{Bone "window1"}
	{Matrix34
		0.955306	0	0.295617
		0	1	0
		-0.295617	0	0.955306
		-0.715111	0.145638	0.604618
	}
}
{Volume "window2"
	{Polyhedron "window2.vol"}
	{Bone "window2"}
	{Matrix34
		0.950723	-0.229505	0.208456
		0.144195	0.922512	0.358021
		-0.27447	-0.31032	0.910147
		0.189407	2.05296	0.184053
	}
}
{Volume "window3"
	{Box 18.694 2.59099 12.9561}
	{Bone "window3"}
	{Matrix34
		-0.0823837	-0.996478	-0.0156457
		0.994012	-0.0832903	0.0707401
		-0.0717941	-0.00972437	0.997372
		-0.50294	-0.263898	-0.115874
	}
}
{Volume "window4"
	{Box 18.694 2.59099 12.9561}
	{Bone "window4"}
	{Matrix34
		-0.0892649	0.995995	-0.00504528
		-0.994408	-0.0894073	-0.0562045
		-0.0564305	0	0.998406
		-0.663039	0.200912	-0.250102
	}
}
{Volume "window5"
	{Box 8.45051 2.59099 15.0416}
	{Bone "window5"}
	{Matrix34
		-0.178946	-0.983295	-0.0332971
		0.969139	-0.182	0.16627
		-0.169552	-0.00251639	0.985518
		-0.454151	-0.029364	-0.026439
	}
}
{Volume "window6"
	{Polyhedron "window6.vol"}
	{Bone "window6"}
	{Matrix34
		0.987981	-0.152124	-0.0274181
		0.154561	0.969908	0.188118
		-0.00202415	-0.190095	0.981764
		-1.10675	-0.233986	-0.263771
	}
}
{Volume "window7"
	{Box 8.45051 2.59099 15.0416}
	{Bone "window7"}
	{Matrix34
		-0.224502	0.974204	-0.0229446
		-0.962045	-0.225325	-0.153941
		-0.15514	-0.0124861	0.987814
		-0.105342	-0.0834665	-0.00916517
	}
}
{Volume "window8"
	{Polyhedron "window8.vol"}
	{Bone "window8"}
	{Matrix34
		0.981674	0.189181	-0.0229446
		-0.190444	0.969553	-0.153941
		-0.00687671	0.155489	0.987814
		-1.06097	0.122131	-0.247704
	}
}
{Volume "window9"
	{Box 12.3381 2.59099 10.4944}
	{Bone "window9"}
	{Matrix34
		0.147318	0.988859	-0.021372
		-0.987544	0.148261	0.0526912
		0.0552727	0.0133433	0.998382
		-0.199812	0.642225	0.707175
	}
}
