;Exported by: doc
;Date:        Thu Jul 04 00:10:18 2019
;File:        Z:\work\0.KRIS\vehicles3\Chris_models\ch47_mg\ch-47_chinook_mg.max
{Skeleton
	{bone revolute "basis"
		{Orientation
			1	0	0
			0	-1	0
			0	0	1
		}
		{bone "heli_ani"
			{bone "body"
				{parameters "ID=body;"}
				{Position 0	0	0}
				{VolumeView "body.ply"}
				{bone "driver"
					{Matrix34
						0.996195	0	0.0871557
						0	1	0
						-0.0871557	0	0.996195
						145.031	13.7826	22.0777
					}
				}
				{bone "commander"
					{Matrix34
						0.996195	0	0.0871557
						0	1	0
						-0.0871557	0	0.996195
						145.031	-13.3272	22.0777
					}
				}
				{bone "seat01"
					{Matrix34
						0	-1	0
						1	0	0
						0	0	1
						97.1674	13.5398	20.4519
					}
				}
				{bone "seat03"
					{Matrix34
						0.0436193	-0.999048	0
						0.999048	0.0436193	0
						0	0	1
						85.056	13.5398	20.4519
					}
				}
				{bone "seat05"
					{Matrix34
						-0.0436194	-0.999048	0
						0.999048	-0.0436194	0
						0	0	1
						73.0635	13.2817	20.4519
					}
				}
				{bone "seat07"
					{Matrix34
						-0.0436194	-0.999048	0
						0.999048	-0.0436194	0
						0	0	1
						61.2382	13.798	20.4519
					}
				}
				{bone "seat09"
					{Matrix34
						0.0436193	-0.999048	0
						0.999048	0.0436193	0
						0	0	1
						48.4862	13.5398	20.4519
					}
				}
				{bone "seat11"
					{Matrix34
						-0.0436194	-0.999048	0
						0.999048	-0.0436194	0
						0	0	1
						35.6677	13.5398	20.4519
					}
				}
				{bone "seat13"
					{Matrix34
						-0.0436194	-0.999048	0
						0.999048	-0.0436194	0
						0	0	1
						24.0279	13.5398	20.4519
					}
				}
				{bone "seat15"
					{Matrix34
						0.0436193	-0.999048	0
						0.999048	0.0436193	0
						0	0	1
						12.1166	13.5241	20.4519
					}
				}
				{bone "seat17"
					{Matrix34
						-0.0436194	-0.999048	0
						0.999048	-0.0436194	0
						0	0	1
						-0.263847	13.2592	20.4519
					}
				}
				{bone "seat19"
					{Matrix34
						-0.0436194	-0.999048	0
						0.999048	-0.0436194	0
						0	0	1
						-13.1172	13.8204	20.4519
					}
				}
				{bone "seat21"
					{Matrix34
						0.0871557	-0.996195	0
						0.996195	0.0871557	0
						0	0	1
						-25.6691	13.5398	20.4519
					}
				}
				{bone "seat23"
					{Matrix34
						-0.0436194	-0.999048	0
						0.999048	-0.0436194	0
						0	0	1
						-38.1923	13.2544	20.4519
					}
				}
				{bone "seat25"
					{Matrix34
						-0.0436194	-0.999048	0
						0.999048	-0.0436194	0
						0	0	1
						-51.266	13.8252	20.4519
					}
				}
				{bone "seat27"
					{Matrix34
						0.0436193	-0.999048	0
						0.999048	0.0436193	0
						0	0	1
						-64.4562	13.5398	20.4519
					}
				}
				{bone "seat29"
					{Matrix34
						-0.0436194	-0.999048	0
						0.999048	-0.0436194	0
						0	0	1
						-76.4048	13.5398	20.4519
					}
				}
				{bone "seat02"
					{Matrix34
						-0.0436191	0.999048	0
						-0.999048	-0.0436191	0
						0	0	1
						100.123	-13.5793	20.4519
					}
				}
				{bone "doorright"
					{parameters "id=body;"}
					{Matrix34
						0.999048	0	0.0436196
						0	1	0
						-0.0436196	0	0.999048
						110.239	-28.336	23.4179
					}
					{VolumeView "doorright.ply"}
				}
				{bone "doorback"
					{parameters "id=body;"}
					{Position -71.7073	1.33981e-005	11.0542}
					{VolumeView "doorback.ply"}
				}
				{bone "engine"
					{parameters "ID=engine;"}
					{Position -90.4197	-5.81741e-005	67.7123}
					{VolumeView "engine.ply"}
					{bone "rotor"
						{parameters "ID=rotor;"}
						{Matrix34
							0	1	0
							-0.997565	0	0.069739
							0.069739	0	0.997565
							229.182	0.00436245	20.1872
						}
						{VolumeView "rotor.ply"}
						{bone "propeller"
							{parameters "ID=propeller;"}
							{Matrix34
								-0.000448725	-0.997566	0.0697356
								1	-0.000447632	3.12999e-005
								0	0.0697356	0.997566
								53.7635	-79.0055	-4.0477
							}
							{VolumeView "propeller.ply"}
						}
						{bone "propeller1"
							{parameters "ID=propeller1;"}
							{Matrix34
								-0.000448725	-0.997566	0.0697356
								1	-0.000447632	3.12999e-005
								0	0.0697356	0.997566
								-94.3055	-6.76729	-3.92709
							}
							{VolumeView "propeller1.ply"}
						}
						{bone "propeller2"
							{parameters "ID=propeller2;"}
							{Matrix34
								-0.000448725	-0.997566	0.0697356
								1	-0.000447632	3.12999e-005
								0	0.0697356	0.997566
								42.6297	85.4031	-3.77914
							}
							{VolumeView "propeller2.ply"}
						}
						{bone "engine_work"
							{Position 0	0.442078	6.32376}
							{visibility 0}
							{VolumeView "engine_work.ply"}
						}
					}
					{bone "rotor_b"
						{parameters "ID=rotor_b;"}
						{Matrix34
							-0.836776	-0.54441	0.058513
							0.543084	-0.838819	-0.0379761
							0.0697564	0	0.997564
							-7.30327	0.00436245	36.4836
						}
						{VolumeView "rotor_b.ply"}
						{bone "propeller_b1"
							{parameters "ID=propeller_b1;"}
							{Matrix34
								-0.000478101	-0.997563	0.0697718
								1	-0.000477242	3.33525e-005
								0	0.0697718	0.997563
								-53.761	79.1034	-3.73216
							}
							{VolumeView "propeller_b1.ply"}
						}
						{bone "propeller_b2"
							{parameters "ID=propeller_b2;"}
							{Matrix34
								-0.000478101	-0.997563	0.0697718
								1	-0.000477242	3.33525e-005
								0	0.0697718	0.997563
								94.306	6.84197	-4.05079
							}
							{VolumeView "propeller_b2.ply"}
						}
						{bone "propeller_b"
							{parameters "ID=propeller_b;"}
							{Matrix34
								-0.000478101	-0.997563	0.0697718
								1	-0.000477242	3.33525e-005
								0	0.0697718	0.997563
								-42.6319	-85.3533	-3.95575
							}
							{VolumeView "propeller_b.ply"}
						}
						{bone "rotor_work"
							{Position 0.384903	-0.249847	6.56239}
							{visibility 0}
							{VolumeView "rotor_work.ply"}
						}
					}
				}
				{bone "window1"
					{Position -51.7697	-26.5157	38.4456}
					{VolumeView "window1.ply"}
				}
				{bone "window2"
					{Position -10.4365	-28.539	40.4315}
					{VolumeView "window2.ply"}
				}
				{bone "window3"
					{Position 30.5126	-27.1159	41.9731}
					{VolumeView "window3.ply"}
				}
				{bone "window4"
					{Position 71.4014	-26.937	44.1119}
					{VolumeView "window4.ply"}
				}
				{bone "window8"
					{Position 144.158	-16.173	64.5602}
					{VolumeView "window8.ply"}
				}
				{bone "window11"
					{Position 144.158	16.1731	64.5602}
					{VolumeView "window11.ply"}
				}
				{bone "window16"
					{Position 71.1498	26.8719	43.4781}
					{VolumeView "window16.ply"}
				}
				{bone "window17"
					{Position 30.769	27.0508	41.9131}
					{VolumeView "window17.ply"}
				}
				{bone "window18"
					{Position -10.4365	28.5391	40.4315}
					{VolumeView "window18.ply"}
				}
				{bone "window19"
					{Position -51.7697	27.0833	38.4456}
					{VolumeView "window19.ply"}
				}
				{bone "window5"
					{Position 138.137	-22.5625	53.2573}
					{VolumeView "window5.ply"}
				}
				{bone "window6"
					{Position 146.538	-23.134	39.5463}
					{VolumeView "window6.ply"}
				}
				{bone "window7"
					{Position 146.024	-21.2938	53.5343}
					{VolumeView "window7.ply"}
				}
				{bone "window9"
					{Position 152.428	3.39834e-005	53.7955}
					{VolumeView "window9.ply"}
				}
				{bone "window13"
					{Position 146.024	21.2938	53.5343}
					{VolumeView "window13.ply"}
				}
				{bone "window14"
					{Position 138.137	22.5625	53.2573}
					{VolumeView "window14.ply"}
				}
				{bone "window15"
					{Position 146.538	23.134	39.5462}
					{VolumeView "window15.ply"}
				}
				{bone "window12"
					{Position 162.61	13.2883	36.4558}
					{VolumeView "window12.ply"}
				}
				{bone "window10"
					{Position 162.61	-13.2882	36.4558}
					{VolumeView "window10.ply"}
				}
				{bone "door3"
					{parameters "id=body;"}
					{Position 108.544	-13.7316	60.7695}
					{VolumeView "door3.ply"}
				}
				{bone "seat04"
					{Matrix34
						0.0871562	0.996195	0
						-0.996195	0.0871562	0
						0	0	1
						85.3913	-13.6346	20.4519
					}
				}
				{bone "seat06"
					{Matrix34
						-0.0871552	0.996195	0
						-0.996195	-0.0871552	0
						0	0	1
						72.4525	-13.6346	20.4519
					}
				}
				{bone "seat08"
					{Matrix34
						-0.0436191	0.999048	0
						-0.999048	-0.0436191	0
						0	0	1
						58.7359	-13.6346	20.4519
					}
				}
				{bone "seat10"
					{Matrix34
						0.130526	0.991445	0
						-0.991445	0.130526	0
						0	0	1
						47.0527	-13.6346	20.4519
					}
				}
				{bone "seat12"
					{Matrix34
						0.0436196	0.999048	0
						-0.999048	0.0436196	0
						0	0	1
						34.7108	-13.9185	20.4519
					}
				}
				{bone "seat14"
					{Matrix34
						0.0436196	0.999048	0
						-0.999048	0.0436196	0
						0	0	1
						21.706	-13.3507	20.4519
					}
				}
				{bone "seat16"
					{Matrix34
						-0.0436191	0.999048	0
						-0.999048	-0.0436191	0
						0	0	1
						9.77467	-13.3704	20.4519
					}
				}
				{bone "seat18"
					{Matrix34
						-0.0436191	0.999048	0
						-0.999048	-0.0436191	0
						0	0	1
						-2.32608	-13.8988	20.4519
					}
				}
				{bone "seat20"
					{Matrix34
						0.0426984	0.998946	-0.016842
						-0.998921	0.0429931	0.0175414
						0.018247	0.0160749	0.999704
						-15.7238	-13.3808	20.4519
					}
				}
				{bone "seat22"
					{Matrix34
						-0.0436191	0.999048	0
						-0.999048	-0.0436191	0
						0	0	1
						-27.3516	-13.8884	20.4519
					}
				}
				{bone "seat24"
					{Matrix34
						0.0436196	0.999048	0
						-0.999048	0.0436196	0
						0	0	1
						-39.3077	-13.6346	20.4519
					}
				}
				{bone "seat26"
					{Matrix34
						-0.0436191	0.999048	0
						-0.999048	-0.0436191	0
						0	0	1
						-50.2869	-13.6346	20.4519
					}
				}
				{bone "seat28"
					{Matrix34
						0.0436196	0.999048	0
						-0.999048	0.0436196	0
						0	0	1
						-64.0339	-13.6346	20.4519
					}
				}
				{bone "seat30"
					{Matrix34
						-0.0436191	0.999048	0
						-0.999048	-0.0436191	0
						0	0	1
						-77.8272	-13.9083	20.4519
					}
				}
			
				{bone "pivot_front"
					{Position 60.588	0	0}
					{bone "fxtracer1"
						{Position 0	-31.2883	0}
					}
					{bone "fxtracel1"
						{Position 0	31.6197	0}
					}
					{bone revolute "wheell1"
						{parameters "ID=wheell;Radius=0.36;support;"}
						{Position 0.0401154	31.3633	5.13322}
						{VolumeView "wheell1.ply"}
					}
					{bone revolute "wheelr1"
						{parameters "ID=wheell;Radius=0.36;support;"}
						{Position 0.0401688	-31.3632	5.13323}
						{VolumeView "wheelr1.ply"}
					}
				}
				{bone "pivot_back"
					{Position -82.9738	0	5.13323}
					{bone "fxtracel2"
						{Position 0.0270538	33.3087	-5.13322}
					}
					{bone "fxtracer2"
						{Position 0.0270538	-33.2813	-5.13323}
					}
					{bone revolute "wheell2"
						{parameters "ID=wheell;Radius=0.36;support;"}
						{Position 0	31.9733	0}
						{VolumeView "wheell2.ply"}
					}
					{bone revolute "wheelr2"
						{parameters "ID=wheell;Radius=0.36;support;"}
						{Position 6.10352e-005	-31.9735	0}
						{VolumeView "wheelr2.ply"}
					}
				}
				{bone "emit2"
					{parameters "Group=driver;"}
					{Matrix34
						0	1	0
						-1	0	0
						0	0	1
						109.753	-51.7374	0
					}
					{visibility 0}
				}
				{bone "emit3"
					{parameters "Group=crew;"}
					{Position -144.56	12.3163		0}
					{visibility 0}
				}
				{bone "emit4"
					{parameters "Group=crew;"}
					{Position -144.56	-12.2571	0}
					{visibility 0}
				}
				{bone revolute "mgun_rot_h_right"
					{parameters "ID=turret;"}
					{speed 0.03}
					{Position 109.624	-29.6056	37.3075}
					{VolumeView "mgun_rot_h_right.ply"}
					{bone revolute "mgun_rot_v_right"
						{parameters "ID=turret;"}
						{limits -20 30}
						{speed 0.03}
						{Matrix34
							0	-1	0
							0	0	1
							-1	0	0
							0	0	2.53337
						}
						{VolumeView "mgun_rot_v_right.ply"}
						{bone "mgun1_link"
							{Position -3.63453	0.233459	0.0149155}
						}
						{bone "visor3"
							{Matrix34
								1	0	0
								0	0	-1
								0	1	0
								3.96159	0.0809021	0.13662
							}
						}
					}
				}
				{bone revolute "mgun_rot_h_left"
					{parameters "ID=turret;"}
					{speed 0.03}
					{Matrix34
						-1	0	0
						0	-1	0
						0	0	1
						109.651	27.5503	39.4945
					}
					{VolumeView "mgun_rot_h_left.ply"}
					{bone revolute "mgun_rot_v_left"
						{parameters "ID=turret;"}
						{limits -20 30}
						{speed 0.03}
						{Matrix34
							0	-1	0
							0	0	1
							-1	0	0
							0	0	2.53337
						}
						{VolumeView "mgun_rot_v_left.ply"}
						{bone "mgun2_link"
							{Position -3.63453	0.233463	0.0149155}
						}
						{bone "visor2"
							{Matrix34
								1	0	0
								0	0	-1
								0	1	0
								6.43336	0.0770149	0.0369034
							}
						}
					}
				}
				{bone revolute "dummy_rot_h"
					{limits -20 30}
					{speed 0.03}
					{Matrix34
						0.99863	0	0.0523361
						0	1	0
						-0.0523361	0	0.99863
						-50.0661	0	43.1659
					}
					{bone revolute "dummy_rot_v"
						{limits -20 30}
						{speed 0.03}
						{Matrix34
							1	0	0
							0	0	1
							0	-1	0
							0	0	6.52569
						}
						{bone revolute "dummy"
							{parameters "ID=dummy;"}
							{Position 0	6.90753	0}
						}
						{bone "foresight1"
							{Matrix34
								1	0	0
								0	0	-1
								0	1	0
								0	6.90753	0
							}
						}
					}
				}
				{bone "gunner2"
					{Matrix34
						0	1	0
						-0.999965	0	0.00834074
						0.00834074	0	0.999965
						109.795	11.3516		22.0777
					}
				}
				{bone "gunner1"
					{Matrix34
						0	-1	0
						0.999965	0	0.00834122
						-0.00834122	0	0.999965
						109.52	-11.1129	21.6715
					}
				}
				{bone "attach"
					{Matrix34
						0.999848	0	-0.0174524
						0	1	0
						0.0174524	0	0.999848
						4.94531	-0.842291	-63.3573
					}
				}
				{bone "attach2"
					{Matrix34
						0.999848	0		-0.0174524
						0	1	0
						0.0174524	0		0.999848
						89.4420		-3.3559		-63.3573
					}
				}
				{bone "attach3"
					{Matrix34
						0.999848	0	-0.0174524
						0	1	0
						0.0174524	0	0.999848
						-52.9190	1.1463	-63.3573
					}
				}
				{bone "seats"
					{VolumeView "seats.ply"}
				}
				{bone "enumerator1"
					{Position 171.571	0.770661	39.4947}
					{VolumeView "enumerator1.ply"}
				}
			}
		}
	}
}