;Exported by:	 guita
;Date:			 10.10.2021 09:51:11
;File:			 D:\Git\3D_Scenes\GoH_3D_vehicles_rus\vehicles\tank_heavy\isu122\ISU-122s_xx.max
{skeleton
	{bone revolute "basis"
		{orientation
			1 	 0 	 0
			0 	 -1 	 0
			0 	 0 	 1
		}
		{bone "wheelsr"
			{parameters "wheelsr;id=trackright;"}
			{Position 0 	 -23.5998 	 0}
			{bone prizmatic "suspension_r1"
				{limits -0.09 0.09}
				{speed 0.2}
				{Position 38.3286 	 -3.165 	 6.7284}
				{bone revolute "wheelr2"
					{parameters "id=trackright;radius=0.35;"}
					{matrix34
						1 	 0 	 0
						0 	 0 	 -1
						0 	 1 	 0
						0.0317 	 2.7368 	 0.0013
					}
					{LODView
						{VolumeView "wheelr2.ply"}
						{VolumeView "wheelr2_lod1.ply"}
					}
				}
			}
			{bone prizmatic "suspension_r2"
				{limits -0.11 0.11}
				{speed 0.2}
				{Position 22.3738 	 -3.165 	 6.7284}
				{bone revolute "wheelr3"
					{parameters "id=trackright;radius=0.35;"}
					{matrix34
						0.5 	 0 	 -0.866
						-0.866 	 0 	 -0.5
						0 	 1 	 0
						0.0107 	 2.7368 	 0.0013
					}
					{LODView
						{VolumeView "wheelr2.ply"}
						{VolumeView "wheelr2_lod1.ply"}
					}
				}
			}
			{bone prizmatic "suspension_r3"
				{limits -0.14 0.14}
				{speed 0.2}
				{Position 5.3558 	 -3.165 	 6.7284}
				{bone revolute "wheelr4"
					{parameters "id=trackright;radius=0.35;"}
					{matrix34
						0.5 	 0 	 -0.866
						-0.866 	 0 	 -0.5
						0 	 1 	 0
						0.0063 	 3.5207 	 0.2622
					}
					{LODView
						{VolumeView "wheelr4.ply"}
						{VolumeView "wheelr4_lod1.ply"}
					}
				}
			}
			{bone prizmatic "suspension_r4"
				{limits -0.16 0.16}
				{speed 0.2}
				{Position -11.9682 	 -3.165 	 6.7284}
				{bone revolute "wheelr5"
					{parameters "id=trackright;radius=0.35;"}
					{matrix34
						1 	 0 	 0
						0 	 0 	 -1
						0 	 1 	 0
						0.1463 	 2.7368 	 0.0013
					}
					{LODView
						{VolumeView "wheelr5.ply"}
						{VolumeView "wheelr5_lod1.ply"}
					}
				}
			}
			{bone prizmatic "suspension_r5"
				{limits -0.11 0.11}
				{speed 0.2}
				{Position -29.7977 	 -3.165 	 6.7284}
				{bone revolute "wheelr6"
					{parameters "id=trackright;radius=0.35;"}
					{matrix34
						0.5 	 0 	 0.866
						0.866 	 0 	 -0.5
						0 	 1 	 0
						-0.013 	 2.7368 	 0.0013
					}
					{LODView
						{VolumeView "wheelr2.ply"}
						{VolumeView "wheelr2_lod1.ply"}
					}
				}
			}
			{bone prizmatic "suspension_r6"
				{limits -0.09 0.09}
				{speed 0.2}
				{Position -44.5774 	 -3.165 	 6.7284}
				{bone revolute "wheelr7"
					{parameters "id=trackright;radius=0.35;"}
					{matrix34
						-0.5 	 0 	 -0.866
						-0.866 	 0 	 0.5
						0 	 1 	 0
						-0.0663 	 2.7368 	 0.0013
					}
					{LODView
						{VolumeView "wheelr2.ply"}
						{VolumeView "wheelr2_lod1.ply"}
					}
				}
			}
			{bone "trackr"
				{parameters "id=trackright;"}
				{Position -5.3908 	 0.0446 	 11.6415}
				{VolumeView "trackr.ply"}
			}
		}
		{bone "wheelsl"
			{parameters "wheelsl;id=trackleft;"}
			{Position 0 	 23.584 	 0}
			{bone prizmatic "suspension_l1"
				{limits -0.09 0.09}
				{speed 0.2}
				{Position 35.3554 	 -2.2651 	 6.7284}
				{bone revolute "wheell2"
					{parameters "id=trackleft;radius=0.35;"}
					{matrix34
						1 	 0 	 0
						0 	 0 	 -1
						0 	 1 	 0
						0.0371 	 2.7215 	 0.0013
					}
					{LODView
						{VolumeView "wheell2.ply"}
						{VolumeView "wheell2_lod1.ply"}
					}
				}
			}
			{bone prizmatic "suspension_l2"
				{limits -0.11 0.11}
				{speed 0.2}
				{Position 19.397 	 -2.2651 	 6.7284}
				{bone revolute "wheell3"
					{parameters "id=trackleft;radius=0.35;"}
					{matrix34
						0.5 	 0 	 0.866
						0.866 	 0 	 -0.5
						0 	 1 	 0
						0.0432 	 2.7215 	 0.0013
					}
					{LODView
						{VolumeView "wheell2.ply"}
						{VolumeView "wheell2_lod1.ply"}
					}
				}
			}
			{bone prizmatic "suspension_l3"
				{limits -0.14 0.14}
				{speed 0.2}
				{Position 2.3622 	 -2.2651 	 6.7284}
				{bone revolute "wheell4"
					{parameters "id=trackleft;radius=0.35;"}
					{matrix34
						1 	 0 	 0
						0 	 0 	 -1
						0 	 1 	 0
						-0.0524 	 2.7215 	 0.0013
					}
					{LODView
						{VolumeView "wheell4.ply"}
						{VolumeView "wheell4_lod1.ply"}
					}
				}
			}
			{bone prizmatic "suspension_l4"
				{limits -0.16 0.16}
				{speed 0.2}
				{Position -14.9688 	 -2.2651 	 6.7284}
				{bone revolute "wheell5"
					{parameters "id=trackleft;radius=0.35;"}
					{matrix34
						0.5 	 0 	 -0.866
						-0.866 	 0 	 -0.5
						0 	 1 	 0
						0.0084 	 2.7215 	 0.0013
					}
					{LODView
						{VolumeView "wheell2.ply"}
						{VolumeView "wheell2_lod1.ply"}
					}
				}
			}
			{bone prizmatic "suspension_l5"
				{limits -0.11 0.11}
				{speed 0.2}
				{Position -32.7914 	 -2.2651 	 6.7284}
				{bone revolute "part5"
					{parameters "id=trackleft;radius=0.35;"}
					{matrix34
						-0.5 	 0 	 0.866
						0.866 	 0 	 0.5
						0 	 1 	 0
						0.0337 	 2.7215 	 0.0013
					}
					{VolumeView "wheell4.ply"}
				}
			}
			{bone prizmatic "suspension_l6"
				{limits -0.09 0.09}
				{speed 0.2}
				{Position -47.5527 	 -2.2651 	 6.7284}
				{bone revolute "wheell7"
					{parameters "id=trackleft;radius=0.35;"}
					{matrix34
						-0.5 	 0 	 0.866
						0.866 	 0 	 0.5
						0 	 1 	 0
						-0.062 	 2.7215 	 0.0013
					}
					{LODView
						{VolumeView "wheell2.ply"}
						{VolumeView "wheell2_lod1.ply"}
					}
				}
			}
			{bone "trackl"
				{parameters "id=trackleft;"}
				{Position -5.3301 	 -0.0214 	 11.6415}
				{VolumeView "trackl.ply"}
			}
		}
		{bone "body"
			{parameters "id=body;"}
			{matrix34
				0.9997 	 0 	 -0.0255
				0.0001 	 1 	 0.0051
				0.0255 	 -0.0051 	 0.9997
				-1.7354 	 -0.0592 	 18.0138
			}
			{LODView
				{VolumeView "body.ply"}
				{VolumeView "body_lod1.ply"}
			}
			{bone "cover_gun"
				{parameters "id=body;"}
				{Position 37.8287 	 -4.8112 	 26.7829}
				{LODView
					{VolumeView "cover_gun.ply"}
					{VolumeView "cover_gun_lod1.ply"}
				}
			}
			{bone "part8"
				{parameters "id=shieldr1;"}
				{Position 57.7081 	 -22.2121 	 3.8926}
				{LODView
					{VolumeView "part8.ply"}
					{VolumeView "part8_lod1.ply"}
				}
			}
			{bone "detail10"
				{parameters "id=body;"}
				{Position 39.2806 	 26.1261 	 7.5911}
				{LODView
					{VolumeView "detail10.ply"}
					{VolumeView "detail10_lod1.ply"}
				}
			}
			{bone "hatch_left1"
				{parameters "id=body;"}
				{matrix34
					-0.3988 	 0 	 0.9171
					0 	 1 	 0
					-0.9171 	 0 	 -0.3988
					19.4056 	 9.9115 	 27.9069
				}
				{LODView
					{VolumeView "hatch_left1.ply"}
					{VolumeView "hatch_left1_lod1.ply"}
				}
			}
			{bone "hatch_left2"
				{parameters "id=body;"}
				{matrix34
					-0.4226 	 0 	 -0.9063
					0 	 1 	 0
					0.9063 	 0 	 -0.4226
					27.9837 	 9.9115 	 27.9111
				}
				{LODView
					{VolumeView "hatch_left2.ply"}
					{VolumeView "hatch_left2_lod1.ply"}
				}
			}
			{bone "part1"
				{parameters "id=body;"}
				{Position 0.4545 	 7.4647 	 27.8431}
				{LODView
					{VolumeView "part1.ply"}
					{VolumeView "part1_lod1.ply"}
				}
			}
			{bone "hatch_body2"
				{parameters "id=body;"}
				{Position -13.0191 	 7.426 	 20.9729}
				{LODView
					{VolumeView "hatch_body2.ply"}
					{VolumeView "hatch_body2_lod1.ply"}
				}
			}
			{bone revolute "turret"
				{parameters "id=turret;"}
				{limits -3 7}
				{speed 0.005}
				{Position 33.2867 	 -4.3752 	 13.6063}
				{LODView
					{VolumeView "turret.ply"}
					{VolumeView "turret_lod1.ply"}
				}
				{bone revolute "gun_rot"
					{parameters "id=gun;"}
					{limits -5 18}
					{speed 0.005}
					{matrix34
						0.9976 	 0 	 -0.0698
						0.0698 	 0 	 0.9976
						0 	 -1 	 0
						5.3041 	 0.0034 	 3.4527
					}
					{LODView
						{VolumeView "gun_rot.ply"}
						{VolumeView "gun_rot_lod1.ply"}
					}
					{bone "gun"
						{parameters "id=gun;"}
						{matrix34
							1 	 0 	 0
							0 	 0 	 -1
							0 	 1 	 0
							30.8448 	 1.4321 	 0.1129
						}
						{LODView
							{VolumeView "gun.ply"}
							{VolumeView "gun_lod1.ply"}
						}
					}
				}
			}
			{bone revolute "mgun_rot"
				{parameters "id=body;"}
				{terminator}
				{matrix34
					-1 	 0 	 0
					0 	 -1 	 0
					0 	 0 	 1
					20.1425 	 -13.8147 	 26.914
				}
				{LODView
					{VolumeView "mgun_rot.ply"}
					{VolumeView "mgun_rot_lod1.ply"}
				}
				{bone revolute "mgun_a_rot1"
					{parameters "id=body;"}
					{limits -5 5}
					{matrix34
						-1 	 0 	 0
						0 	 -1 	 0
						0 	 0 	 1
						-5.9717 	 0.3562 	 6.2159
					}
					{LODView
						{VolumeView "mgun_a_rot1.ply"}
						{VolumeView "mgun_a_rot1_lod1.ply"}
					}
					{bone revolute "part2"
						{parameters "id=body;"}
						{limits -13 50}
						{matrix34
							1 	 0 	 0
							0 	 0 	 1
							0 	 -1 	 0
							-2.101 	 -0.6267 	 1.6574
						}
						{LODView
							{VolumeView "part2.ply"}
							{VolumeView "part2_lod1.ply"}
						}
					}
				}
				{bone "hatch_right2"
					{parameters "id=body;"}
					{Position -0.002 	 -4.2812 	 0.997}
					{LODView
						{VolumeView "hatch_right2.ply"}
						{VolumeView "hatch_right2_lod1.ply"}
					}
				}
				{bone "hatch_right1"
					{parameters "id=body;"}
					{Position -0.002 	 4.3071 	 0.9928}
					{LODView
						{VolumeView "hatch_right1.ply"}
						{VolumeView "hatch_right1_lod1.ply"}
					}
				}
			}
			{bone "engine"
				{parameters "id=engine;"}
				{Position -40.7065 	 0.0592 	 2.4109}
				{LODView
					{VolumeView "engine.ply"}
					{VolumeView "engine_lod1.ply"}
				}
				{bone "part4"
					{parameters "id=engine;"}
					{Position -3.803 	 26.9307 	 10.5568}
					{VolumeView "part4.ply"}
				}
				{bone "part7"
					{parameters "id=shieldl2;"}
					{Position -26.1783 	 22.2926 	 0.8409}
					{VolumeView "part7.ply"}
				}
				{bone "part3"
					{parameters "id=engine;"}
					{matrix34
						1 	 0 	 0
						0 	 -0.5 	 0.866
						0 	 -0.866 	 -0.5
						16.0227 	 -6.6408 	 11.9318
					}
					{VolumeView "part3.ply"}
				}
			}
			{bone revolute "wheell8"
				{parameters "id=trackleft;radius=0.42;"}
				{matrix34
					1 	 0 	 0
					0 	 0 	 -1
					0 	 1 	 0
					-58.3319 	 24.5614 	 -4.219
				}
				{LODView
					{VolumeView "wheell8.ply"}
					{VolumeView "wheell8_lod1.ply"}
				}
			}
			{bone revolute "wheell10"
				{parameters "id=trackleft;radius=0.21;"}
				{matrix34
					0 	 0 	 1
					1 	 0 	 0
					0 	 1 	 0
					-4.8949 	 23.7765 	 -1.0108
				}
				{LODView
					{VolumeView "wheell10.ply"}
					{VolumeView "wheell10_lod1.ply"}
				}
			}
			{bone revolute "wheell11"
				{parameters "id=trackleft;radius=0.21;"}
				{matrix34
					1 	 0 	 0
					0 	 0 	 -1
					0 	 1 	 0
					30.3191 	 23.7765 	 -1.0108
				}
				{LODView
					{VolumeView "wheell10.ply"}
					{VolumeView "wheell10_lod1.ply"}
				}
			}
			{bone revolute "wheell1"
				{parameters "id=trackleft;radius=0.35;"}
				{matrix34
					0.866 	 0 	 -0.5
					-0.5 	 0 	 -0.866
					0 	 1 	 0
					53.3056 	 24.0996 	 -2.7796
				}
				{LODView
					{VolumeView "wheell4.ply"}
					{VolumeView "wheell4_lod1.ply"}
				}
			}
			{bone "lever_arm"
				{parameters "id=body;"}
				{Position 1.3872 	 0.0579 	 -9.8564}
				{LODView
					{VolumeView "lever_arm.ply"}
					{VolumeView "lever_arm_lod1.ply"}
				}
			}
			{bone revolute "wheelr8"
				{parameters "id=trackright;radius=0.42;"}
				{matrix34
					1 	 0 	 0
					0 	 0 	 -1
					0 	 1 	 0
					-58.3319 	 -23.5069 	 -4.219
				}
				{LODView
					{VolumeView "wheelr8.ply"}
					{VolumeView "wheelr8_lod1.ply"}
				}
			}
			{bone revolute "wheelr9"
				{parameters "id=trackright;radius=0.21;"}
				{matrix34
					0.866 	 0 	 0.5
					0.5 	 0 	 -0.866
					0 	 1 	 0
					-38.7956 	 -23.1734 	 -1.0108
				}
				{LODView
					{VolumeView "wheelr9.ply"}
					{VolumeView "wheelr9_lod1.ply"}
				}
			}
			{bone revolute "wheelr10"
				{parameters "id=trackright;radius=0.21;"}
				{matrix34
					-0.5 	 0 	 -0.866
					-0.866 	 0 	 0.5
					0 	 1 	 0
					-4.8949 	 -23.1734 	 -1.0108
				}
				{LODView
					{VolumeView "wheelr9.ply"}
					{VolumeView "wheelr9_lod1.ply"}
				}
			}
			{bone revolute "wheelr11"
				{parameters "id=trackright;radius=0.21;"}
				{matrix34
					1 	 0 	 0
					0 	 0 	 -1
					0 	 1 	 0
					30.3191 	 -23.1734 	 -1.0108
				}
				{LODView
					{VolumeView "wheelr9.ply"}
					{VolumeView "wheelr9_lod1.ply"}
				}
			}
			{bone revolute "part6"
				{parameters "id=trackright;radius=0.35;"}
				{matrix34
					0.5 	 0 	 -0.866
					-0.866 	 0 	 -0.5
					0 	 1 	 0
					53.3056 	 -23.9688 	 -2.7796
				}
				{VolumeView "wheelr5.ply"}
			}
		}
	}
}
{volume "armor1"
	{polyhedron "armor1.vol"}
	{bone "body"}
	{Position 47.9194 	 -4.7642 	 9.2452}
}
{volume "barrel"
	{cylinder 2.80493 85.9386}
	{bone "gun_rot"}
	{matrix34
		0 	 0 	 -1
		0 	 1 	 0
		1 	 0 	 0
		50.1193 	 0.1549 	 0.4454
	}
}
{volume "body1"
	{polyhedron "body1.vol"}
	{bone "body"}
	{matrix34
		-1 	 0 	 0
		0 	 0 	 1
		0 	 1 	 0
		21.7527 	 0.0595 	 -1.7372
	}
}
{volume "body2"
	{polyhedron "body2.vol"}
	{bone "body"}
	{matrix34
		-1 	 0 	 0
		0 	 0 	 1
		0 	 1 	 0
		15.0692 	 0.0592 	 18.3344
	}
}
{volume "body3"
	{polyhedron "body3.vol"}
	{bone "body"}
	{matrix34
		1 	 0 	 0
		0 	 0 	 1
		0 	 -1 	 0
		36.7883 	 0.0592 	 16.8916
	}
}
{volume "detail5"
	{cylinder 3.93701 20.6693}
	{bone "part4"}
	{matrix34
		-0.047 	 -0.9989 	 -0.0012
		0.0374 	 -0.003 	 0.9993
		-0.9982 	 0.0469 	 0.0375
		-1.5111 	 0.5489 	 0.0023
	}
}
{volume "engine1"
	{polyhedron "engine1.vol"}
	{bone "engine"}
	{matrix34
		-1 	 0 	 0
		0 	 0 	 1
		0 	 1 	 0
		62.4593 	 0.0003 	 -4.1481
	}
}
{volume "engine2"
	{polyhedron "engine2.vol"}
	{bone "engine"}
	{matrix34
		-1 	 0 	 0
		0 	 0 	 1
		0 	 1 	 0
		62.4593 	 0.0003 	 -4.1481
	}
}
{volume "hatch_right1"
	{polyhedron "hatch_right1.vol"}
	{bone "hatch_right1"}
	{matrix34
		-1 	 0 	 0
		0 	 -1 	 0
		0 	 0 	 1
		-0.3598 	 -4.2696 	 -0.4638
	}
}
{volume "hatch_right2"
	{polyhedron "hatch_right2.vol"}
	{bone "hatch_right2"}
	{matrix34
		-1 	 0 	 0
		0 	 -1 	 0
		0 	 0 	 1
		-0.3598 	 4.3187 	 -0.468
	}
}
{volume "mantlet"
	{polyhedron "mantlet.vol"}
	{bone "gun_rot"}
	{matrix34
		0 	 0 	 -1
		0 	 1 	 0
		1 	 0 	 0
		12.8589 	 0.4674 	 -0.3081
	}
}
{volume "part1"
	{box 11.1083 0.685827 12.1682}
	{bone "part1"}
	{matrix34
		-0.9344 	 -0.0001 	 0.3563
		0.3563 	 0.0052 	 0.9344
		-0.002 	 1 	 -0.0048
		-6.0567 	 -0.0059 	 1.5132
	}
}
{volume "part2"
	{box 22.3061 7.64855 3.70435}
	{bone "part2"}
	{matrix34
		-0.9908 	 0.1241 	 0.0539
		0.1349 	 0.8741 	 0.4666
		0.0108 	 0.4696 	 -0.8828
		6.3947 	 0.4631 	 0.3504
	}
}
{volume "part3"
	{box 19.164 1.9685 13.8267}
	{bone "part3"}
	{matrix34
		0.9995 	 0.0235 	 0.0196
		0.02 	 -0.0145 	 -0.9997
		-0.0232 	 0.9996 	 -0.0149
		0.1098 	 6.9405 	 0.2744
	}
}
{volume "shieldl2"
	{box 10.8268 14.5356 1.49977}
	{bone "part7"}
	{matrix34
		0.7579 	 0.0034 	 0.6524
		0 	 1 	 -0.0051
		-0.6524 	 0.0039 	 0.7579
		0.2853 	 0.0933 	 0.2201
	}
}
{volume "shieldr1"
	{polyhedron "shieldr1.vol"}
	{bone "part8"}
	{matrix34
		-1 	 0 	 0
		0 	 0 	 1
		0 	 1 	 0
		-0.2069 	 -7.1298 	 -0.211
	}
}
{volume "trackleft10"
	{cylinder 3.98327 5.70866}
	{bone "wheell10"}
	{matrix34
		0.5 	 -0.866 	 0
		0.866 	 0.5 	 0
		0 	 0 	 1
		0.0056 	 -0.0052 	 -0.3973
	}
}
{volume "trackleft11"
	{cylinder 3.98327 5.70866}
	{bone "wheell11"}
	{matrix34
		-1 	 0 	 0
		0 	 -1 	 0
		0 	 0 	 1
		-0.0069 	 -0.0055 	 -0.3972
	}
}
{volume "trackleft1"
	{cylinder 5.61024 5.90551}
	{bone "wheell1"}
	{matrix34
		-0.866 	 0.5 	 0
		-0.5 	 -0.866 	 0
		0 	 0 	 1
		-0.0044 	 -0.0075 	 -0.3338
	}
}
{volume "trackleft2"
	{cylinder 5.61024 5.90551}
	{bone "wheell2"}
	{matrix34
		-1 	 0 	 0
		0 	 -1 	 0
		0 	 0 	 1
		0 	 0.0013 	 0
	}
}
{volume "trackleft3"
	{cylinder 5.61024 5.90551}
	{bone "wheell3"}
	{matrix34
		0 	 -1 	 0
		1 	 0 	 0
		0 	 0 	 1
		-0.0011 	 0.0007 	 0
	}
}
{volume "trackleft4"
	{cylinder 5.61024 5.90551}
	{bone "wheell4"}
	{matrix34
		-1 	 0 	 0
		0 	 -1 	 0
		0 	 0 	 1
		0 	 0.0013 	 0
	}
}
{volume "trackleft5"
	{cylinder 5.61024 5.90551}
	{bone "wheell5"}
	{matrix34
		0 	 1 	 0
		-1 	 0 	 0
		0 	 0 	 1
		0.0011 	 0.0007 	 0
	}
}
{volume "trackleft6"
	{cylinder 5.61024 5.90551}
	{bone "part5"}
	{matrix34
		-0.4906 	 -0.8623 	 -0.1256
		-0.8714 	 0.4847 	 0.0764
		-0.005 	 0.1469 	 -0.9891
		-0.0006 	 0.3563 	 -0.7712
	}
}
{volume "trackleft7"
	{cylinder 5.61024 5.90551}
	{bone "wheell7"}
	{matrix34
		0.2588 	 -0.9659 	 0
		0.9659 	 0.2588 	 0
		0 	 0 	 1
		-0.0011 	 -0.0007 	 0
	}
}
{volume "trackleft8"
	{cylinder 7.87402 9.44882}
	{bone "wheell8"}
	{matrix34
		-1 	 0 	 0
		0 	 -1 	 0
		0 	 0 	 1
		0.0185 	 0.0016 	 -1.0123
	}
}
{volume "trackright10"
	{cylinder 3.98327 5.70866}
	{bone "wheelr10"}
	{matrix34
		0.5 	 0.866 	 0
		-0.866 	 0.5 	 0
		0 	 0 	 1
		-0.0012 	 0.009 	 -0.0716
	}
}
{volume "trackright11"
	{cylinder 3.98327 5.70866}
	{bone "wheelr11"}
	{matrix34
		-0.866 	 -0.5 	 0
		0.5 	 -0.866 	 0
		0 	 0 	 1
		-0.0069 	 -0.0055 	 -0.0716
	}
}
{volume "trackright1"
	{cylinder 5.61024 5.90551}
	{bone "part6"}
	{matrix34
		-0.9997 	 0.0255 	 0.0044
		0.0255 	 0.9997 	 -0.0027
		-0.0045 	 -0.0026 	 -1
		-0.0243 	 -0.0348 	 0.2011
	}
}
{volume "trackright2"
	{cylinder 5.61024 5.90551}
	{bone "wheelr2"}
	{matrix34
		-0.866 	 0.5 	 0
		-0.5 	 -0.866 	 0
		0 	 0 	 1
		0 	 0.0013 	 0
	}
}
{volume "trackright3"
	{cylinder 5.61024 5.90551}
	{bone "wheelr3"}
	{matrix34
		-0.866 	 0.5 	 0
		-0.5 	 -0.866 	 0
		0 	 0 	 1
		0.0011 	 0.0007 	 0
	}
}
{volume "trackright4"
	{cylinder 5.61024 5.90551}
	{bone "wheelr4"}
	{matrix34
		0.0127 	 0.5847 	 -0.8112
		-0.5847 	 0.6624 	 0.4683
		0.8112 	 0.4683 	 0.3502
		1.4756 	 0.9104 	 -2.7213
	}
}
{volume "trackright5"
	{cylinder 5.61024 5.90551}
	{bone "wheelr5"}
	{matrix34
		0.5 	 0.866 	 0
		-0.866 	 0.5 	 0
		0 	 0 	 1
		0 	 0.0013 	 0
	}
}
{volume "trackright6"
	{cylinder 5.61024 5.90551}
	{bone "wheelr6"}
	{matrix34
		-0.5 	 0.866 	 0
		-0.866 	 -0.5 	 0
		0 	 0 	 1
		-0.0011 	 0.0007 	 0
	}
}
{volume "trackright7"
	{cylinder 5.61024 5.90551}
	{bone "wheelr7"}
	{matrix34
		0.5 	 0.866 	 0
		-0.866 	 0.5 	 0
		0 	 0 	 1
		0.0011 	 -0.0006 	 0
	}
}
{volume "trackright8"
	{cylinder 7.87402 9.44882}
	{bone "wheelr8"}
	{matrix34
		-1 	 0 	 0
		0 	 -1 	 0
		0 	 0 	 1
		0.0185 	 0.0016 	 0.039
	}
}
{volume "trackright9"
	{cylinder 3.98327 5.70866}
	{bone "wheelr9"}
	{matrix34
		0.5 	 -0.866 	 0
		0.866 	 0.5 	 0
		0 	 0 	 1
		0.0711 	 0.0346 	 -0.0716
	}
}
