;Exported by: misan
;Date:        Wed Nov 16 06:56:29 2022
;File:        D:\Cold War\ModelWIP\USSR\BTR 50\BTR-50PK_xx.max
{Skeleton
	{bone "basis"
		{Orientation
			1	0	0
			0	-1	0
			0	0	1
		}
		{bone "body"
			{parameters "id=body;"}
			{Position 0	0	16.4773}
			{VolumeView "body.ply"}
			{bone "commander_rot"
				{parameters "id=body;"}
				{Position 42.5841	14.8707	22.1086}
				{VolumeView "commander_rot.ply"}
				{bone "cover"
					{parameters "id=body;"}
					{Matrix34
						-0.819152	0	-0.573576
						0	1	0
						0.573576	0	-0.819152
						5.37241	0	2.89187
					}
					{VolumeView "cover.ply"}
				}
			}
			{bone "backhinge"
				{parameters "id=body;"}
				{Position -7.42868	0.150949	17.2363}
				{VolumeView "backhinge.ply"}
			}
			{bone revolute "wheelr1"
				{parameters "id=trackright;radius=0.18;"}
				{Matrix34
					-1	0	0
					0	0	1
					0	1	0
					52.1946	-27.5901	-6.65842
				}
				{VolumeView "wheelr1.ply"}
			}
			{bone revolute "wheelr8"
				{parameters "id=trackright;radius=0.24;"}
				{Matrix34
					-1	0	0
					0	0	1
					0	1	0
					-52.337	-27.0019	-7.28826
				}
				{VolumeView "wheelr8.ply"}
			}
			{bone "fxsmoke1"
				{Matrix34
					0	0.866025	0.5
					-1	0	0
					0	-0.5	0.866025
					-23.713	25.6377	16.1809
				}
			}
			{bone "fxfire5"
				{Position 19.8138	1.19934	-5.28125}
			}
			{bone "seats"
				{parameters "id=body;"}
				{Position 15.1464	-0.639395	-0.196741}
				{VolumeView "seats.ply"}
				{bone "seat01"
					{Matrix34
						0	-1	0
						1	0	0
						0	0	1
						17.6055	-8.92729	2.49572
					}
				}
				{bone "seat02"
					{Matrix34
						0	-1	0
						1	0	0
						0	0	1
						6.89153	-8.92729	2.49572
					}
				}
				{bone "seat03"
					{Matrix34
						0	-1	0
						1	0	0
						0	0	1
						-3.83623	-8.92729	2.49572
					}
				}
				{bone "seat04"
					{Matrix34
						0	-1	0
						1	0	0
						0	0	1
						-15.1753	-8.92729	2.49572
					}
				}
				{bone "seat05"
					{Matrix34
						0	1	0
						-1	0	0
						0	0	1
						17.6055	-3.51656	2.49572
					}
				}
				{bone "seat06"
					{Matrix34
						0	1	0
						-1	0	0
						0	0	1
						6.89153	-3.51656	2.49572
					}
				}
				{bone "seat07"
					{Matrix34
						0	1	0
						-1	0	0
						0	0	1
						-3.83623	-3.51656	2.49572
					}
				}
				{bone "seat08"
					{Matrix34
						0	1	0
						-1	0	0
						0	0	1
						-15.1753	-3.51656	2.49572
					}
				}
				{bone "seat09"
					{Matrix34
						0	1	0
						-1	0	0
						0	0	1
						9.40306	9.81943	2.49572
					}
				}
				{bone "seat10"
					{Matrix34
						0	-1	0
						1	0	0
						0	0	1
						-1.3247	9.81943	2.49572
					}
				}
				{bone "seat11"
					{Matrix34
						0	1	0
						-1	0	0
						0	0	1
						-12.6638	9.81943	2.49572
					}
				}
			}
			{bone "visor2"
				{Position 55.4224	-0.0333221	13.0829}
			}
			{bone "commander"
				{Matrix34
					0.707107	0.707107	0
					-0.707107	0.707107	0
					0	0	1
					41.1789	14.2566	-0.338554
				}
			}
			{bone "driver"
				{Matrix34
					0	-1	0
					1	0	0
					0	0	1
					43.9894	1.46663	-2.95344
				}
			}
			{bone "fxfire1"
				{Position -21.5451	13.6492	13.2058}
			}
			{bone "visor1"
				{Position 51.0083	14.9573	21.5641}
			}
			{bone "engine"
				{parameters "id=engine;"}
				{Position -26.1613	0.104917	15.4598}
				{VolumeView "engine.ply"}
			}
			{bone revolute "wheell8"
				{parameters "id=trackleft;radius=0.24;"}
				{Matrix34
					-0.941887	0.2929	0.164496
					0.191743	0.0666783	0.979177
					0.275833	0.953815	-0.118965
					-52.337	27.7081	-7.28826
				}
				{VolumeView "wheell8.ply"}
			}
			{bone revolute "wheell1"
				{parameters "id=trackleft;radius=0.18;"}
				{Matrix34
					-1	0	0
					0	0	1
					0	1	0
					52.1946	27.6724	-6.65842
				}
				{VolumeView "wheell1.ply"}
			}
			{bone "door_front"
				{parameters "id=body;"}
				{Matrix34
					-0.999574	0	0.029192
					0	1	0
					-0.029192	0	-0.999574
					42.1061	-9.67774	26.0947
				}
				{VolumeView "door_front.ply"}
			}
			{bone "door_right"
				{parameters "id=body;"}
				{Matrix34
					-0.42101	0.902859	-0.0871559
					0.0368335	-0.0789901	-0.996195
					-0.906308	-0.422618	0
					8.21171	-8.32649	27.155
				}
				{VolumeView "door_right.ply"}
			}
			{bone "door_left"
				{parameters "id=body;"}
				{Matrix34
					0	-0.965926	-0.258819
					0	0.258819	-0.965926
					1	0	0
					10.5071	13.2237	27.155
				}
				{VolumeView "door_left.ply"}
			}
			{bone "mgun_mount"
				{parameters "id=body;"}
				{Position 28.0304	-0.737386	26.7707}
				{VolumeView "mgun_mount.ply"}
				{bone revolute "turret_mgun"
					{Position -0.217171	0.12402	0.452568}
					{bone "gunner2"
						{Position -13.7957	0.0334939	4.8147}
					}
					{bone revolute "mgun_rot"
						{Position 0.0217457	0.0622867	0.102901}
						{VolumeView "mgun_rot.ply"}
						{bone revolute "mgun"
							{Matrix34
								1	0	0
								0	0	1
								0	-1	0
								-1.53564	-0.186306	4.74747
							}
							{VolumeView "mgun.ply"}
						}
					}
				}
			}
			{bone "link2"
				{Matrix34
					-1	0	0
					0	-1	0
					0	0	1
					-68.8133	0	2.71024
				}
			}
			{bone revolute "wheell2"
				{parameters "id=trackleft;radius=0.24;"}
				{Matrix34
					-0.980458	0.173364	-0.0929873
					-0.124403	-0.180205	0.975731
					0.1524	0.968231	0.198251
					36.4969	27.7042	-9.30437
				}
				{VolumeView "wheell2.ply"}
			}
			{bone revolute "wheell3"
				{parameters "id=trackleft;radius=0.24;"}
				{Matrix34
					-0.945606	-0.307568	0.105973
					0.0380601	0.218924	0.974999
					-0.323079	0.925999	-0.19531
					20.9939	27.7042	-9.30437
				}
				{VolumeView "wheell3.ply"}
			}
			{bone revolute "wheell4"
				{parameters "id=trackleft;radius=0.24;"}
				{Matrix34
					-0.947278	0.239565	-0.212775
					-0.2867	-0.337227	0.896706
					0.143066	0.910432	0.388131
					5.43726	27.7042	-9.30437
				}
				{VolumeView "wheell4.ply"}
			}
			{bone revolute "wheell5"
				{parameters "id=trackleft;radius=0.24;"}
				{Matrix34
					-0.947937	-0.274163	0.162017
					0.0842049	0.274862	0.957789
					-0.307122	0.921567	-0.237467
					-10.4285	27.7042	-9.30437
				}
				{VolumeView "wheell5.ply"}
			}
			{bone revolute "wheell6"
				{parameters "id=trackleft;radius=0.24;"}
				{Matrix34
					-0.961768	0.225872	-0.15487
					-0.214838	-0.271549	0.93814
					0.169845	0.935544	0.309693
					-24.4728	27.7042	-9.30437
				}
				{VolumeView "wheell6.ply"}
			}
			{bone revolute "wheell7"
				{parameters "id=trackleft;radius=0.24;"}
				{Matrix34
					-0.978569	-0.110156	0.173981
					0.143102	0.243754	0.959222
					-0.148073	0.963561	-0.222766
					-39.7781	27.7042	-9.30437
				}
				{VolumeView "wheell7.ply"}
			}
			{bone revolute "wheelr2"
				{parameters "id=trackright;radius=0.24;"}
				{Matrix34
					-0.966898	-0.238492	-0.090721
					-0.158344	0.282013	0.946254
					-0.200089	0.929296	-0.310441
					36.4969	-27.259	-9.30436
				}
				{VolumeView "wheelr2.ply"}
			}
			{bone revolute "wheelr3"
				{parameters "id=trackright;radius=0.24;"}
				{Matrix34
					-0.978805	0.199194	0.0475629
					0.0151486	-0.161189	0.986807
					0.204233	0.966613	0.154755
					20.9939	-27.259	-9.30436
				}
				{VolumeView "wheelr3.ply"}
			}
			{bone revolute "wheelr5"
				{parameters "id=trackright;radius=0.24;"}
				{Matrix34
					-0.934655	-0.353365	0.0394139
					-0.0334492	0.197746	0.979682
					-0.353979	0.914347	-0.196645
					-10.4285	-27.259	-9.30436
				}
				{VolumeView "wheelr5.ply"}
			}
			{bone revolute "wheelr6"
				{parameters "id=trackright;radius=0.24;"}
				{Matrix34
					-0.916198	0.391126	0.0871915
					-0.0255095	-0.274068	0.961372
					0.399914	0.878583	0.261078
					-24.4728	-27.259	-9.30436
				}
				{VolumeView "wheelr6.ply"}
			}
			{bone revolute "wheelr7"
				{parameters "id=trackright;radius=0.24;"}
				{Matrix34
					-0.980471	-0.19565	-0.0199148
					-0.0509793	0.155052	0.98659
					-0.189939	0.968339	-0.161998
					-39.7781	-27.259	-9.30436
				}
				{VolumeView "wheelr7.ply"}
			}
		}
		{bone "wheelsl"
			{Position 0	0	17.3843}
			{VolumeView "wheelsl.ply"}
			{bone "trackl"
				{parameters "id=trackleft;"}
				{Position -0.0376587	27.4429	-9.38816}
				{VolumeView "trackl.ply"}
			}
		}
		{bone "wheelsr"
			{Position 0	0	17.3843}
			{VolumeView "wheelsr.ply"}
			{bone "trackr"
				{parameters "id=trackright;"}
				{Position -0.0349426	-26.4209	-9.37606}
				{VolumeView "trackr.ply"}
			}
		}
		{bone "emit2"
			{Matrix34
				0	1	0
				-1	0	0
				0	0	1
				36.9091	-48.0339	0
			}
		}
		{bone "emit4"
			{Matrix34
				0	1	0
				-1	0	0
				0	0	1
				3.39951	-52.8549	0
			}
		}
		{bone "emit1"
			{Matrix34
				0	-1	0
				1	0	0
				0	0	1
				33.484	52.1753	0
			}
		}
		{bone "emit3"
			{Matrix34
				0	-1	0
				1	0	0
				0	0	1
				4.46661	55.6214	0
			}
		}
	}
}
{Volume "body1"
	{Polyhedron "body1.vol"}
	{Bone "body"}
	{Matrix34
		0	-1	0
		0	0	1
		-1	0	0
		3.04773	-0.160806	-2.24367
	}
}
{Volume "body2"
	{Polyhedron "body2.vol"}
	{Bone "body"}
	{Matrix34
		0	-1	0
		0	0	1
		-1	0	0
		63.6102	-0.160796	9.76146
	}
}
{Volume "body3"
	{Polyhedron "body3.vol"}
	{Bone "body"}
	{Matrix34
		0	-1	0
		0	0	1
		-1	0	0
		44.2533	-0.160796	9.76146
	}
}
{Volume "body4"
	{Polyhedron "body4.vol"}
	{Bone "body"}
	{Position -25.2379	1.09381	3.60204}
}
{Volume "engine"
	{Box 20.591 39.3915 17.3084}
	{Bone "engine"}
	{Position 1.9129	0.698503	-10.8209}
}
{Volume "fuel"
	{Box 5.6974 38.8267 13.0829}
	{Bone "body"}
	{Position -9.60567	0.107152	3.10771}
}
{Volume "ram"
	{Polyhedron "ram.vol"}
	{Bone "body"}
	{Matrix34
		0	-1	0
		0	0	1
		-1	0	0
		74.9774	-0.384241	3.72529
	}
}
{Volume "trackleft"
	{Polyhedron "trackleft.vol"}
	{Bone "wheelsl"}
	{Matrix34
		1	0	0
		0	0	1
		0	-1	0
		-1.33756	30.5285	-10.1392
	}
}
{Volume "trackright"
	{Polyhedron "trackright.vol"}
	{Bone "wheelsr"}
	{Matrix34
		1	0	0
		0	0	1
		0	-1	0
		-1.33756	-23.3658	-10.1392
	}
}
{Volume "transmission"
	{Cylinder 4.25452 40.383}
	{Bone "body"}
	{Matrix34
		1	0	0
		0	0	1
		0	-1	0
		-50.7318	0	-4.41645
	}
}
