;Exported by: pk
;Date:        Mon Feb 25 22:07:50 2019
;File:        E:\Chris models\mi4\mil_mi4_xx_export.max
{Skeleton
	{bone "basis"
		{Orientation
			1	0	0
			0	-1	0
			0	0	1
		}
		{bone "pivot_back"
			{Position -17.5103	0	15.1956}
			{bone revolute "wheelr2"
				{parameters "ID=wheelr2;Radius=0.34;support;"}
				{Matrix34
					1	0	0
					0	-0.173179	0.98489
					0	-0.98489	-0.173179
					0	-37.574	-8.46575
				}
				{VolumeView "wheelr2.ply"}
			}
			{bone revolute "wheell2"
				{parameters "ID=wheell2;Radius=0.34;support;"}
				{Matrix34
					-0.999878	-0.0155964	0
					-0.00296435	0.190043	0.981771
					-0.0153121	0.981652	-0.190067
					0	37.6125	-8.46573
				}
				{VolumeView "wheell2.ply"}
			}
		}
		{bone "pivot_front"
			{Position 56.9488	0	9.58093}
			{bone revolute "wheelr1"
				{parameters "ID=wheel1;Radius=0.2;support;"}
				{Position 0	-14.7771	-5.71454}
				{VolumeView "wheelr1.ply"}
			}
			{bone revolute "wheell1"
				{parameters "ID=wheell1;Radius=0.2;support;"}
				{Position 0	14.8157	-5.71454}
				{VolumeView "wheell1.ply"}
			}
		}
		{bone "body"
			{parameters "id=body;"}
			{Position -1.59413	0.0343208	44.4267}
			{VolumeView "body.ply"}
			{bone "doorback1"
				{parameters "id=body;"}
				{Matrix34
					0.999237	0.00108924	0.0390521
					0.00108982	0.998445	-0.0557342
					-0.0390521	0.0557342	0.997682
					-45.494	19.631	-12.2056
				}
				{VolumeView "doorback1.ply"}
			}
			{bone "doorback2"
				{parameters "id=body;"}
				{Matrix34
					0.999237	0.00108128	0.0390507
					-0.00325824	0.998441	0.0557267
					-0.0389295	-0.0558114	0.997682
					-45.494	-19.6997	-12.2056
				}
				{VolumeView "doorback2.ply"}
			}
			{bone "doorleft"
				{parameters "id=body;"}
				{Matrix34
					-0.641561	0.765898	-0.0424225
					-0.766723	-0.641956	0.00536052
					-0.0231277	0.0359654	0.999085
					-36.5185	19.6951	-10.7789
				}
				{VolumeView "doorleft.ply"}
			}
			{bone "engine"
				{parameters "id=engine;"}
				{Position 38.9306	-0.0150738	0.303955}
				{VolumeView "engine.ply"}
				{bone "rotor"
					{parameters "id=rotor;"}
					{Matrix34
						0.882687	0.435855	-0.17577
						-0.394353	0.890365	0.227455
						0.255637	-0.131456	0.957794
						-37.4667	-0.0192471	37.0305
					}
					{VolumeView "rotor.ply"}
					{bone "propeller"
						{parameters "ID=propeller;"}
						{VolumeView "propeller.ply"}
					}
					{bone "propeller1"
						{parameters "ID=propeller1;"}
						{VolumeView "propeller1.ply"}
					}
					{bone "propeller2"
						{parameters "ID=propeller2;"}
						{VolumeView "propeller2.ply"}
					}
					{bone "propeller3"
						{parameters "ID=propeller3;"}
						{VolumeView "propeller3.ply"}
					}
					{bone "engine_work"
						{Matrix34
							0.865378	-0.501121	0
							0.501121	0.865377	0
							0	0	1
							0	-3.05176e-005	6.1308
						}
						{visibility 0}
						{VolumeView "engine_work.ply"}
					}
				}
				{bone "rotor_b"
					{parameters "Id=rotor_b;"}
					{Matrix34
						0	1	0
						0	0	1
						1	0	0
						-287.905	-11.0262	41.3774
					}
					{VolumeView "rotor_b.ply"}
					{bone "propeller_b1"
						{parameters "ID=propeller_b1;"}
						{Orientation
							0	0	1
							0	1	0
							-1	0	0
						}
						{VolumeView "propeller_b1.ply"}
					}
					{bone "propeller_b2"
						{parameters "ID=propeller_b2;"}
						{Orientation
							0	0	1
							0	1	0
							-1	0	0
						}
						{VolumeView "propeller_b2.ply"}
					}
					{bone "propeller_b"
						{parameters "ID=propeller_b;"}
						{Orientation
							0	0	1
							0	1	0
							-1	0	0
						}
						{VolumeView "propeller_b.ply"}
					}
					{bone "rotor_work"
						{Matrix34
							0	0.824975	-0.565169
							0	-0.565169	-0.824975
							-1	0	0
							-3.09715	0	0
						}
						{visibility 0}
						{VolumeView "rotor_work.ply"}
					}
				}
			}
			{bone "gun_rot1"
				{Matrix34
					0.99618	-0.0327009	0.0809717
					-0.081015	0	0.996713
					-0.0325934	-0.999465	-0.00264956
					50.8748	-0.0347296	-33.7488
				}
				{VolumeView "gun_rot1.ply"}
			}
			{bone "windowl"
				{parameters "id=body;"}
				{Matrix34
					0.999328	-0.0174456	0.0322448
					0.0174365	0.999848	0.000562617
					-0.0322497	0	0.99948
					29.5247	16.6651	9.24359
				}
				{VolumeView "windowl.ply"}
			}
			{bone "windowr"
				{parameters "id=body;"}
				{Matrix34
					0.999543	0	0.0302254
					0	1	0
					-0.0302254	0	0.999543
					29.5247	-17.5045	9.24361
				}
				{VolumeView "windowr.ply"}
			}
		}
	}
}
{Obstacle "body1"
	{Obb2
		{Center -160.128 0.126928}
		{Extent 75.1304 10.1586}
		{Axis 1 0}
	}
	{Rotate}
	{Rotate}
}
{Obstacle "body2"
	{Obb2
		{Center -235.291 0.126932}
		{Extent 15.5535 4.43931}
		{Axis 1 0}
	}
	{Rotate}
	{Rotate}
}
{Obstacle "body3"
	{Obb2
		{Center 74.2637 0.126932}
		{Extent 4.93049 16.2199}
		{Axis 1 0}
	}
	{Rotate}
	{Rotate}
}
{Obstacle "body4"
	{Obb2
		{Center -19.4088 0.953665}
		{Extent 65.929 23.0166}
		{Axis 1 0}
	}
	{Rotate}
	{Rotate}
}
{Obstacle "body"
	{Obb2
		{Center 56.1371 0.47723}
		{Extent 13.2923 22.5403}
		{Axis 1 0}
	}
	{Rotate}
	{Rotate}
}
{Volume "body1"
	{Polyhedron "body1.vol"}
	{Bone "body"}
	{Position -193.944	-0.16125	5.98811}
}
{Volume "body2"
	{Polyhedron "body2.vol"}
	{Bone "body"}
	{Matrix34
		0.78215	0	-0.623091
		0	1	0
		0.623091	0	0.78215
		-238.082	-0.161253	22.5071
	}
}
{Volume "body3"
	{Polyhedron "body3.vol"}
	{Bone "body"}
	{Position 78.6532	-0.161253	-15.6902}
}
{Volume "body4"
	{Polyhedron "body4.vol"}
	{Bone "body"}
	{Position 3.78009	-0.161253	-25.8846}
}
{Volume "body5"
	{Box 41.1455 18.2369 11.1134}
	{Bone "body"}
	{Matrix34
		0.999727	0	0.0233548
		0	1	0
		-0.0233548	0	0.999727
		32.0509	0	-29.2165
	}
}
{Volume "body"
	{Polyhedron "body.vol"}
	{Bone "body"}
	{Position 3.78009	-0.161253	-25.8846}
}
{Volume "engine"
	{Box 15.904 51.6382 11.6371}
	{Bone "engine"}
	{Position -0.0117188	0.0150738	0.362015}
}
{Volume "propeller1"
	{Box 14.1778 191.877 2.31076}
	{Bone "propeller1"}
	{Matrix34
		-0.00655326	0.999979	0
		-0.999979	-0.00655341	0
		0	0	1
		110.22	4.30197	5.14697
	}
}
{Volume "propeller2"
	{Box 14.1778 191.877 2.31076}
	{Bone "propeller2"}
	{Position 4.30828	-110.223	5.14697}
}
{Volume "propeller3"
	{Box 14.1778 191.877 2.31076}
	{Bone "propeller3"}
	{Matrix34
		-0.011751	0.999931	0
		-0.999931	-0.0117511	0
		0	0	1
		-110.217	-4.31096	5.14697
	}
}
{Volume "propeller4"
	{Box 14.1778 191.877 2.31076}
	{Bone "propeller"}
	{Position -4.30465	110.214	5.14697}
}
{Volume "propeller_b1"
	{Box 8.50671 31.099 2.31076}
	{Bone "propeller_b1"}
	{Matrix34
		0.877805	-0.479019	0
		0.479019	0.877805	0
		0	0	1
		8.41556	18.3074	2.14345
	}
}
{Volume "propeller_b2"
	{Box 8.50671 31.099 2.31076}
	{Bone "propeller_b2"}
	{Matrix34
		-0.0294319	0.999567	0
		-0.999567	-0.0294315	0
		0	0	1
		-20.1881	-2.33038	2.14345
	}
}
{Volume "propeller_b"
	{Box 8.50671 31.099 2.31076}
	{Bone "propeller_b"}
	{Matrix34
		0.848375	0.529397	0
		-0.529398	0.848374	0
		0	0	1
		11.6163	-16.581	2.14343
	}
}
{Volume "rotor_b"
	{Box 11.811 11.811 6.05407}
	{Bone "rotor_b"}
	{Matrix34
		0	0	1
		0	1	0
		-1	0	0
		-3.02703	0	-3.05176e-005
	}
}
{Volume "rotor"
	{Box 19.685 19.685 17.622}
	{Bone "rotor"}
	{Position 0.0019233	-0.0045166	3.6782}
}
{Volume "wheell1"
	{Cylinder 4.05512 2.77559}
	{Bone "wheell1"}
	{Matrix34
		1	0	0
		0	0	1
		0	-1	0
		0	0.0185624	0
	}
}
{Volume "wheell2"
	{Cylinder 7.15245 6.74789}
	{Bone "wheell2"}
	{Matrix34
		-0.999878	-0.00296447	-0.0153122
		0	0.981771	-0.190067
		0.0155965	-0.190044	-0.981652
		-0.000671528	0.125539	0.0194564
	}
}
{Volume "wheelr1"
	{Cylinder 4.05044 2.77675}
	{Bone "wheelr1"}
	{Matrix34
		1	0	0
		0	0	1
		0	-1	0
		0	-0.0187527	0
	}
}
{Volume "wheelr2"
	{Cylinder 7.15245 6.74789}
	{Bone "wheelr2"}
	{Matrix34
		1	0	0
		0	0.98489	-0.173179
		0	0.173179	0.98489
		-0.00357246	0.114987	-0.0271187
	}
}
