;Exported by: misan
;Date:        Wed Jul 17 18:11:27 2024
;File:        D:\Cold War\ModelWIP\USSR\Zu-23 MoWV\Zu-23 Vigilante.max
{Skeleton
	{bone "basis"
		{parameters "WheelRadius=0.3;"}
		{Orientation
			1	0	0
			0	-1	0
			0	0	1
		}
		{bone "driver2"
			{Position -14.7035	-23.8357	0}
		}
		{bone "driver1"
			{Position -14.6787	22.5061	0}
		}
		{bone "body"
			{parameters "id=body;"}
			{Position -1.34055	0.0514336	-0.0250225}
			{VolumeView "body.ply"}
			{bone "arm_r"
				{parameters "id=body;"}
				{Matrix34
					0.785896	0.618117	0.017263
					-0.582775	0.73105	0.35488
					0.206737	-0.288959	0.934752
					-6.06146	-16.431	5.73685
				}
				{VolumeView "arm_r.ply"}
				{bone prizmatic "suspension_r"
					{Matrix34
						-0.206737	-0.582775	0.785896
						0.28896	0.731049	0.618117
						-0.934752	0.35488	0.0172631
						2.5693	-7.08021	3.36742
					}
					{bone revolute "wheelright"
						{parameters "id=body;"}
						{Matrix34
							1	0	0
							0	0	-1
							0	1	0
							0.00479507	-0.184953	0.0114155
						}
						{VolumeView "wheelright.ply"}
					}
				}
			}
			{bone "arm_l"
				{parameters "id=body;"}
				{Matrix34
					0.777146	-0.629321	0
					0.587521	0.725528	-0.358368
					0.225529	0.278504	0.93358
					-6.06146	16.4397	5.73685
				}
				{VolumeView "arm_l.ply"}
				{bone prizmatic "suspension_l"
					{Matrix34
						-0.225529	0.587521	0.777146
						-0.278504	0.725528	-0.629321
						-0.93358	-0.358368	0
						2.45534	7.15438	3.33507
					}
					{bone revolute "wheelleft"
						{parameters "id=body;"}
						{Matrix34
							1	0	0
							0	0	-1
							0	1	0
							0.0477524	0.101191	0.0437031
						}
						{VolumeView "wheelleft.ply"}
					}
				}
			}
			{bone "foot1"
				{parameters "id=body;"}
				{Position 18.1987	0	1.83757}
				{VolumeView "foot1.ply"}
			}
			{bone "foot2"
				{parameters "id=body;"}
				{Position -15.0475	-15.977	1.83757}
				{VolumeView "foot2.ply"}
			}
			{bone "foot3"
				{parameters "id=body;"}
				{Position -15.0475	15.977	1.83757}
				{VolumeView "foot3.ply"}
			}
			{bone revolute "turret"
				{parameters "id=body;"}
				{Position -2.3035	0	6.65729}
				{VolumeView "turret.ply"}
				{bone revolute "gun_rot"
					{parameters "id=gun;"}
					{Matrix34
						1	0	0
						0	0	1
						0	-1	0
						5.07409	0	8.84769
					}
					{VolumeView "gun_rot.ply"}
					{bone "magazine1"
						{parameters "id=gun;"}
						{Matrix34
							1	0	0
							0	0	-1
							0	1	0
							1.33613	2.58106	9.80223
						}
						{VolumeView "magazine1.ply"}
					}
					{bone "magazine2"
						{parameters "id=gun;"}
						{Matrix34
							1	0	0
							0	0	-1
							0	1	0
							1.33613	2.58106	-9.80224
						}
						{VolumeView "magazine2.ply"}
					}
					{bone "gun2"
						{parameters "id=gun;"}
						{Matrix34
							1	0	0
							0	0	-1
							0	1	0
							27.6103	0.631965	2.10847
						}
						{VolumeView "gun2.ply"}
						{bone "shooter01"
							{Position 16.3138	0.201383	-0.456272}
						}
					}
					{bone "gun1"
						{parameters "id=gun;"}
						{Matrix34
							1	0	0
							0	0	-1
							0	1	0
							27.6103	0.631965	-2.10849
						}
						{VolumeView "gun1.ply"}
						{bone "shooter00"
							{Position 16.3138	-0.168139	-0.456272}
						}
					}
					{bone "foresight1"
						{Matrix34
							1	0	0
							0	0	-1
							0	1	0
							43.8877	0.175693	0.0514336
						}
					}
					{bone "fxshell1"
						{Matrix34
							0.207912	0	-0.978148
							0	1	0
							0.978148	0	0.207912
							6.62593	-4.90501	-2.98179
						}
					}
					{bone "fxshell2"
						{Matrix34
							0.207911	0	0.978148
							0	1	0
							-0.978148	0	0.207911
							6.62593	-4.90501	3.15829
						}
					}
				}
				{bone "detail1"
					{parameters "id=body;"}
					{VolumeView "detail1.ply"}
				}
				{bone "commander"
					{Position -10.8466	-7.7344	3.77213}
				}
				{bone "gunner"
					{Position -10.8466	7.76796	3.77213}
				}
				{bone "seat2"
					{Position -10.8466	-7.7344	3.80582}
				}
				{bone "seat1"
					{Position -10.8466	7.76796	3.80582}
				}
				{bone "visor2"
					{Position -1.75255	-10.6304	14.5687}
				}
				{bone "visor1"
					{Position -1.75255	5.1755	17.4881}
				}
				{bone "hose"
					{parameters "id=gun;"}
					{Matrix34
						1	0	0
						0	0	1
						0	-1	0
						6.16565	-2.06929	14.936
					}
					{VolumeView "hose.ply"}
				}
				{bone "hydraulic"
					{parameters "id=body;"}
					{Position 2.81169	0	7.76422}
					{VolumeView "hydraulic.ply"}
				}
			}
			{bone "link1"
				{Matrix34
					-1	0	0
					0	-1	0
					0	0	1
					-45.3327	-0.0514334	10.2038
				}
			}
		}
		{bone "emit2"
			{Matrix34
				0.374607	0.927184	0
				-0.927184	0.374607	0
				0	0	1
				-19.0267	-27.9538	0
			}
		}
		{bone "emit1"
			{Matrix34
				0.529919	-0.848048	0
				0.848048	0.529919	0
				0	0	1
				-22.6665	27.6738	0
			}
		}
	}
}
{Area "obstacle"
	{Obb2
		{Center -4.06176 0.129789}
		{Extent 16.6309 21.6818}
		{Axis -1 0}
	}
}
{Volume "body"
	{Polyhedron "body.vol"}
	{Bone "body"}
	{Position -0.00141859	0.0410984	4.95165}
}
{Volume "gun1"
	{Cylinder 0.918394 52.8705}
	{Bone "gun2"}
	{Matrix34
		0	-1	0
		0	0	1
		-1	0	0
		-10.3191	0.0728822	-0.518645
	}
}
{Volume "gun2"
	{Cylinder 0.918394 52.8705}
	{Bone "gun1"}
	{Matrix34
		0	-1	0
		0	0	1
		-1	0	0
		-10.3191	-0.233559	-0.518645
	}
}