;Exported by: A
;Date:        Thu Oct 10 22:03:11 2019
;File:        D:\Cold War\Models\WiW Vietnam\Source\m151\m151_xx_v1.max
{Skeleton
	{bone "basis"
		{parameters "SteerMax=35;WheelRadius=0.2;"}
		{Orientation
			1	0	0
			0	-1	0
			0	0	1
		}
		{bone "body"
			{parameters "ID=body;"}
			{Position 0.836101	2.05457	13.8583}
			{VolumeView "body.ply"}
			{bone revolute "steerrudder"
				{parameters "ID=body;WheelRadius=0.2;"}
				{Matrix34
					0.610008	-0.0357066	0.79159
					-4.42751e-05	0.998983	0.0450956
					-0.792395	-0.0275437	0.609386
					6.93062	6.63958	5.93661
				}
				{VolumeView "steerrudder.ply"}
			}
			{bone "engine"
				{parameters "ID=engine;"}
				{Matrix34
					0.998978	0.00208219	-0.0451424
					-4.43964e-05	0.998983	0.0450956
					0.0451903	-0.0450475	0.997962
					19.1939	-1.66624	0.263416
				}
				{VolumeView "engine.ply"}
			}
			{bone "fxfire1"
				{Matrix34
					-0.998978	-0.0020818	0.0451426
					4.39864e-05	-0.998983	-0.0450959
					0.0451905	-0.0450478	0.997962
					17.7974	-2.18466	3.98762
				}
			}
			{bone "rama"
				{parameters "ID=body;"}
				{Matrix34
					0.214904	0.0440515	-0.975641
					-4.43757e-05	0.998983	0.0450956
					0.976635	-0.00964794	0.214688
					8.92607	-2.31916	6.95824
				}
				{VolumeView "rama.ply"}
			}
			{bone "part3"
				{Matrix34
					0.998978	0.00208219	-0.0451424
					-4.43961e-05	0.998983	0.0450956
					0.0451904	-0.0450475	0.997962
					21.7901	-1.66624	2.11802
				}
				{VolumeView "part3.ply"}
			}
			{bone "part1"
				{Matrix34
					0.995238	0	-0.0974794
					0	1	0
					0.0974794	0	0.995238
					-5.07071	6.73093	4.48884
				}
				{VolumeView "part1.ply"}
			}
			{bone "part2"
				{Position -2.57522	-4.6716	1.0428}
				{VolumeView "part2.ply"}
			}
		}
		{bone "pivot_front"
			{Position 22.9458	0	0}
			{bone revolute "steer_r"
				{parameters "ID=body;"}
				{Matrix34
					1	0	0
					0	-1	0
					0	0	-1
					0.474918	-13.1143	7.03308
				}
				{VolumeView "steer_r.ply"}
				{bone revolute "wheelr1"
					{parameters "ID=wheelright1;"}
					{Matrix34
						1	0	0
						0	0	1
						0	-1	0
						-0.0348969	0.527451	0.223975
					}
					{VolumeView "wheelr1.ply"}
				}
			}
			{bone revolute "steer_l"
				{parameters "ID=body;"}
				{Matrix34
					1	0	0
					0	-1	0
					0	0	-1
					0.474911	13.1172	7.50351
				}
				{VolumeView "steer_l.ply"}
				{bone revolute "wheell1"
					{parameters "ID=wheelleft1;"}
					{Matrix34
						1	0	0
						0	0	1
						0	-1	0
						-0.0348892	-0.524507	0.223982
					}
					{VolumeView "wheell1.ply"}
				}
			}
		}
		{bone "pivot_back"
			{Position -20.2284	0	0}
			{bone "spring_l"
				{Position 0.772633	10.6809	7.18984}
				{bone revolute "wheell2"
					{parameters "ID=wheelleft2;"}
					{Matrix34
						1	0	0
						0	0	-1
						0	1	0
						0.22702	2.96454	0.625119
					}
					{VolumeView "wheell2.ply"}
				}
			}
			{bone "spring_r"
				{Position 1.0485	-10.653	7.18984}
				{bone revolute "wheelr2"
					{parameters "ID=wheelright2;"}
					{Matrix34
						1	0	0
						0	0	-1
						0	1	0
						-0.0268059	-2.9887	0.631771
					}
					{VolumeView "wheelr2.ply"}
				}
			}
		}
	}
}
