;Exported by: ART
;Date:        Fri Feb 26 09:38:54 2021
;File:        E:\Autodesk\Low poly\freelance\Carlos\Weapons\Dshk\Export\DSHK aa_x.max
{Skeleton
	{bone revolute "basis"
		{Orientation
			1	0	0
			0	-1	0
			0	0	1
		}
		{bone "body"
			{parameters "ID=body;"}
			{Position 0.217339	0.0185683	19.7582}
			{LODView
				{VolumeView "body.ply"}
				{VolumeView "body_lod1.ply"}
			}
			{bone revolute "turret"
				{parameters "ID=turret;"}
				{limits -10 10}
				{speed 0.005}
				{Position -2.43328	-0.0179252	1.48118}
				{LODView
					{VolumeView "turret.ply"}
					{VolumeView "turret_lod1.ply"}
				}
				{bone revolute "gun_rot"
					{parameters "ID=gun;"}
					{limits -15 25}
					{speed 0.006}
					{Matrix34
						1	0	0
						0	0	1
						0	-1	0
						-2.67437	0.840449	2.09933
					}
					{LODView
						{VolumeView "gun_rot.ply"}
						{VolumeView "gun_rot_lod1.ply"}
					}
					{bone "sight"
						{parameters "ID=gun;"}
						{Matrix34
							1	0	0
							0	0	-1
							0	1	0
							6.14717	5.68126	-0.244249
						}
						{LODView
							{VolumeView "sight.ply"}
							{VolumeView "sight_lod1.ply"}
						}
					}
					{bone "handle"
						{parameters "ID=gun;"}
						{Matrix34
							1	0	0
							0	0	-1
							0	1	0
							-14.3532	4.56459	-0.327824
						}
						{LODView
							{VolumeView "handle.ply"}
							{VolumeView "handle_lod1.ply"}
						}
					}
					{bone "dshk"
						{parameters "ID=gun;"}
						{Matrix34
							1	0	0
							0	0	-1
							0	1	0
							5.07622	4.02894	0.840446
						}
						{VolumeView "dshk.ply"}
						{bone "dshk_detail2"
							{parameters "ID=gun;"}
							{Matrix34
								0.559193	0	0.829038
								0	1	0
								-0.829038	0	0.559193
								-10.1786	-0.843978	0.0423317
							}
							{LODView
								{VolumeView "dshk_detail2.ply"}
								{VolumeView "dshk_detail2_lod1.ply"}
							}
						}
						{bone "dshk_detail1"
							{parameters "ID=gun;"}
							{Position -4.72357	-0.0089031	-2.38583}
							{LODView
								{VolumeView "dshk_detail1.ply"}
								{VolumeView "dshk_detail1_lod1.ply"}
							}
						}
					}
					{bone "magazine"
						{parameters "ID=gun;"}
						{Matrix34
							1	0	0
							0	0	-1
							0	1	0
							-3.27196	0.452969	-1.68467
						}
						{LODView
							{VolumeView "magazine.ply"}
							{VolumeView "magazine_lod1.ply"}
						}
						{bone "magazine_cover"
							{parameters "ID=gun;"}
							{Matrix34
								1	0	0
								0	0.936672	0.350207
								0	-0.350207	0.936672
								-0.000497818	-0.0810761	2.11921
							}
							{LODView
								{VolumeView "magazine_cover.ply"}
								{VolumeView "magazine_cover_lod1.ply"}
							}
						}
					}
					{bone "ammo"
						{parameters "ID=gun;"}
						{Matrix34
							1	0	0
							0	0	-1
							0	1	0
							-3.49296	1.30721	1.09161
						}
						{LODView
							{VolumeView "ammo.ply"}
							{VolumeView "ammo_lod1.ply"}
						}
					}
				}
			}
			{bone "leg2"
				{parameters "ID=body;"}
				{Matrix34
					0.898794	0	-0.438371
					0	1	0
					0.438371	0	0.898794
					-3.04232	-0.0388762	0.0683994
				}
				{LODView
					{VolumeView "leg2.ply"}
					{VolumeView "leg2_lod1.ply"}
				}
			}
			{bone "leg3"
				{parameters "ID=body;"}
				{Matrix34
					1	0	0
					0	0.707107	-0.707107
					0	0.707107	0.707107
					-1.70458	-1.3025	-0.118599
				}
				{LODView
					{VolumeView "leg3.ply"}
					{VolumeView "leg3_lod1.ply"}
				}
			}
			{bone "leg1"
				{parameters "ID=body;"}
				{Matrix34
					1	0	0
					0	0.725374	0.688355
					0	-0.688355	0.725374
					-1.72553	1.27333	-0.156458
				}
				{LODView
					{VolumeView "leg1.ply"}
					{VolumeView "leg1_lod1.ply"}
				}
			}
			{bone "pivot_front"
				{Position -0.217339	-0.0185699	-19.7582}
				{bone revolute "wheelr"
					{parameters "ID=wheelright;Radius=0.21;"}
					{Matrix34
						-1	0	0
						0	-0.165047	-0.986286
						0	-0.986286	0.165047
						0.233008	-6.09643	19.7477
					}
					{LODView
						{VolumeView "wheelr.ply"}
						{VolumeView "wheelr_lod1.ply"}
					}
				}
				{bone revolute "wheell"
					{parameters "ID=wheelleft;Radius=0.21;"}
					{Matrix34
						-1	0	0
						0	0.190809	-0.981627
						0	-0.981627	-0.190809
						0.233008	6.09752	19.7477
					}
					{LODView
						{VolumeView "wheell.ply"}
						{VolumeView "wheell_lod1.ply"}
					}
				}
			}
		}
	}
}
{Volume "wheelleft"
	{Cylinder 4.29134 1.53543}
	{Bone "wheell"}
	{Matrix34
		1	0	0
		0	-0.995396	-0.0958464
		0	0.0958464	-0.995396
		0	0.061948	-0.643317
	}
}
{Volume "wheelright"
	{Polyhedron "wheelright.vol"}
	{Bone "wheelr"}
	{Matrix34
		0.984808	-0.171265	0.0286596
		-0.172986	-0.981991	0.0759608
		0.015134	-0.0797645	-0.996699
		0	0.107227	1.46825
	}
}
