;Exported by:	 ART
;Date:			 15.07.2021 10:49:12
;File:			 GoH 3D model\goh_3d_vehicles_rus\vehicles\tank_heavy\isu152\ISU-152_xx.max
{skeleton
	{bone revolute "basis"
		{orientation
			1 	 0 	 0
			0 	 -1 	 0
			0 	 0 	 1
		}
		{bone "wheelsl"
			{parameters "wheelsl;id=trackleft;"}
			{Position 0 	 23.584 	 0}
			{bone prizmatic "suspension_l5"
				{limits -0.11 0.11}
				{speed 0.2}
				{Position -32.7914 	 -2.2651 	 6.7284}
				{bone revolute "wheell6"
					{parameters "id=trackleft;radius=0.35;"}
					{matrix34
						-0.5 	 0 	 -0.866
						-0.866 	 0 	 0.5
						0 	 1 	 0
						0 	 2.7217 	 0
					}
					{LODView
						{VolumeView "wheell6.ply"}
						{VolumeView "wheell6_lod1.ply"}
					}
				}
			}
			{bone prizmatic "suspension_l3"
				{limits -0.14 0.14}
				{speed 0.2}
				{Position 2.3622 	 -2.2651 	 6.7284}
				{bone revolute "part7"
					{parameters "id=trackleft;radius=0.35;"}
					{matrix34
						1 	 0 	 0
						0 	 0 	 -1
						0 	 1 	 0
						0 	 2.7217 	 0
					}
					{LODView
						{VolumeView "part7.ply"}
						{VolumeView "part7_lod1.ply"}
					}
				}
			}
			{bone prizmatic "suspension_l4"
				{limits -0.16 0.16}
				{speed 0.2}
				{Position -14.9688 	 -2.2651 	 6.7284}
				{bone revolute "wheell5"
					{parameters "id=trackleft;radius=0.35;"}
					{matrix34
						0.866 	 0 	 0.5
						0.5 	 0 	 -0.866
						0 	 1 	 0
						0 	 2.7217 	 0
					}
					{LODView
						{VolumeView "wheell6.ply"}
						{VolumeView "wheell6_lod1.ply"}
					}
				}
			}
			{bone prizmatic "suspension_l6"
				{limits -0.09 0.09}
				{speed 0.2}
				{Position -47.5527 	 -2.2651 	 6.7284}
				{bone revolute "wheell7"
					{parameters "id=trackleft;radius=0.35;"}
					{matrix34
						0.9659 	 0 	 0.2588
						0.2588 	 0 	 -0.9659
						0 	 1 	 0
						0 	 2.7217 	 0
					}
					{LODView
						{VolumeView "part7.ply"}
						{VolumeView "part7_lod1.ply"}
					}
				}
			}
			{bone prizmatic "suspension_l2"
				{limits -0.11 0.11}
				{speed 0.2}
				{Position 19.397 	 -2.2651 	 6.7284}
				{bone revolute "wheell3"
					{parameters "id=trackleft;radius=0.35;"}
					{matrix34
						0.866 	 0 	 -0.5
						-0.5 	 0 	 -0.866
						0 	 1 	 0
						0 	 2.7217 	 0
					}
					{LODView
						{VolumeView "wheell6.ply"}
						{VolumeView "wheell6_lod1.ply"}
					}
				}
			}
			{bone prizmatic "suspension_l1"
				{limits -0.09 0.09}
				{speed 0.2}
				{Position 35.3554 	 -2.2651 	 6.7284}
				{bone revolute "wheell2"
					{parameters "id=trackleft;radius=0.35;"}
					{matrix34
						1 	 0 	 0
						0 	 0 	 -1
						0 	 1 	 0
						0 	 2.7217 	 0
					}
					{LODView
						{VolumeView "part7.ply"}
						{VolumeView "part7_lod1.ply"}
					}
				}
			}
			{bone "trackl"
				{parameters "id=trackleft;"}
				{Position -5.3301 	 -0.0214 	 11.6415}
				{VolumeView "trackl.ply"}
			}
		}
		{bone "wheelsr"
			{parameters "wheelsr;id=trackright;"}
			{Position 0 	 -23.5998 	 0}
			{bone prizmatic "suspension_r4"
				{limits -0.16 0.16}
				{speed 0.2}
				{Position -11.9682 	 -3.165 	 6.7284}
				{bone revolute "wheelr5"
					{parameters "id=trackright;radius=0.35;"}
					{matrix34
						-0.5 	 0 	 0.866
						0.866 	 0 	 0.5
						0 	 1 	 0
						-0.0608 	 2.7217 	 0
					}
					{LODView
						{VolumeView "wheelr5.ply"}
						{VolumeView "wheelr5_lod1.ply"}
					}
				}
			}
			{bone prizmatic "suspension_r1"
				{limits -0.09 0.09}
				{speed 0.2}
				{Position 38.3286 	 -3.165 	 6.7284}
				{bone revolute "wheelr2"
					{parameters "id=trackright;radius=0.35;"}
					{matrix34
						0.866 	 0 	 0.5
						0.5 	 0 	 -0.866
						0 	 1 	 0
						-0.0608 	 2.7217 	 0
					}
					{LODView
						{VolumeView "wheelr5.ply"}
						{VolumeView "wheelr5_lod1.ply"}
					}
				}
			}
			{bone prizmatic "suspension_r3"
				{limits -0.14 0.14}
				{speed 0.2}
				{Position 5.3558 	 -3.165 	 6.7284}
				{bone revolute "wheelr4"
					{parameters "id=trackright;radius=0.35;"}
					{matrix34
						0.5 	 0 	 0.866
						0.866 	 0 	 -0.5
						0 	 1 	 0
						-0.0608 	 2.7217 	 0
					}
					{LODView
						{VolumeView "wheelr4.ply"}
						{VolumeView "wheelr4_lod1.ply"}
					}
				}
			}
			{bone prizmatic "suspension_r5"
				{limits -0.11 0.11}
				{speed 0.2}
				{Position -29.7977 	 -3.165 	 6.7284}
				{bone revolute "wheelr6"
					{parameters "id=trackright;radius=0.35;"}
					{matrix34
						-0.5 	 0 	 0.866
						0.866 	 0 	 0.5
						0 	 1 	 0
						0 	 2.7217 	 0
					}
					{LODView
						{VolumeView "wheelr6.ply"}
						{VolumeView "wheelr6_lod1.ply"}
					}
				}
			}
			{bone prizmatic "suspension_r6"
				{limits -0.09 0.09}
				{speed 0.2}
				{Position -44.5774 	 -3.165 	 6.7284}
				{bone revolute "wheelr7"
					{parameters "id=trackright;radius=0.35;"}
					{matrix34
						1 	 0 	 0
						0 	 0 	 -1
						0 	 1 	 0
						0 	 2.7217 	 0
					}
					{LODView
						{VolumeView "wheelr5.ply"}
						{VolumeView "wheelr5_lod1.ply"}
					}
				}
			}
			{bone prizmatic "suspension_r2"
				{limits -0.11 0.11}
				{speed 0.2}
				{Position 22.3738 	 -3.165 	 6.7284}
				{bone revolute "wheelr3"
					{parameters "id=trackright;radius=0.35;"}
					{matrix34
						0.866 	 0 	 -0.5
						-0.5 	 0 	 -0.866
						0 	 1 	 0
						-0.0608 	 2.7217 	 0
					}
					{LODView
						{VolumeView "wheelr4.ply"}
						{VolumeView "wheelr4_lod1.ply"}
					}
				}
			}
			{bone "trackr"
				{parameters "id=trackright;"}
				{Position -5.3908 	 0.0446 	 11.4201}
				{VolumeView "trackr.ply"}
			}
		}
		{bone "body"
			{parameters "id=body;"}
			{matrix34
				0.9997 	 0 	 -0.0255
				0.0001 	 1 	 0.0051
				0.0255 	 -0.0051 	 0.9997
				-1.818 	 -0.0592 	 18.0271
			}
			{LODView
				{VolumeView "body.ply"}
				{VolumeView "body_lod1.ply"}
			}
			{bone "part3"
				{parameters "id=body;"}
				{matrix34
					-0.3173 	 0 	 -0.9483
					0 	 1 	 0
					0.9483 	 0 	 -0.3173
					0.5374 	 7.4647 	 27.8504
				}
				{LODView
					{VolumeView "part3.ply"}
					{VolumeView "part3_lod1.ply"}
				}
			}
			{bone "hatch_body2"
				{parameters "id=body;"}
				{matrix34
					-0.788 	 0 	 0.6157
					0 	 1 	 0
					-0.6157 	 0 	 -0.788
					-12.9415 	 7.4259 	 20.9557
				}
				{LODView
					{VolumeView "hatch_body2.ply"}
					{VolumeView "hatch_body2_lod1.ply"}
				}
			}
			{bone "hatch_left1"
				{parameters "id=body;"}
				{matrix34
					0.8039 	 0 	 0.5948
					0 	 1 	 0
					-0.5948 	 0 	 0.8039
					19.4831 	 9.9114 	 27.8778
				}
				{LODView
					{VolumeView "hatch_left1.ply"}
					{VolumeView "hatch_left1_lod1.ply"}
				}
			}
			{bone "hatch_left2"
				{parameters "id=body;"}
				{matrix34
					0.9703 	 0 	 -0.2419
					0 	 1 	 0
					0.2419 	 0 	 0.9703
					28.0512 	 9.9114 	 27.9029
				}
				{LODView
					{VolumeView "hatch_left2.ply"}
					{VolumeView "hatch_left2_lod1.ply"}
				}
			}
			{bone revolute "turret"
				{parameters "id=turret;"}
				{limits -3 7}
				{speed 0.005}
				{Position 33.3692 	 -4.0233 	 17.5654}
				{LODView
					{VolumeView "turret.ply"}
					{VolumeView "turret_lod1.ply"}
				}
				{bone revolute "gun_rot"
					{parameters "id=gun;"}
					{limits -5 18}
					{speed 0.005}
					{matrix34
						0.9976 	 0 	 -0.0698
						0.0698 	 0 	 0.9976
						0 	 -1 	 0
						10.1185 	 -0.7761 	 -0.4085
					}
					{LODView
						{VolumeView "gun_rot.ply"}
						{VolumeView "gun_rot_lod1.ply"}
					}
					{bone "gun"
						{parameters "id=gun;"}
						{matrix34
							1 	 0 	 0
							0 	 0 	 -1
							0 	 1 	 0
							13.7981 	 1.4428 	 -0.1861
						}
						{LODView
							{VolumeView "gun.ply"}
							{VolumeView "gun_lod1.ply"}
						}
					}
				}
			}
			{bone revolute "mgun_rot"
				{parameters "id=body;"}
				{terminator}
				{matrix34
					-1 	 0 	 0
					0 	 -1 	 0
					0 	 0 	 1
					20.5855 	 -13.8351 	 27.2966
				}
				{LODView
					{VolumeView "mgun_rot.ply"}
					{VolumeView "mgun_rot_lod1.ply"}
				}
				{bone revolute "mgun_a_rot1"
					{parameters "id=body;"}
					{limits -5 5}
					{matrix34
						-1 	 0 	 0
						0 	 -1 	 0
						0 	 0 	 1
						-5.9719 	 0.3359 	 5.8199
					}
					{LODView
						{VolumeView "mgun_a_rot1.ply"}
						{VolumeView "mgun_a_rot1_lod1.ply"}
					}
					{bone revolute "part2"
						{parameters "id=body;"}
						{limits -13 50}
						{matrix34
							1 	 0 	 0
							0 	 0 	 1
							0 	 -1 	 0
							-2.0987 	 -0.6266 	 1.6696
						}
						{LODView
							{VolumeView "part2.ply"}
							{VolumeView "part2_lod1.ply"}
						}
					}
				}
				{bone "hatch_right1"
					{parameters "id=body;"}
					{Position 0 	 4.2813 	 0.602}
					{LODView
						{VolumeView "hatch_right1.ply"}
						{VolumeView "hatch_right1_lod1.ply"}
					}
				}
				{bone "hatch_right2"
					{parameters "id=body;"}
					{Position 0 	 -4.291 	 0.6011}
					{LODView
						{VolumeView "hatch_right2.ply"}
						{VolumeView "hatch_right2_lod1.ply"}
					}
				}
			}
			{bone "cover_gun"
				{parameters "id=body;"}
				{matrix34
					0.9903 	 0 	 0.1392
					0 	 1 	 0
					-0.1392 	 0 	 0.9903
					40.4856 	 -4.8116 	 26.8538
				}
				{LODView
					{VolumeView "cover_gun.ply"}
					{VolumeView "cover_gun_lod1.ply"}
				}
			}
			{bone "detail8"
				{parameters "id=body;"}
				{matrix34
					1 	 -0.002 	 0
					0.002 	 0.9969 	 -0.0784
					0 	 0.0784 	 0.9969
					39.3672 	 26.1253 	 7.4159
				}
				{LODView
					{VolumeView "detail8.ply"}
					{VolumeView "detail8_lod1.ply"}
				}
			}
			{bone revolute "wheell1"
				{parameters "id=trackleft;radius=0.35;"}
				{matrix34
					1 	 0 	 0
					0 	 0 	 -1
					0 	 1 	 0
					53.3881 	 24.0948 	 -2.7842
				}
				{LODView
					{VolumeView "wheell1.ply"}
					{VolumeView "wheell1_lod1.ply"}
				}
			}
			{bone revolute "wheell11"
				{parameters "id=trackleft;radius=0.21;"}
				{matrix34
					1 	 0 	 0
					0 	 0 	 -1
					0 	 1 	 0
					30.3947 	 23.7728 	 -1.0186
				}
				{LODView
					{VolumeView "wheell11.ply"}
					{VolumeView "wheell9_lod1.ply"}
				}
			}
			{bone revolute "wheell10"
				{parameters "id=trackleft;radius=0.21;"}
				{matrix34
					0.866 	 0 	 -0.5
					-0.5 	 0 	 -0.866
					0 	 1 	 0
					-4.8175 	 23.7728 	 -1.0186
				}
				{LODView
					{VolumeView "wheell11.ply"}
					{VolumeView "wheell9_lod1.ply"}
				}
			}
			{bone revolute "wheell9"
				{parameters "id=trackleft;radius=0.21;"}
				{matrix34
					0.5 	 0 	 0.866
					0.866 	 0 	 -0.5
					0 	 1 	 0
					-38.6463 	 23.7728 	 -1.0186
				}
				{LODView
					{VolumeView "wheell11.ply"}
					{VolumeView "wheell9_lod1.ply"}
				}
			}
			{bone revolute "part5"
				{parameters "id=trackleft;radius=0.42;"}
				{matrix34
					1 	 0 	 0
					0 	 0 	 -1
					0 	 1 	 0
					-58.2308 	 24.5676 	 -4.234
				}
				{LODView
					{VolumeView "part5.ply"}
					{VolumeView "part5_lod1.ply"}
				}
			}
			{bone revolute "part1"
				{parameters "id=trackright;radius=0.35;"}
				{matrix34
					1 	 0 	 0
					0 	 0 	 -1
					0 	 1 	 0
					53.3273 	 -23.9832 	 -2.7842
				}
				{LODView
					{VolumeView "part1.ply"}
					{VolumeView "part1_lod1.ply"}
				}
			}
			{bone "wheelr11"
				{parameters "id=trackright;radius=0.21;"}
				{matrix34
					0.866 	 0 	 -0.5
					-0.5 	 0 	 -0.866
					0 	 1 	 0
					30.3947 	 -23.6613 	 -1.0186
				}
				{LODView
					{VolumeView "wheelr11.ply"}
					{VolumeView "wheelr10_lod1.ply"}
				}
			}
			{bone revolute "wheelr10"
				{parameters "id=trackright;radius=0.21;"}
				{matrix34
					1 	 0 	 0
					0 	 0 	 -1
					0 	 1 	 0
					-4.8195 	 -23.6613 	 -1.0186
				}
				{LODView
					{VolumeView "wheelr11.ply"}
					{VolumeView "wheelr10_lod1.ply"}
				}
			}
			{bone revolute "wheelr8"
				{parameters "id=trackright;radius=0.42;"}
				{matrix34
					1 	 0 	 0
					0 	 0 	 -1
					0 	 1 	 0
					-58.2308 	 -24.4561 	 -4.234
				}
				{LODView
					{VolumeView "wheelr8.ply"}
					{VolumeView "wheelr8_lod1.ply"}
				}
			}
			{bone "lever_arm"
				{parameters "id=body;"}
				{Position 1.5036 	 0.0579 	 -9.8699}
				{VolumeView "lever_arm.ply"}
			}
			{bone "lever_arm001"
				{Position 1.5036 	 0.0579 	 -9.8699}
				{VolumeView "lever_arm001.ply"}
			}
			{bone "engine"
				{parameters "id=engine;"}
				{Position -40.6332 	 0.0592 	 2.7013}
				{LODView
					{VolumeView "engine.ply"}
					{VolumeView "engine_lod1.ply"}
				}
				{bone "part4"
					{parameters "id=engine;"}
					{matrix34
						1 	 0 	 0
						0 	 -0.5519 	 0.8339
						0 	 -0.8339 	 -0.5519
						16.0318 	 -6.6429 	 11.9314
					}
					{LODView
						{VolumeView "part4.ply"}
						{VolumeView "part4_lod1.ply"}
					}
				}
				{bone "part6"
					{parameters "id=engine;"}
					{matrix34
						1 	 0 	 0
						0 	 -1 	 0
						0 	 0 	 1
						-3.3597 	 -27.3519 	 10.5568
					}
					{VolumeView "part6.ply"}
				}
			}
		}
	}
}
{volume "barrel"
	{cylinder 3.08235 82.3956}
	{bone "gun_rot"}
	{matrix34
		0 	 0 	 -1
		0 	 1 	 0
		1 	 0 	 0
		22.908 	 0.9619 	 0.0178
	}
}
{volume "body1"
	{polyhedron "body1.vol"}
	{bone "body"}
	{matrix34
		-1 	 0 	 0
		0 	 0 	 1
		0 	 1 	 0
		21.8352 	 0.0595 	 -1.7506
	}
}
{volume "body2"
	{polyhedron "body2.vol"}
	{bone "body"}
	{matrix34
		-1 	 0 	 0
		0 	 0 	 1
		0 	 1 	 0
		15.1518 	 0.0592 	 18.321
	}
}
{volume "body3"
	{polyhedron "body3.vol"}
	{bone "body"}
	{matrix34
		-1 	 0 	 0
		0 	 0 	 1
		0 	 1 	 0
		42.7408 	 -1.3457 	 17.729
	}
}
{volume "breach"
	{box 20.3215 9.74498 8.32393}
	{bone "body"}
	{Position 17.0549 	 -4.735 	 18.3278}
}
{volume "detail6"
	{cylinder 3.83858 20.6693}
	{bone "part6"}
	{matrix34
		0 	 1 	 0
		-0.0523 	 0 	 0.9986
		-0.9986 	 0 	 -0.0523
		0.0181 	 0.6421 	 -1.0507
	}
}
{volume "engine1"
	{polyhedron "engine1.vol"}
	{bone "engine"}
	{matrix34
		-1 	 0 	 0
		0 	 0 	 1
		0 	 1 	 0
		62.4684 	 0.0003 	 -4.4519
	}
}
{volume "engine2"
	{polyhedron "engine2.vol"}
	{bone "engine"}
	{matrix34
		-1 	 0 	 0
		0 	 0 	 1
		0 	 1 	 0
		62.4684 	 0.0003 	 -4.4519
	}
}
{volume "mantlet1"
	{polyhedron "mantlet1.vol"}
	{bone "gun_rot"}
	{matrix34
		-1 	 0 	 0
		0 	 1 	 0
		0 	 0 	 -1
		12.6163 	 -2.652 	 0.0441
	}
}
{volume "mantlet2"
	{polyhedron "mantlet2.vol"}
	{bone "gun_rot"}
	{matrix34
		-1 	 0 	 0
		0 	 1 	 0
		0 	 0 	 -1
		-1.0172 	 -0.0354 	 8.7444
	}
}
{volume "part1"
	{cylinder 5.61024 5.90551}
	{bone "part1"}
	{matrix34
		-1 	 0 	 0
		0 	 -1 	 0
		0 	 0 	 1
		0 	 0 	 0.3751
	}
}
{volume "part2"
	{polyhedron "part2.vol"}
	{bone "part2"}
	{matrix34
		0.9997 	 0.0255 	 -0.0001
		-0.0255 	 0.9981 	 0.0559
		0.0016 	 -0.0559 	 0.9984
		6.8877 	 0.9247 	 -1.939
	}
}
{volume "part3"
	{box 1.8583 12.3208 12.3457}
	{bone "part3"}
	{matrix34
		-0.0255 	 0 	 0.9997
		-0.9997 	 0.0052 	 -0.0255
		-0.0052 	 -1 	 -0.0001
		-5.7173 	 0.1147 	 -0.267
	}
}
{volume "part4"
	{box 18.9327 1.94464 14.4842}
	{bone "part4"}
	{matrix34
		0.9999 	 -0.005 	 -0.0143
		-0.0143 	 0.0034 	 -0.9999
		0.005 	 1 	 0.0034
		-0.1415 	 6.7322 	 0.2905
	}
}
{volume "part5"
	{cylinder 7.87402 9.44882}
	{bone "part5"}
	{matrix34
		-1 	 0 	 0
		0 	 -1 	 0
		0 	 0 	 1
		0 	 0 	 -1.0185
	}
}
{volume "part7"
	{cylinder 5.61024 5.90551}
	{bone "part7"}
	{matrix34
		-1 	 0 	 0
		0 	 -0.9936 	 -0.1132
		0 	 -0.1132 	 0.9936
		0 	 0.1921 	 -0.3543
	}
}
{volume "trackleft"
	{polyhedron "trackleft.vol"}
	{bone "wheelsl"}
	{matrix34
		-1 	 0 	 0
		0 	 0 	 1
		0 	 1 	 0
		1.6199 	 6.073 	 10.7229
	}
}
{volume "trackright"
	{polyhedron "trackright.vol"}
	{bone "wheelsr"}
	{matrix34
		-1 	 0 	 0
		0 	 0 	 1
		0 	 1 	 0
		1.6199 	 6.0848 	 10.7229
	}
}
