;Exported by: misan
;Date:        Sat Jul  8 09:02:45 2023
;File:        D:\Cold War\ModelWIP\POLAND\Polack Soldier\Rigged Base.max
{Skeleton
	{bone revolute "basis"
		{limits -30 30}
		{speed 0.1}
		{Orientation
			1	0	0
			0	-1	0
			0	0	1
		}
		{bone "body"
			{parameters "Voxels=0;"}
			{Matrix34
				0	0	1
				0	-1	0
				1	0	0
				0	0.0344553	19.9224
			}
			{bone "foot1l"
				{parameters "Voxels=0;"}
				{Matrix34
					-0.993535	-0.0202547	0.111703
					0.111666	0.00297537	0.993741
					0.0204603	-0.99979	0.000694357
					-0.143509	-2.13095	-0.488995
				}
				{bone "foot2l"
					{parameters "Voxels=0;"}
					{Matrix34
						0.952385	-0.304899	-0.000108004
						0.304899	0.952385	-4.08287e-05
						0.000115292	0	1
						9.37838	-0.0471725	0
					}
					{bone "bone06"
						{Matrix34
							0.22138	0.973964	0.0488401
							-0.972284	0.216583	0.0880677
							0.0751968	-0.0669829	0.994916
							8.74023	0.113252	0.00567889
						}
					}
					{bone "foot3l"
						{parameters "Voxels=0;"}
						{Matrix34
							0.0905581	0.979615	0.179314
							0.00345619	-0.180362	0.983594
							0.995885	-0.088453	-0.019719
							9.2003	-0.34629	-0.0729971
						}
						{bone "bone07"
							{Position 2.60015	0	0}
						}
					}
				}
			}
			{bone "foot1r"
				{parameters "Voxels=0;"}
				{Matrix34
					-0.993573	0.0113961	0.112618
					0.112606	-0.00168935	0.993638
					0.0115138	0.999934	0.00039523
					-0.143518	2.17103	-0.488755
				}
				{bone "foot2r"
					{parameters "Voxels=0;"}
					{Matrix34
						0.951792	-0.306745	-0.000104398
						0.306745	0.951792	-3.94727e-05
						0.000111675	0	1
						9.37831	-0.0472322	0
					}
					{bone "bone03"
						{Matrix34
							0.221381	0.973964	0.04884
							-0.972284	0.216582	0.0880676
							0.075197	-0.0669829	0.994916
							8.74023	0.113252	0.00568032
						}
					}
					{bone "foot3r"
						{parameters "Voxels=0;"}
						{Matrix34
							0.0880245	0.974738	0.205276
							0.00721112	0.205447	-0.978642
							-0.996092	0.0876247	0.0110552
							9.2003	-0.346289	-0.0729964
						}
						{bone "bone05"
							{Position 2.60015	0	0}
						}
					}
				}
			}
			{bone revolute "ik_leftright"
				{parameters "Voxels=0;"}
				{limits -20 20}
				{speed 0.1}
				{Matrix34
					0	0	1
					0	-1	0
					1	0	0
					1.90368	0.0344548	0
				}
				{bone revolute "ik_updown"
					{parameters "Voxels=0;"}
					{limits -40 20}
					{speed 0.1}
					{Matrix34
						1	0	0
						0	0	1
						0	-1	0
						0	0	1.66801
					}
					{bone "head"
						{parameters "Voxels=0;"}
						{Matrix34
							1	0	0
							0	0	-1
							0	1	0
							0	7.21458	0
						}
						{bone "visor"
							{Matrix34
								1	0	0
								0	1	0
								0	0	1
								2.31916	0	2.33291
							}
						}
					}
					{bone "clavicle_right"
						{Position -0.13918	6.12487	1.17253}
						{bone "hand1r"
							{parameters "Voxels=0;"}
							{Matrix34
								-0.159568	-0.951312	0.263713
								0.852939	-0.267354	-0.448348
								0.497023	0.153389	0.854072
								0.0503405	-0.225973	2.95337
							}
							{bone "hand2r"
								{parameters "Voxels=0;"}
								{Matrix34
									0.896326	0.443396	0
									-0.443396	0.896326	0
									0	0	1
									6.26813	0	0
								}
								{bone "hand3r"
									{Matrix34
										0.982611	-0.185677	0
										0.185677	0.982611	0
										0	0	1
										5.19218	0	0
									}
								}
								{bone "hand_rot1r"
									{Matrix34
										0.00333592	-0.999958	0.00855798
										-0.999992	-0.00331797	0.00210725
										-0.00207879	-0.00856483	-0.999961
										5.19224	0	0
									}
									{bone "palm1r"
										{Matrix34
											-0.987462	-0.121603	-0.100652
											-0.0703692	-0.231655	0.97025
											-0.141302	0.965168	0.220194
											0.12139	-0.163002	0.149547
										}
										{bone "palm2r_hide"
											{Matrix34
												-0.00760468	0.507041	-0.861888
												0.00255432	0.861921	0.507037
												0.999968	0.0016553	-0.00785208
												0.146144	0.242287	-1.25751
											}
											{bone "palm3r_hide"
												{Matrix34
													0.576833	0.816862	0
													-0.816862	0.576833	0
													0	0	1
													0.581877	-0.000115395	0
												}
												{bone "palm4r_hide"
													{Matrix34
														1	0	0
														0	1	0
														0	0	1
														0.53446	0	0
													}
												}
											}
										}
										{bone "palm2r"
											{Matrix34
												-0.00760633	0.507041	-0.861888
												0.00255356	0.861921	0.507037
												0.999968	0.00165359	-0.0078509
												0.146145	0.242287	-1.25751
											}
											{bone "palm3r"
												{Matrix34
													0.576833	0.816863	0
													-0.816862	0.576832	0
													0	0	1
													0.581881	-0.000115633	0
												}
											}
										}
									}
								}
							}
						}
					}
					{bone "clavicle_left"
						{Position -0.13918	6.12487	-1.18113}
						{bone "hand1l"
							{parameters "Voxels=0;"}
							{Matrix34
								-0.141079	-0.948515	-0.283578
								0.861362	-0.258804	0.437123
								-0.488009	-0.182594	0.853526
								0.0503408	-0.225973	-2.95273
							}
							{bone "hand2l"
								{parameters "Voxels=0;"}
								{Matrix34
									0.857061	0.515214	0
									-0.515214	0.857061	0
									0	0	1
									6.26813	0	0
								}
								{bone "hand3l"
									{Matrix34
										0.982611	-0.185677	0
										0.185677	0.982611	0
										0	0	1
										5.19218	0	0
									}
								}
								{bone "left_hand"
									{parameters "Voxels=0;"}
									{Matrix34
										0.275672	0.823505	-0.495827
										0.0041885	-0.516838	-0.856073
										-0.961242	0.233919	-0.145927
										5.99778	-0.667303	0.409925
									}
								}
								{bone "hand_rot1l"
									{Matrix34
										0.00130206	-0.999931	0.0116371
										-0.999999	-0.00131422	-0.00103849
										0.00105357	-0.0116363	-0.999932
										5.25744	-0.000656605	-0.00162029
									}
									{bone "palm1l"
										{Matrix34
											0.965404	0.249251	-0.0766088
											-0.0261254	-0.199862	-0.979476
											-0.259446	0.947591	-0.186436
											0.0886893	-0.337658	-0.091609
										}
										{bone "palm2l"
											{Matrix34
												-0.00577081	0.491343	-0.870947
												-0.00434867	-0.870966	-0.491324
												-0.999974	0.000953	0.00716212
												-0.0738363	0.242493	-1.26342
											}
											{bone "palm3l"
												{Matrix34
													0.578449	-0.815719	0
													0.815719	0.578449	0
													0	0	1
													0.578554	0.000165701	0
												}
											}
										}
										{bone "palm2l_hide"
											{Matrix34
												-0.00577103	0.491342	-0.870948
												-0.00434803	-0.870966	-0.491325
												-0.999974	0.000953587	0.00716218
												-0.0738363	0.242493	-1.26342
											}
											{bone "palm3l_hide"
												{Matrix34
													0.578448	-0.815718	0
													0.815719	0.578449	0
													0	0	1
													0.578554	0.000165939	0
												}
												{bone "palm4l_hide"
													{Matrix34
														1	0	0
														0	1	0
														0	0	1
														0.511901	-3.43323e-05	0
													}
												}
											}
										}
									}
								}
							}
						}
					}
				}
			}
			{bone revolute "placement"
				{Matrix34
					0	1	0
					-1	0	0
					0	0	1
					0.783108	0	0
				}
			}
		}
		{bone "ik_chain05"
			{Position 0.13199	-5.97405	18.3869}
		}
		{bone "ik_chain03"
			{Matrix34
				1	0	0
				0	-1	0
				0	0	1
				-1.09561	2.53715	1.86587
			}
		}
		{bone "ik_chain04"
			{Matrix34
				1	0	0
				0	-1	0
				0	0	1
				3.29347	3.4301	0.0514984
			}
		}
		{bone "ik_chain02"
			{Position 3.29347	-3.36689	0.0514994}
		}
		{bone "ik_chain01"
			{Position -1.09561	-2.34785	1.86587}
		}
		{bone "ik_chain06"
			{Position 0.703312	6.00405	18.5338}
		}
		{bone revolute "foresight2rot"
			{parameters "Voxels=0;"}
			{limits -20 20}
			{speed 0.1}
			{Position 13.7429	0.0246876	27.5947}
		}
		{bone "palm_ik_holder_right02"
			{Matrix34
				0.235164	-0.0375772	-0.971229
				0.835264	0.518795	0.182171
				0.497023	-0.854073	0.153389
				-1.08903	-5.77888	23.43
			}
			{bone "palm_ik_holder_right01"
				{Matrix34
					0.00333659	-0.999958	0.00855838
					-0.999992	-0.00331795	0.00210753
					-0.00207895	-0.00856492	-0.999961
					5.19224	0	0
				}
				{bone "palm_ik_holder_right"
					{Matrix34
						-0.987462	-0.121603	-0.100652
						-0.0703696	-0.231656	0.970249
						-0.141303	0.965168	0.220194
						0.119855	-0.164879	0.148729
					}
					{bone "ik_chain07"
						{Matrix34
							0.999956	0.0032406	-0.00886255
							2.76313e-05	0.938189	0.346125
							0.00943711	-0.34611	0.938147
							0.138651	1.07072	-1.80207
						}
					}
				}
			}
		}
		{bone "palm_ik_holder_left02"
			{Matrix34
				0.322872	0.0178314	-0.946275
				0.810926	-0.520745	0.266878
				-0.488009	-0.853526	-0.182594
				-0.973142	5.91136	23.4476
			}
			{bone "palm_ik_holder_left01"
				{Matrix34
					0.00130218	-0.999932	0.0116376
					-0.999999	-0.00131422	-0.00103837
					0.00105351	-0.0116358	-0.999932
					5.25744	-0.000657558	-0.00162125
				}
				{bone "palm_ik_holder_left"
					{Matrix34
						0.965404	0.24925	-0.0766092
						-0.0261246	-0.199862	-0.979476
						-0.259446	0.947591	-0.186435
						0.085614	-0.3388	-0.0894642
					}
					{bone "ik_chain08"
						{Matrix34
							0.999967	-0.0028627	0.00758434
							0.00020432	0.944171	0.329455
							-0.00810445	-0.329443	0.944141
							-0.0736461	1.03671	-1.8188
						}
					}
				}
			}
		}
		{bone "skin"
			{Matrix34
				0.906308	0	-0.422618
				0	-1	0
				0.422618	0	0.906308
				0.992398	-6.89244e-05	26.9396
			}
			{VolumeView "skin.ply"}
		}
	}
}
