;Exported by: pk
;Date:        Tue Mar 26 21:58:39 2019
;File:        E:\Chris models\btr-60p\btr-60p_xx_export.max
{Skeleton
	{bone "basis"
		{Orientation
			1	0	0
			0	-1	0
			0	0	1
		}
		{bone "pivot_back"
			{Position -35.1627	0.0292765	9.75867}
			{bone revolute "wheell4"
				{parameters "ID=wheelleft4;WheelRadius=0.43;"}
				{Matrix34
					-1	0	0
					0	-0.207912	0.978148
					0	0.978148	0.207912
					-11.4193	24.1639	0
				}
				{VolumeView "wheell4.ply"}
			}
			{bone revolute "wheelr3"
				{parameters "ID=wheelright3;WheelRadius=0.43;"}
				{Matrix34
					-0.942132	-0.150968	-0.299327
					-0.321407	0.152891	0.934517
					-0.0953176	0.976644	-0.192566
					17.4725	-24.3331	-0.0500793
				}
				{VolumeView "wheelr3.ply"}
			}
			{bone revolute "wheelr4"
				{parameters "ID=wheelright4;WheelRadius=0.43;"}
				{Matrix34
					-1	0	0
					0	0.309017	0.951056
					0	0.951056	-0.309017
					-11.4243	-24.3316	0
				}
				{VolumeView "wheelr3.ply"}
			}
		}
		{bone "pivot_front"
			{Position 27.1922	0.0292711	9.75867}
			{bone revolute "steer_r1"
				{Matrix34
					1	0	0
					0	-1	0
					0	0	-1
					16.3469	-19.7693	-0.223425
				}
				{bone "wr1"
					{parameters "ID=body;"}
					{Matrix34
						1	0	0
						0	-1	0
						0	0	-1
						-0.00859833	0	0
					}
					{VolumeView "wr1.ply"}
				}
				{bone revolute "wheelr1"
					{parameters "ID=wheelright1;WheelRadius=0.43;"}
					{Matrix34
						-0.956305	0.282409	0.0756713
						-0.0707313	0.0276623	-0.997112
						-0.283687	-0.958895	-0.0064784
						-0.135704	4.5623	-0.22343
					}
					{VolumeView "wheelr1.ply"}
				}
			}
			{bone revolute "steer_r2"
				{Matrix34
					1	0	0
					0	-1	0
					0	0	-1
					-12.0594	-19.7693	-0.223425
				}
				{bone "wr2"
					{parameters "ID=body;"}
					{Matrix34
						1	0	0
						0	-1	0
						0	0	-1
						0	0	0
					}
					{VolumeView "wr2.ply"}
				}
			}
			{bone revolute "steer_l2"
				{Matrix34
					1	0	0
					0	-1	0
					0	0	-1
					-12.0599	19.7267	-0.223421
				}
				{bone "wl2"
					{parameters "ID=body;"}
					{Matrix34
						1	0	0
						0	-1	0
						0	0	-1
						-0.0112	0	-1.42254
					}
					{VolumeView "wl2.ply"}
				}
				{bone revolute "part3"
					{parameters "ID=wheelleft2;WheelRadius=0.43;"}
					{Matrix34
						-0.913546	0.401728	0.0636271
						0	0.156433	-0.987689
						-0.406736	-0.902299	-0.142909
						0.0196648	-4.43719	-0.223419
					}
					{VolumeView "wheell4.ply"}
				}
			}
			{bone revolute "steer_l1"
				{Matrix34
					1	0	0
					0	-1	0
					0	0	-1
					16.3394	19.7267	-0.223421
				}
				{bone "wl1"
					{parameters "ID=body;"}
					{Matrix34
						1	0	0
						0	-1	0
						0	0	-1
						0	0	0
					}
					{VolumeView "wl1.ply"}
				}
				{bone revolute "wheell1"
					{parameters "ID=wheelleft1;WheelRadius=0.43;"}
					{Matrix34
						-1	0	0
						0	0.258818	-0.965926
						0	-0.965926	-0.258818
						-0.135719	-4.43719	-0.22342
					}
					{VolumeView "wheell4.ply"}
				}
			}
		}
		{bone "body"
			{parameters "ID=body;"}
			{Matrix34
				0.999048	-0.00114128	-0.0435985
				0.00342203	0.998627	0.0522684
				0.043479	-0.0523678	0.997681
				0.166597	0.00798035	22.7965
			}
			{VolumeView "body.ply"}
			{bone "detail4"
				{parameters "id=body;"}
				{Position -5.75748	-25.8089	3.88623}
				{VolumeView "detail4.ply"}
			}
			{bone "part1"
				{parameters "id=body;"}
				{Matrix34
					-0.778935	-0.6016	0.177024
					0.446571	-0.730316	-0.516926
					0.440266	-0.323598	0.837526
					41.9229	20.3385	11.9231
				}
				{VolumeView "part1.ply"}
			}
			{bone "part2"
				{parameters "id=body;"}
				{Matrix34
					-0.45027	0.75749	0.472723
					-0.642788	-0.642459	0.417217
					0.619743	-0.116	0.776185
					-18.5168	-20.3272	11.9142
				}
				{VolumeView "part2.ply"}
			}
			{bone revolute "mgun_rot_turret"
				{parameters "ID=body;"}
				{limits -20 20}
				{speed 0.03}
				{Position 48.4157	-0.162594	19.2562}
				{VolumeView "mgun_rot_turret.ply"}
				{bone revolute "mgun_rot"
					{parameters "ID=body;"}
					{limits -20 30}
					{speed 0.03}
					{Matrix34
						1	0	0
						0	0	1
						0	-1	0
						0.0979347	0	1.06588
					}
					{VolumeView "mgun_rot.ply"}
				}
			}
			{bone "engine"
				{parameters "ID=engine;"}
				{Position -53.4624	-0.000840545	1.89958}
				{VolumeView "engine.ply"}
			}
		}
	}
}
{Volume "body1"
	{Polyhedron "body1.vol"}
	{Bone "body"}
	{Position 49.7911	1.07862	1.86012}
}
{Volume "body2"
	{Polyhedron "body2.vol"}
	{Bone "body"}
	{Position 49.7911	1.07862	2.51548}
}
{Volume "body3"
	{Polyhedron "body3.vol"}
	{Bone "body"}
	{Matrix34
		0	-1	0
		0	0	1
		-1	0	0
		51.3781	0.703319	-8.18013
	}
}
{Volume "engine2"
	{Polyhedron "engine2.vol"}
	{Bone "engine"}
	{Position -11.1259	0.00463521	-7.17536}
}
{Volume "engine3"
	{Polyhedron "engine3.vol"}
	{Bone "engine"}
	{Matrix34
		0	-1	0
		0	0	1
		-1	0	0
		3.61555	0.0365448	-9.09384
	}
}
{Volume "engine"
	{Polyhedron "engine.vol"}
	{Bone "engine"}
	{Position 1.68042	0.00463974	3.8839}
}
{Volume "part1"
	{Box 13.7675 8.34778 1.27426}
	{Bone "part1"}
	{Matrix34
		0.999999	0	-0.00159204
		0.00159137	-0.00116777	0.999998
		0	-0.999999	-0.00116792
		-7.16765	-0.293925	1.90749
	}
}
{Volume "part2"
	{Box 13.7675 8.34778 1.27426}
	{Bone "part2"}
	{Matrix34
		0.999983	-0.00010179	-0.00591794
		0.00591886	0.0171575	0.999835
		0	-0.999853	0.0171584
		-7.22558	0.37121	1.86864
	}
}
{Volume "part3"
	{Cylinder 10.4724 6.66009}
	{Bone "part3"}
	{Position 0	0	0.106189}
}
{Volume "wheelleft1"
	{Cylinder 10.4724 6.66009}
	{Bone "wheell1"}
	{Position -1.08052e-005	0	0.106194}
}
{Volume "wheelleft4"
	{Cylinder 10.4724 6.66009}
	{Bone "wheell4"}
	{Position -1.52588e-005	0	0.10619}
}
{Volume "wheelright1"
	{Cylinder 10.4724 7.16138}
	{Bone "wheelr1"}
	{Position 0	0	-0.142354}
}
{Volume "wheelright3"
	{Cylinder 10.4724 7.16138}
	{Bone "wheelr3"}
	{Position 0.101785	0.0923765	-0.130192}
}
{Volume "wheelright4"
	{Cylinder 10.4724 7.16138}
	{Bone "wheelr4"}
	{Position 0	0	-0.142366}
}
