;Exported by: Администратор
;Date:        Thu Mar 06 16:51:33 2014
;File:        J:\GAMES_NEW\MAX_files\scenes\My mod\avia\mig15bis.max
{Skeleton
	{animation
		{sequence "wheels" {speed 1}}
	}
	{bone "basis"
		{parameters "SteerMax=45;wheelradius=0.2;"}
		{Orientation
			1	0	0
			0	-1	0
			0	0	1
		}
		{bone "pivot_front"
			{Matrix34
				1	0	0
				0	0	1
				0	-1	0
				54.8911	2.99213	3.59305
			}
			{bone "support1"
				{Position 0.399181	0.693015	0}
			}
		}
		{bone "pivot_back"
			{Matrix34
				1	0	0
				0	0	1
				0	-1	0
				-47.5944	4.45825	4.19699
			}
			{bone "support2"
				{Position 0	0	-47.8182}
			}
			{bone "support3"
				{Position 0	0	48.8251}
			}
		}
		{bone "emit1"
			{Matrix34
				0	-1	0
				1	0	0
				0	0	1
				61.1054	30.5637	0.192573
			}
		}
		{bone "body"
			{parameters "ID=body;"}
			{Matrix34
				0.997377	-0.0602939	0.0400422
				0.0602454	0.998181	0.00241869
				-0.0401152	0	0.999195
				-43.015	4.23048	40.4489
			}
			{VolumeView "body.ply"}
			{bone "visor1"
				{Matrix34
					0.997377	0.0602454	-0.0401152
					0.0400422	0.00241854	0.999195
					0.0602939	-0.998181	0
					92.7468	5.11052	5.72519
				}
			}
			{bone "zakrl"
				{Matrix34
					0.997377	0.0602454	-0.0401152
					-0.060294	0.998181	0
					0.0400422	0.00241868	0.999195
					32.4955	22.6215	-21.7959
				}
				{VolumeView "zakrl.ply"}
			}
			{bone "zakrr"
				{Matrix34
					0.997377	0.0602453	-0.0401152
					-0.0602939	0.998181	0
					0.0400421	0.00241886	0.999195
					35.4334	-18.2064	-22.7324
				}
				{VolumeView "zakrr.ply"}
			}
			{bone "zakr1"
				{Matrix34
					0.997377	0.0602454	-0.0401152
					-0.0602939	0.998181	0
					0.0400422	0.00241869	0.999195
					110.74	2.36097	-29.168
				}
				{VolumeView "zakr1.ply"}
			}
			{bone "zakr2"
				{Matrix34
					0.997377	0.0602454	-0.0401152
					-0.060294	0.998181	0
					0.0400421	0.00241868	0.999195
					110.2	9.60625	-28.9705
				}
				{VolumeView "zakr2.ply"}
			}
			{bone "driver"
				{Matrix34
					0.997377	0.0602454	-0.0401152
					-0.0602939	0.998181	0
					0.0400422	0.00241857	0.999195
					73.0214	2.78213	-17.6459
				}
			}
			{bone "w3"
				{Matrix34
					0.997377	0.0602454	-0.0401152
					-0.0602939	0.998181	0
					0.0400422	0.00241857	0.999195
					-80.0214	2.78213	-17.6459
				}
			}
			{bone "wheel_back"
				{Matrix34
					0.997377	0.0602454	-0.0401152
					-0.0602939	0.998181	0
					0.0400422	0.00241869	0.999195
					99.9911	5.1307	-31.2537
				}
				{VolumeView "wheel_back.ply"}
				{bone revolute "wheelf"
					{parameters "ID=wheelfront;"}
					{Matrix34
						0.997377	0.0400421	0.0602938
						0.0602453	0.00241853	-0.998181
						-0.0401151	0.999195	0
						-2.84063	0.0645282	-9.89864
					}
					{VolumeView "wheelf.ply"}
				}
			}
			{bone "wingr"
				{parameters "ID=body;"}
				{Position 0	0	0}
				{VolumeView "wingr.ply"}
				{bone "retract_wheelr"
					{Position 29.9045	-42.1234	-29.5489}
					{VolumeView "retract_wheelr.ply"}
					{bone revolute "wheelr"
						{parameters "ID=wheelright;"}
						{Matrix34
							0.997377	0.0602454	-0.0401151
							-0.0400422	-0.00241901	-0.999195
							-0.060294	0.998181	0
							-8.89914	-4.02033	-7.89788
						}
						{VolumeView "wheelr.ply"}
					}
				}
			}
			{bone "wingl"
				{parameters "ID=body;"}
				{Position 0	0	0}
				{VolumeView "wingl.ply"}
				{bone "retract_wheell"
					{Matrix34
						0.997377	0.0602454	-0.0401152
						-0.0602941	0.998181	0
						0.0400421	0.00241876	0.999195
						18.2125	53.0542	-27.9435
					}
					{VolumeView "retract_wheell.ply"}
					{bone revolute "wheell"
						{parameters "ID=wheelleft;"}
						{Matrix34
							1	0	0
							0	0	-1
							0	1	0
							-3.38244	-3.38284	-7.29885
						}
						{VolumeView "wheell.ply"}
					}
				}
			}
			{bone revolute "gun"
				{parameters "ID=gun;"}
				{limits 0 40}
				{Matrix34
					0.997377	0.0602454	-0.0401153
					-0.0400422	-0.00241875	-0.999195
					-0.060294	0.998181	0
					107.456	3.90561	-27.0192
				}
				{bone "shooter00"
					{Matrix34
						1	0	0
						0	-1	0
						0	0	-1
						18.3481	-3.12053	10.5251
					}
				}
				{bone "foresight3"
					{Matrix34
						1	0	0
						0	-1	0
						0	0	-1
						26.3158	0	0
					}
				}
				{bone "shooter01"
					{Matrix34
						1	0	0
						0	-1	0
						0	0	-1
						18.3481	-3.12054	-9.29469
					}
				}
			}
			{bone "bomb00"
				{Matrix34
					-0.023577	0.999722	0.000815391
					0.0221545	0.0013379	-0.999754
					-0.999477	-0.0235531	-0.0221799
					20.4979	-59.7414	-28.0314
				}
				{VolumeView "bomb00.ply"}
			}
			{bone "bomb02"
				{Matrix34
					-0.023577	0.999722	0.000815391
					0.0221545	0.0013379	-0.999754
					-0.999477	-0.0235531	-0.0221799
					13.2534	62.2959	-24.8714
				}
				{VolumeView "bomb02.ply"}
			}
			{bone "bomb01"
				{Matrix34
					-0.023577	0.999722	0.000815391
					0.0221545	0.0013379	-0.999754
					-0.999477	-0.0235531	-0.0221799
					3.72606	-81.1802	-28.4944
				}
				{VolumeView "bomb01.ply"}
			}
			{bone "bomb03"
				{Matrix34
					-0.023577	0.999722	0.000815391
					0.0221545	0.0013379	-0.999754
					-0.999477	-0.0235531	-0.0221799
					-7.94999	78.5864	-25.6387
				}
				{VolumeView "bomb03.ply"}
			}
			{bone "shooter_b00"
				{Matrix34
					0.997377	0.0602454	-0.0401151
					-0.0602939	0.998181	0
					0.0400422	0.00241869	0.999195
					24.5075	-59.6069	-27.3124
				}
			}
			{bone "shooter_b01"
				{Matrix34
					0.997377	0.0602454	-0.0401151
					-0.0602939	0.998181	0
					0.0400422	0.00241869	0.999195
					3.7933	-80.621	-26.4314
				}
			}
			{bone "shooter_b02"
				{Matrix34
					0.997377	0.0602454	-0.0401151
					-0.0602939	0.998181	0
					0.0400422	0.00241869	0.999195
					15.9731	62.064	-27.2649
				}
			}
			{bone "shooter_b03"
				{Matrix34
					0.997377	0.0602454	-0.0401151
					-0.0602939	0.998181	0
					0.0400422	0.00241869	0.999195
					-3.01989	78.6825	-26.544
				}
			}
		}
	}
}
{Volume "body"
	{Polyhedron "body.vol"}
	{Bone "body"}
	{Matrix34
		0.998158	0.0602926	-0.00670189
		-0.0602939	0.998181	0
		0.00668972	0.000404008	0.999978
		60.3967	2.46522	-14.3863
	}
}
{Volume "wingl"
	{Polyhedron "wingl.vol"}
	{Bone "wingl"}
	{Matrix34
		0.813966	0.579916	-0.034023
		-0.579532	0.814673	0.0212524
		0.0400422	0.00241869	0.999195
		-3.30592	72.6412	-12.5008
	}
}
{Volume "wingr"
	{Polyhedron "wingr.vol"}
	{Bone "wingr"}
	{Matrix34
		-0.898255	0.438085	0.0349365
		-0.437647	-0.898931	0.0197145
		0.040042	0.00241875	0.999195
		3.08406	-74.9713	-12.3996
	}
}
