;Exported by: misan
;Date:        Fri Aug  4 10:00:07 2023
;File:        D:\Cold War\ModelWIP\USSR\B-10\GAZ-69 B10.max
{Skeleton
	{animation
		{sequence "start" {speed 0.15}}
		{sequence "stop" {speed 0.15}}
		{sequence "hit" {speed 0.5}}
		{sequence "fire" {speed 0.5}}
		{sequence "open_right1" {speed 0.12}}
		{sequence "open_right2" {speed 0.2}}
		{sequence "open_left1" {speed 0.12}}
		{sequence "open_left2" {speed 0.2}}
		{sequence "open_back" {speed 0.12}}
		{sequence "mgun" {speed 0.3}}
	}
	{bone "basis"
		{parameters "WheelRadius=0.35;steerMax=28;"}
		{Orientation
			1	0	0
			0	-1	0
			0	0	1
		}
		{bone "emit4"
			{Matrix34
				0.99863	0.052336	0
				-0.052336	0.99863	0
				0	0	1
				-44.3399	-4.979	0
			}
		}
		{bone "emit2"
			{Matrix34
				0	1	0
				-1	0	0
				0	0	1
				0.9625	-28.7459	0
			}
		}
		{bone "emit3"
			{Position -45.4561	6.71704	0}
		}
		{bone "emit1"
			{Matrix34
				0	-1	0
				1	0	0
				0	0	1
				0.450613	25.6859	0
			}
		}
		{bone "body"
			{parameters "id=body;"}
			{Position 1.38198	-0.000228882	9.18709}
			{VolumeView "body.ply"}
			{bone "seats_r"
				{parameters "id=body;"}
				{Matrix34
					1	0	0
					0	0.0871558	0.996195
					0	-0.996195	0.0871558
					-24.6469	-13.5118	9.12161
				}
				{VolumeView "seats_r.ply"}
			}
			{bone "seats_l"
				{parameters "id=body;"}
				{Matrix34
					1	0	0
					0	0.0871558	-0.996195
					0	0.996195	0.0871558
					-24.6469	13.5122	9.12161
				}
				{VolumeView "seats_l.ply"}
			}
			{bone "door_back"
				{parameters "id=body;"}
				{Position -35.7048	-0.0276424	4.40006}
				{VolumeView "door_back.ply"}
			}
			{bone "steering"
				{Matrix34
					0.544639	0	0.838671
					0	1	0
					-0.838671	0	0.544639
					14.3426	8.99633	10.3134
				}
				{VolumeView "steering.ply"}
			}
			{bone "windshield"
				{parameters "id=body;"}
				{Matrix34
					-0.422618	0	-0.906308
					0	1	0
					0.906308	0	-0.422618
					14.9956	0.00527077	14.8355
				}
				{VolumeView "windshield.ply"}
				{bone "glassr"
					{parameters "id=glassr;"}
					{Position -5.41413	-6.59839	7.22943}
					{VolumeView "glassr.ply"}
				}
				{bone "glassl"
					{parameters "id=glassl;"}
					{Position -5.41413	6.58783	7.22943}
					{VolumeView "glassl.ply"}
				}
			}
			{bone "engine"
				{parameters "id=engine;"}
				{Position 26.3184	0	15.0384}
				{VolumeView "engine.ply"}
			}
			{bone "driver"
				{Position 1.36903	8.14836	1.48957}
			}
			{bone "commander"
				{Position 1.36903	-8.10396	1.48957}
			}
			{bone "detail1"
				{parameters "id=body;"}
				{Position 35.1993	0	9.11367}
				{VolumeView "detail1.ply"}
			}
			{bone "detail4"
				{parameters "id=body;"}
				{Position 14.5998	14.9318	15.2205}
				{VolumeView "detail4.ply"}
			}
			{bone "door_l1"
				{parameters "id=body;"}
				{Position 11.5029	14.4154	8.77222}
				{VolumeView "door_l1.ply"}
			}
			{bone "door_l2"
				{parameters "id=body;"}
				{Position -2.83147	15.3234	8.74526}
				{VolumeView "door_l2.ply"}
			}
			{bone "door_r1"
				{parameters "id=body;"}
				{Position 11.5029	-14.4153	8.77222}
				{VolumeView "door_r1.ply"}
			}
			{bone "door_r2"
				{parameters "id=body;"}
				{Position -2.83147	-15.3148	8.77333}
				{VolumeView "door_r2.ply"}
			}
			{bone "fxfire1"
				{Position 22.6941	0.111866	12.2707}
			}
			{bone "fxsmoke1"
				{Matrix34
					-0.45399	-0.891007	0
					0.891007	-0.45399	0
					0	0	1
					-7.14321	-12.824	-0.103654
				}
			}
			{bone "fxstop1"
				{Matrix34
					-1	0	0
					0	-1	0
					0	0	1
					-36.9982	-13.6451	11.1963
				}
			}
			{bone "fxstop2"
				{Matrix34
					-1	0	0
					0	-1	0
					0	0	1
					-36.9982	13.6248	11.1963
				}
			}
			{bone "headlightl"
				{Position 34.2759	9.08085	8.12454}
			}
			{bone "headlightr"
				{Position 34.2759	-9.02919	8.12454}
			}
			{bone "link2"
				{Matrix34
					-1	0	0
					0	-1	0
					0	0	1
					-38.4833	0.000228357	2.81526
				}
			}
			{bone "recoiless"
				{parameters "id=gun;"}
				{Position -22.558	0.000228452	19.6144}
				{VolumeView "recoiless.ply"}
				{bone revolute "turret"
					{parameters "id=gun;"}
					{Position 1.26944	0	1.66377}
					{VolumeView "turret.ply"}
					{bone revolute "gun_rot"
						{parameters "id=gun;"}
						{limits -5 15}
						{Matrix34
							1	0	0
							0	0	-1
							0	1	0
							0.056282	0	4.19408
						}
						{VolumeView "gun_rot.ply"}
						{bone "fxshot"
							{Matrix34
								-1	0	0
								0	0	-1
								0	-1	0
								-12.2881	-1.94661	0
							}
						}
						{bone "foresight1"
							{Matrix34
								1	0	0
								0	0	1
								0	-1	0
								27.2847	-1.94661	0
							}
						}
						{bone "visor1"
							{Matrix34
								1	0	0
								0	0	1
								0	-1	0
								8.30597	-2.68565	3.00288
							}
						}
					}
					{bone "gunner"
						{Matrix34
							0.996195	-0.0871558	0
							0.0871558	0.996195	0
							0	0	1
							-2.74798	4.99521	-13.1
						}
					}
					{bone "charger"
						{Matrix34
							0.997564	0.0697564	0
							-0.0697564	0.997564	0
							0	0	1
							0.532997	-7.74186	-13.1
						}
					}
				}
			}
			{bone revolute "mgun_turret"
				{Position 12.0363	-10.978	18.1169}
				{bone revolute "mgun_rot"
					{Matrix34
						0.882948	0	0.469472
						-0.469472	0	0.882948
						0	-1	0
						0	0	0.163692
					}
					{bone "mgun_help"
						{Position -7.63881	0	0}
					}
				}
			}
			{bone "visor1"
				{Position 5.66506	-7.43338	24.3884}
			}
			{bone "visor2"
				{Position 5.66506	9.08405	24.3884}
			}
		}
		{bone "pivot_back"
			{Position -19.8006	0	7.97366}
			{VolumeView "pivot_back.ply"}
			{bone prizmatic "suspension_l2"
				{limits -0.1 0.1}
				{Position 0.0186348	12.74	-0.00609112}
				{bone revolute "wheell2"
					{parameters "id=wheelleft2;"}
					{Matrix34
						1	0	0
						0	0	-1
						0	1	0
						-0.00643539	2.186	0.000544548
					}
					{VolumeView "wheell2.ply"}
				}
			}
			{bone prizmatic "suspension_r2"
				{limits -0.1 0.1}
				{Position 0.0186348	-12.7085	-0.00609303}
				{bone revolute "wheelr2"
					{parameters "id=wheelright2;"}
					{Matrix34
						1	0	0
						0	0	-1
						0	1	0
						-0.00643921	-2.21731	0.000545502
					}
					{VolumeView "wheelr2.ply"}
				}
			}
		}
		{bone "pivot_front"
			{Position 26.4012	0	7.97366}
			{VolumeView "pivot_front.ply"}
			{bone prizmatic "suspension_r1"
				{limits -0.1 0.1}
				{Position -0.154209	-12.7085	-0.00609303}
				{bone revolute "steer_r"
					{Matrix34
						1	0	0
						0	-1	0
						0	0	-1
						0.00499344	0	0
					}
					{bone revolute "wheelr1"
						{parameters "id=wheelright1;"}
						{Matrix34
							1	0	0
							0	0	1
							0	-1	0
							-0.00340271	2.21731	-0.000544548
						}
						{VolumeView "wheelr1.ply"}
					}
				}
			}
			{bone prizmatic "suspension_l1"
				{limits -0.1 0.1}
				{Position -0.154205	12.74	-0.00609112}
				{bone revolute "steer_l"
					{Matrix34
						1	0	0
						0	-1	0
						0	0	-1
						0.00499344	0	0
					}
					{bone revolute "wheell1"
						{parameters "id=wheelleft1;"}
						{Matrix34
							1	0	0
							0	0	1
							0	-1	0
							-0.00340652	-2.186	-0.000544548
						}
						{VolumeView "wheell1.ply"}
					}
				}
			}
		}
	}
}
{Volume "body1"
	{Polyhedron "body1.vol"}
	{Bone "body"}
	{Position 24.6702	0.000228882	3.31553}
}
{Volume "body2"
	{Polyhedron "body2.vol"}
	{Bone "body"}
	{Position -1.83263	0.000228882	3.32981}
}
{Volume "engine"
	{Box 11.9214 9.51423 16.1497}
	{Bone "body"}
	{Matrix34
		0	-1	0
		0	0	1
		-1	0	0
		22.5977	0.000228918	9.31679
	}
}
{Volume "fuel1"
	{Box 10.1322 10.7379 3.79956}
	{Bone "body"}
	{Position -9.75804	0.000228882	0.486413}
}
{Volume "glassl"
	{Box 12.7807 7.61318 1.18647}
	{Bone "glassl"}
	{Matrix34
		0	-1	0
		-0.358368	0	0.93358
		-0.93358	0	-0.358368
		-0.0542138	-0.136581	-0.000861526
	}
}
{Volume "glassr"
	{Box 12.7807 7.61318 1.18647}
	{Bone "glassr"}
	{Matrix34
		0	-1	0
		-0.358368	0	0.93358
		-0.93358	0	-0.358368
		-0.0542138	0.184117	-0.000860572
	}
}
{Volume "gun1"
	{Cylinder 1.89401 39.4798}
	{Bone "gun_rot"}
	{Matrix34
		0	0	-1
		0	-1	0
		-1	0	0
		7.79127	-1.92213	-0.0052
	}
}
{Volume "gun2"
	{Box 2.57316 3.70629 3.09251}
	{Bone "turret"}
	{Matrix34
		0	-1	0
		0	0	1
		-1	0	0
		1.15915	0.0538198	2.56338
	}
}
{Volume "gun3"
	{Box 4.8707 4.4928 3.06518}
	{Bone "recoiless"}
	{Position 1.32042	-0.0775764	0.803281}
}
{Volume "gun4"
	{Cylinder 0.573419 14.3892}
	{Bone "recoiless"}
	{Matrix34
		0.829037	0	0.559193
		0	1	0
		-0.559193	0	0.829037
		6.43674	-0.0400665	-6.58976
	}
}
{Volume "gun5"
	{Cylinder 0.573419 14.3892}
	{Bone "recoiless"}
	{Matrix34
		0.96537	0.011362	-0.260637
		-0.0951869	0.945519	-0.311342
		0.2429	0.32537	0.913857
		-2.4241	-3.9836	-7.2
	}
}
{Volume "gun6"
	{Cylinder 0.573419 14.3892}
	{Bone "recoiless"}
	{Matrix34
		0.960984	-0.00568184	-0.276547
		0.0951869	0.945518	0.311342
		0.259711	-0.325518	0.909169
		-2.54505	3.9689	-7.16626
	}
}
{Volume "hole1"
	{Box 11.6175 7.19396 1.01048}
	{Bone "windshield"}
	{Matrix34
		0	-1	0
		-0.374606	0	0.927184
		-0.927184	0	-0.374606
		-5.40906	6.33363	7.10479
	}
}
{Volume "hole2"
	{Box 11.6175 7.19396 1.01048}
	{Bone "windshield"}
	{Matrix34
		0	-1	0
		-0.374607	0	0.927184
		-0.927184	0	-0.374607
		-5.40906	-6.28512	7.10478
	}
}
{Volume "hole"
	{Box 45.2957 26.2068 12.2576}
	{Bone "body"}
	{Position -12.1445	0.000228882	10.2797}
}
{Volume "ram"
	{Polyhedron "ram.vol"}
	{Bone "body"}
	{Position 7.35633	-0.0681951	9.60043}
}
{Volume "transmission"
	{Cylinder 3.59976 46.1478}
	{Bone "body"}
	{Matrix34
		0	-1	0
		0	0	1
		-1	0	0
		-1.91496	0.00142978	0.49866
	}
}
{Volume "wheelleft1"
	{Cylinder 8.17925 5.15903}
	{Bone "wheell1"}
	{Matrix34
		1	0	0
		0	-1	0
		0	0	-1
		-0.0398427	0.0627876	-0.108688
	}
}
{Volume "wheelleft2"
	{Cylinder 8.17925 5.15903}
	{Bone "wheell2"}
	{Matrix34
		1	0	0
		0	-1	0
		0	0	-1
		0.038248	0.0627882	-0.108684
	}
}
{Volume "wheelright1"
	{Cylinder 8.17925 5.15903}
	{Bone "wheelr1"}
	{Matrix34
		1	0	0
		0	-1	0
		0	0	-1
		-0.0398388	0.0627876	-0.0148199
	}
}
{Volume "wheelright2"
	{Cylinder 8.17925 5.15903}
	{Bone "wheelr2"}
	{Matrix34
		1	0	0
		0	-1	0
		0	0	-1
		0.0382518	0.0627867	-0.0148187
	}
}
{Volume "windshield"
	{Polyhedron "windshield.vol"}
	{Bone "windshield"}
	{Matrix34
		0	-1	0
		-0.374606	0	0.927184
		-0.927184	0	-0.374606
		-3.41989	0.0187012	2.76774
	}
}
