;Exported by: pk
;Date:        Wed Dec 12 23:33:11 2018
;File:        E:\Chris setup\my\uh\uh_1h_x.max
{Skeleton
	{bone "basis"
		{Orientation
			1	0	0
			0	-1	0
			0	0	1
		}
		{bone "body"
			{parameters "ID=body;"}
			{Position 0	0	0}
			{VolumeView "body.ply"}
			{bone "doorleft1"
				{parameters "ID=body;"}
				{Position -14.9924	21.1369	15.376}
				{VolumeView "doorleft1.ply"}
				{bone "window15"
					{Matrix34
						0	-1	0
						1	0	0
						0	0	1
						25.0745	2.08927	15.506
					}
					{VolumeView "window15.ply"}
				}
				{bone "window16"
					{Matrix34
						0.00222857	-0.999998	0
						0.999998	0.00222857	0
						0	0	1
						8.84205	1.44569	15.1256
					}
					{VolumeView "window16.ply"}
				}
			}
			{bone "doorleft"
				{parameters "ID=body;"}
				{Matrix34
					0.999194	0	0.0401318
					-0.00231015	0.998342	0.0575177
					-0.0400652	-0.057564	0.997538
					51.2418	17.4667	18.3604
				}
				{VolumeView "doorleft.ply"}
				{bone "window12"
					{Matrix34
						0	-0.998342	0.0575639
						0.999194	-0.0023103	-0.0400652
						0.0401318	0.0575175	0.997538
						-5.81152	0.602697	12.8606
					}
					{VolumeView "window12.ply"}
				}
				{bone "window13"
					{Matrix34
						0	-0.998342	0.0575639
						0.999194	-0.0023103	-0.0400652
						0.0401318	0.0575175	0.997538
						-12.5969	1.56174	13.9025
					}
					{VolumeView "window13.ply"}
				}
			}
			{bone "doorright"
				{parameters "ID=body;"}
				{Matrix34
					0.999194	0	0.0401318
					0.00231014	0.998342	-0.0575175
					-0.0400652	0.0575639	0.997538
					51.2418	-17.4606	18.3604
				}
				{VolumeView "doorright.ply"}
				{bone "window7"
					{Matrix34
						0	-0.998342	-0.057564
						0.999194	0.00230998	-0.0400652
						0.0401317	-0.0575176	0.997538
						-5.81152	-0.608807	12.8603
					}
					{VolumeView "window7.ply"}
				}
				{bone "window8"
					{Matrix34
						0	-0.998342	-0.057564
						0.999194	0.00230998	-0.0400652
						0.0401317	-0.0575176	0.997538
						-12.5969	-1.56784	13.9021
					}
					{VolumeView "window8.ply"}
				}
			}
			{bone "doorleft2"
				{parameters "ID=body;"}
				{Matrix34
					0.985705	-0.168479	0
					0.0177686	0.103957	-0.994423
					0.167539	0.980208	0.105465
					30.5634	21.358	31.3322
				}
				{bone "window14"
					{Matrix34
						0.168479	-0.103957	-0.980208
						0.985705	0.0177689	0.167539
						0	-0.994423	0.105465
						-5.35125	-0.528151	-0.422567
					}
					{VolumeView "window14.ply"}
				}
			}
			{bone "doorright2"
				{parameters "ID=body;"}
				{Matrix34
					0.999816	0	0.0191972
					0.00193598	0.994902	-0.100829
					-0.0190994	0.100848	0.994719
					30.175	-21.7913	23.754
				}
				{bone "window9"
					{Matrix34
						0	-0.994902	-0.100848
						0.999816	0.00193633	-0.0190994
						0.0191973	-0.10083	0.994718
						-4.8109	-0.821287	8.11119
					}
					{VolumeView "window9.ply"}
				}
			}
			{bone "engine"
				{parameters "ID=engine;"}
				{Position -20.8655	0.00514936	48.0459}
				{VolumeView "engine.ply"}
				{bone "rotor"
					{parameters "ID=rotor;"}
					{Matrix34
						0.882746	0.460655	-0.0925045
						-0.44941	0.885255	0.119807
						0.13708	-0.0641868	0.988478
						20.863	-0.000348472	6.54074
					}
					{VolumeView "rotor.ply"}
					{bone "propeller"
						{parameters "ID=propeller;"}
						{VolumeView "propeller.ply"}
					}
					{bone "propeller1"
						{parameters "ID=propeller1;"}
						{VolumeView "propeller1.ply"}
					}
					{bone "engine_work"
						{Matrix34
							0.887038	-0.461696	0
							0.461696	0.887038	0
							0	0	1
							1.4782e-005	-6.48499e-005	18.5566
						}
						{visibility 0}
						{VolumeView "engine_work.ply"}
					}
				}
				{bone "rotor_b"
					{parameters "ID=rotor_b;"}
					{Matrix34
						-0.0200579	0.989643	0.142142
						-0.854226	-0.0908377	0.511905
						0.519515	-0.111153	0.847201
						-144.474	-0.00514746	16.0266
					}
					{VolumeView "rotor_b.ply"}
					{bone "rotor_work"
						{Matrix34
							0	-1	0
							0	0	-1
							1	0	0
							7.51302	0.0272827	0.504753
						}
						{visibility 0}
						{VolumeView "rotor_work.ply"}
					}
					{bone "propeller_b"
						{parameters "ID=propeller_b;"}
						{Matrix34
							0	-1	0
							1	0	0
							0	0	1
							6.93593	0.92746	14.5759
						}
						{VolumeView "propeller_b.ply"}
					}
					{bone "propeller_b1"
						{parameters "ID=propeller_b1;"}
						{Matrix34
							0	-1	0
							1	0	0
							0	0	1
							6.93593	-0.872818	-14.589
						}
						{VolumeView "propeller_b1.ply"}
					}
				}
			}
			{bone "doorright1"
				{parameters "ID=body;"}
				{Position -0.294876	0.0702248	-0.0717278}
				{VolumeView "doorright1.ply"}
				{bone "window11"
					{Matrix34
						0	-1	0
						1	0	0
						0	0	1
						-5.52014	-22.69	30.5791
					}
					{VolumeView "window11.ply"}
				}
				{bone "window10"
					{Matrix34
						0	-1	0
						1	0	0
						0	0	1
						10.3786	-23.2966	30.9538
					}
					{VolumeView "window10.ply"}
				}
			}
			{bone "window1"
				{Matrix34
					0	-1	0
					1	0	0
					0	0	1
					49.5635	-7.951	34.3088
				}
				{VolumeView "window1.ply"}
			}
			{bone "window2"
				{Matrix34
					0	-1	0
					1	0	0
					0	0	1
					49.5636	7.95101	34.3088
				}
				{VolumeView "window2.ply"}
			}
			{bone "window3"
				{Matrix34
					0	-1	0
					1	0	0
					0	0	1
					38.0353	-11.348	43.0191
				}
				{VolumeView "window3.ply"}
			}
			{bone "window4"
				{Matrix34
					0	-1	0
					1	0	0
					0	0	1
					38.0353	11.348	43.0191
				}
				{VolumeView "window4.ply"}
			}
			{bone "window5"
				{Matrix34
					0	-1	0
					1	0	0
					0	0	1
					60.6193	-10.7407	16.1817
				}
				{VolumeView "window5.ply"}
			}
			{bone "window6"
				{Matrix34
					0	-1	0
					1	0	0
					0	0	1
					60.6193	10.7407	16.1817
				}
				{VolumeView "window6.ply"}
			}
		}
		{bone "pivot_front"
			{Position 43.9549	0	9.72206}
		}
		{bone "pivot_back"
			{Position -10.0914	0	9.72206}
		}
	}
}
