;Exported by: Артем
;Date:        Sat Nov 07 12:39:49 2015
;File:        D:\Autodesk\Low poly\freelance\DMS 2.0\Cannon\ZPU-2\export\ZPU-2_xx.max
{Skeleton
	{bone "basis"
		{Orientation
			1	0	0
			0	-1	0
			0	0	1
		}
		{bone "body"
			{parameters "ID=body;"}
			{Position -4.15735	-0.0901996	1.4029}
			{VolumeView "body.ply"}
			{bone revolute "turret"
				{parameters "ID=turret;"}
				{speed 0.015}
				{Matrix34
					0.99437	0.105475	0.0101193
					-0.104529	0.992099	-0.0693744
					-0.0173566	0.0679261	0.997539
					-0.519042	-0.0112939	0.448847
				}
				{VolumeView "turret.ply"}
				{bone revolute "gun_rot"
					{parameters "ID=gun;"}
					{limits -10 75}
					{speed 0.01}
					{Matrix34
						0.997564	-0.0030429	-0.0696901
						0.0697565	0.0435131	0.996615
						0	-0.999048	0.0436194
						6.78074	0.101493	11.0249
					}
					{VolumeView "gun_rot.ply"}
					{bone "gun2"
						{parameters "ID=gun;"}
						{Matrix34
							0.999048	0.0436194	0
							0.0131166	-0.30042	-0.953717
							-0.0416005	0.952809	-0.300706
							10.3591	1.42738	2.02785
						}
						{VolumeView "gun2.ply"}
					}
					{bone "gun1"
						{parameters "ID=gun;"}
						{Matrix34
							1	0	0
							0	0	-1
							0	1	0
							10.3591	0.925726	-1.82486
						}
						{VolumeView "gun1.ply"}
					}
				}
				{bone "part3"
					{Matrix34
						0	0	1
						0	1	0
						-1	0	0
						-0.0694151	11.6842	0.98592
					}
					{VolumeView "part3.ply"}
					{bone revolute "part2"
						{parameters "ID=wheelleft;Support=1;Radius=0.35;"}
						{Matrix34
							0.987689	-0.156435	0
							0	0	-1
							0.156435	0.987688	0
							5.19709	3.34306	-2.67295
						}
						{VolumeView "part2.ply"}
					}
				}
				{bone "pivot_front"
					{Matrix34
						0.628721	-0.0274506	0.777146
						0.0436194	0.999048	0
						-0.776406	0.0338987	0.62932
						-0.0694189	-11.6842	0.985916
					}
					{VolumeView "pivot_front.ply"}
				}
				{bone "part4"
					{parameters "ID=turret;"}
					{Position -9.61734	-8.20524	4.98809}
					{VolumeView "part4.ply"}
				}
				{bone "part5"
					{parameters "ID=turret;"}
					{Matrix34
						0.85264	0	0.522499
						0	1	0
						-0.522499	0	0.85264
						-10.14	0.198904	16.3287
					}
					{VolumeView "part5.ply"}
				}
			}
			{bone "part1"
				{Matrix34
					0.999962	0	0.00872654
					0	1	0
					-0.00872654	0	0.999962
					-10.6126	-0.0112892	-0.542767
				}
				{VolumeView "part1.ply"}
			}
		}
	}
}
{Volume "body"
	{Cylinder 10.5969 2.73116}
	{Bone "body"}
	{Position 0.0630178	-0.018606	-0.273719}
}
{Volume "gun"
	{Box 43.616 6.16318 2.12191}
	{Bone "gun_rot"}
	{Matrix34
		1	0	0
		0	0	-1
		0	1	0
		7.99275	0.278364	-0.123194
	}
}
{Volume "part1"
	{Box 30.928 6.50417 3.76092}
	{Bone "part1"}
	{Matrix34
		0.983255	0	-0.182235
		0.182235	0	0.983255
		0	-1	0
		-14.6487	0.18902	3.20398
	}
}
{Volume "part2"
	{Cylinder 5.51181 3.20613}
	{Bone "part2"}
	{Matrix34
		0	-1	0
		1	0	0
		0	0	1
		0	0	-0.382455
	}
}
{Volume "part3"
	{Box 10.0981 11.662 3.90966}
	{Bone "part3"}
	{Matrix34
		0	-0.190809	-0.981627
		1	0	0
		0	-0.981627	0.190809
		5.2052	2.23041	1.98565
	}
}
{Volume "part4"
	{Box 8.3629 6.72949 9.4329}
	{Bone "part4"}
	{Matrix34
		1	0	0
		0	0.942642	0.333807
		0	-0.333807	0.942642
		-0.655264	-2.02187	-0.201156
	}
}
{Volume "part5"
	{Box 12.0619 4.63422 3.76092}
	{Bone "part5"}
	{Matrix34
		1	0	0
		0	0	1
		0	-1	0
		4.28493	0.247151	1.82928
	}
}
{Volume "turret2"
	{Box 4.26772 7.84841 12.0787}
	{Bone "turret"}
	{Matrix34
		0.814116	0	0.580703
		0	1	0
		-0.580703	0	0.814116
		9.73625	8.47231	7.64659
	}
}
{Volume "turret3"
	{Box 4.26772 7.84843 12.0787}
	{Bone "turret"}
	{Matrix34
		0.814116	0	0.580703
		0	1	0
		-0.580703	0	0.814116
		9.73625	-8.49032	7.64659
	}
}
{Volume "turret"
	{Box 13.0504 8.75172 15.8309}
	{Bone "turret"}
	{Position 0.570855	0.0412547	5.68007}
}
