;Exported by: pk
;Date:        Tue Mar 26 22:03:06 2019
;File:        E:\Chris models\btr-60p\btr-60p_export.max
{Skeleton
	{animation
		{sequence "start" {speed 0.7}}
		{sequence "stop" {speed 0.7}}
		{sequence "hit" {speed 0.5}}
		{sequence "doorleft1" {speed 0.5}}
		{sequence "doorleft" {speed 0.5}}
		{sequence "doorright1" {speed 0.5}}
		{sequence "doorright" {speed 0.5}}
	}
	{bone "basis"
		{parameters "SteerMax=35;WheelRadius=0.58;"}
		{Orientation
			1	0	0
			0	-1	0
			0	0	1
		}
		{bone "emit1"
			{parameters "Group=driver;"}
			{Matrix34
				0	-1	0
				1	0	0
				0	0	1
				34.2192	45.1504	0.223118
			}
		}
		{bone "emit4"
			{parameters "Group=crew;"}
			{Matrix34
				0	1	0
				-1	0	0
				0	0	1
				-25.9028	-45.2756	0.223118
			}
		}
		{bone "emit3"
			{parameters "Group=crew;"}
			{Matrix34
				0	-1	0
				1	0	0
				0	0	1
				-26.0032	45.1504	0.223118
			}
		}
		{bone "emit2"
			{parameters "Group=commander;"}
			{Matrix34
				0	1	0
				-1	0	0
				0	0	1
				34.3197	-45.2756	0.223118
			}
		}
		{bone "pivot_back"
			{Position -35.1627	0.0292765	11.369}
			{bone prizmatic "suspension_l3"
				{limits -0.3 0.1}
				{speed2 2}
				{Position 17.3384	19.7267	0}
				{bone revolute "wheell3"
					{parameters "ID=wheelleft3;WheelRadius=0.43;"}
					{Matrix34
						-1	0	0
						0	0	1
						0	1	0
						0	4.4372	0
					}
					{VolumeView "wheell3.ply"}
				}
			}
			{bone prizmatic "suspension_l4"
				{limits -0.3 0.1}
				{speed2 2}
				{Position -11.4193	19.7267	0}
				{bone revolute "wheell4"
					{parameters "ID=wheelleft4;WheelRadius=0.43;"}
					{Matrix34
						-1	0	0
						0	0	1
						0	1	0
						0	4.43721	0
					}
					{VolumeView "wheell3.ply"}
				}
			}
			{bone prizmatic "suspension_r3"
				{limits -0.3 0.1}
				{speed2 2}
				{Position 17.3439	-19.7693	0}
				{bone revolute "wheelr3"
					{parameters "ID=wheelright3;WheelRadius=0.43;"}
					{Matrix34
						-1	0	0
						0	0	1
						0	1	0
						0	-4.56229	0
					}
					{VolumeView "wheelr3.ply"}
				}
			}
			{bone prizmatic "suspension_r4"
				{limits -0.3 0.1}
				{speed2 2}
				{Position -11.4243	-19.7693	0}
				{bone revolute "wheelr4"
					{parameters "ID=wheelright4;WheelRadius=0.43;"}
					{Matrix34
						-1	0	0
						0	0	1
						0	1	0
						0	-4.56228	0
					}
					{VolumeView "wheelr3.ply"}
				}
			}
			{bone "fxtracel3"
				{Matrix34
					-1	0	0
					0	-1	0
					0	0	1
					-11.4193	24.0533	-11.055
				}
			}
			{bone "fxtracer3"
				{Matrix34
					-1	0	0
					0	-1	0
					0	0	1
					-11.4193	-24.2753	-11.055
				}
			}
		}
		{bone "pivot_front"
			{Position 27.1922	0.0292711	11.369}
			{bone revolute "steer_r1"
				{Matrix34
					1	0	0
					0	-1	0
					0	0	-1
					16.3469	-19.7693	-0.223425
				}
				{bone prizmatic "suspension_r1"
					{limits -0.3 0.1}
					{speed2 2}
					{Matrix34
						1	0	0
						0	-1	0
						0	0	-1
						-0.135704	0	-0.223425
					}
					{bone revolute "wheelr1"
						{parameters "ID=wheelright1;WheelRadius=0.43;"}
						{Matrix34
							-1	0	0
							0	0	1
							0	1	0
							0	-4.5623	0
						}
						{VolumeView "wheelr1.ply"}
					}
				}
				{bone "wr1"
					{parameters "ID=body;"}
					{Matrix34
						1	0	0
						0	-1	0
						0	0	-1
						-0.00859833	0	0
					}
					{VolumeView "wr1.ply"}
				}
				{bone "fxtracer1"
					{Matrix34
						-1	0	0
						0	1	0
						0	0	-1
						-0.143257	4.50605	10.8325
					}
				}
			}
			{bone revolute "steer_r2"
				{Matrix34
					1	0	0
					0	-1	0
					0	0	-1
					-12.0594	-19.7693	-0.223425
				}
				{bone "wr2"
					{parameters "ID=body;"}
					{Matrix34
						1	0	0
						0	-1	0
						0	0	-1
						0	0	0
					}
					{VolumeView "wr2.ply"}
				}
				{bone prizmatic "suspension_r2"
					{limits -0.3 0.1}
					{speed2 2}
					{Matrix34
						1	0	0
						0	-1	0
						0	0	-1
						0.01968	0	-0.223426
					}
					{bone revolute "wheelr2"
						{parameters "ID=wheelright2;WheelRadius=0.43;"}
						{Matrix34
							-1	0	0
							0	0	1
							0	1	0
							0	-4.5623	0
						}
						{VolumeView "wheelr3.ply"}
					}
				}
				{bone "fxtracer2"
					{Matrix34
						-1	0	0
						0	1	0
						0	0	-1
						0.0191898	4.50605	10.8325
					}
				}
			}
			{bone revolute "steer_l2"
				{Matrix34
					1	0	0
					0	-1	0
					0	0	-1
					-12.0599	19.7267	-0.223421
				}
				{bone "wl2"
					{parameters "ID=body;"}
					{Matrix34
						1	0	0
						0	-1	0
						0	0	-1
						-0.0112	0	-1.42254
					}
					{VolumeView "wl2.ply"}
				}
				{bone prizmatic "suspension_l2"
					{limits -0.3 0.1}
					{speed2 2}
					{Matrix34
						1	0	0
						0	-1	0
						0	0	-1
						0.0196648	0	-0.223422
					}
					{bone revolute "wheell2"
						{parameters "ID=wheelleft2;WheelRadius=0.43;"}
						{Matrix34
							-1	0	0
							0	0	1
							0	1	0
							0	4.43719	0
						}
						{VolumeView "wheell3.ply"}
					}
				}
				{bone "fxtracel2"
					{Matrix34
						-1	0	0
						0	1	0
						0	0	-1
						0.0196648	-4.32666	10.8325
					}
				}
			}
			{bone revolute "steer_l1"
				{Matrix34
					1	0	0
					0	-1	0
					0	0	-1
					16.3394	19.7267	-0.223421
				}
				{bone "wl1"
					{parameters "ID=body;"}
					{Matrix34
						1	0	0
						0	-1	0
						0	0	-1
						0	0	0
					}
					{VolumeView "wl1.ply"}
				}
				{bone prizmatic "suspension_l1"
					{limits -0.3 0.1}
					{speed2 2}
					{Matrix34
						1	0	0
						0	-1	0
						0	0	-1
						-0.135715	0	-0.223423
					}
					{bone revolute "wheell1"
						{parameters "ID=wheelleft1;WheelRadius=0.43;"}
						{Matrix34
							-1	0	0
							0	0	1
							0	1	0
							0	4.43719	0
						}
						{VolumeView "wheell3.ply"}
					}
				}
				{bone "fxtracel1"
					{Matrix34
						-1	0	0
						0	1	0
						0	0	-1
						-0.135719	-4.32663	10.8325
					}
				}
			}
		}
		{bone "body"
			{parameters "ID=body;"}
			{animation
				{sequence "repair" {file "body_r.anm"} {speed 0.9}}
			}
			{Position 0.166597	0.00798035	24.4068}
			{VolumeView "body.ply"}
			{bone "visor2"
				{Matrix34
					0.999974	0	0.00727647
					-0.00727648	0	0.999974
					0	-1	0
					52.6864	8.46001	12.6723
				}
			}
			{bone "fxlight"
				{Matrix34
					0.999974	0	0.00727647
					-0.00727648	0	0.999974
					0	-1	0
					82.6271	1.02907	8.29355
				}
			}
			{bone "headlightr"
				{Matrix34
					0.999974	0	0.00727647
					-0.00727648	0	0.999974
					0	-1	0
					63.9229	-17.1926	8.58816
				}
			}
			{bone "headlightl"
				{Matrix34
					0.999974	0	0.00727647
					-0.00727648	0	0.999974
					0	-1	0
					63.9229	17.1788	8.58815
				}
			}
			{bone "fxfire1"
				{Matrix34
					-0.00727631	0	0.999974
					0.999974	-3.2689e-005	0.0072763
					3.27347e-005	1	0
					-61.4816	-2.21097	9.36014
				}
			}
			{bone "fxsmoke1"
				{Matrix34
					-0.181544	0.000763719	-0.983383
					0.0189247	-0.999812	-0.00427017
					-0.983201	-0.0193855	0.181495
					-63.0092	24.1912	1.02445
				}
			}
			{bone "fxsmoke2"
				{Matrix34
					-0.181543	0.000764421	-0.983383
					0.0189148	-0.999812	-0.00426901
					-0.983201	-0.0193755	0.181495
					-63.0092	-24.1909	1.02445
				}
			}
			{bone "fxstop2"
				{Matrix34
					-0.999999	0	0.00145007
					0.00145006	0	0.999999
					0	1	0
					-53.7197	-15.897	16.0694
				}
			}
			{bone "fxstop1"
				{Matrix34
					-0.999999	0	0.00145007
					0.00145006	0	0.999999
					0	1	0
					-53.7197	15.8976	16.0701
				}
			}
			{bone "link2"
				{Matrix34
					-0.999974	0	-0.00727656
					-0.00727657	0	0.999974
					0	1	0
					-74.7906	0.0148618	-8.54858
				}
			}
			{bone "fxshot"
				{Matrix34
					0.999974	0	0.00727646
					-0.00727648	0	0.999974
					0	-1	0
					4.17004	0.428016	-14.3794
				}
			}
			{bone "seat02"
				{parameters "Group=driver;"}
				{Matrix34
					0.087156	0.996195	0
					-0.996195	0.087156	0
					0	0	1
					30.2357	-10.3769	-8.5858
				}
			}
			{bone "seat08"
				{parameters "Group=driver;"}
				{Matrix34
					0.12187	0.992546	0
					-0.992546	0.12187	0
					0	0	1
					4.31395	-10.3769	-8.5858
				}
			}
			{bone "seat06"
				{parameters "Group=driver;"}
				{Matrix34
					0.104529	0.994522	0
					-0.994522	0.104529	0
					0	0	1
					13.1407	-10.3769	-8.5858
				}
			}
			{bone "seat04"
				{parameters "Group=driver;"}
				{Matrix34
					-0.139173	0.990268	0
					-0.990268	-0.139173	0
					0	0	1
					21.7213	-10.3769	-8.5858
				}
			}
			{bone "enumerator"
				{Matrix34
					-1	0	0
					0	-0.553168	0.83307
					0	0.83307	0.553168
					34.869	23.5201	6.94133
				}
				{VolumeView "enumerator.ply"}
			}
			{bone "detail1"
				{parameters "id=body;"}
				{Position -3.22235	22.3524	8.83521}
				{VolumeView "detail1.ply"}
			}
			{bone "detail2"
				{parameters "id=body;"}
				{Position 3.28917	23.935	6.55}
				{VolumeView "detail2.ply"}
			}
			{bone "detail3"
				{parameters "id=body;"}
				{Position 60.7393	1.2753	0.726265}
				{VolumeView "detail3.ply"}
			}
			{bone "detail4"
				{parameters "id=body;"}
				{Position -5.75747	-25.8089	3.88623}
				{VolumeView "detail4.ply"}
			}
			{bone "detail5"
				{parameters "id=body;"}
				{Position -2.03039	-22.631	8.42027}
				{VolumeView "detail5.ply"}
			}
			{bone "at1"
				{Matrix34
					1	-0.000195439	-0.000365823
					0.000197625	0.999984	0.00565829
					0.0003647	-0.00565841	0.999984
					44.2407	-14.6425	17.2248
				}
				{VolumeView "at1.ply"}
				{bone "at2"
					{Matrix34
						0.998135	0	0.0610482
						0	1	0
						-0.0610482	0	0.998135
						-0.0251045	0.0100517	15.4772
					}
					{VolumeView "at2.ply"}
					{bone "at3"
						{Matrix34
							0.993572	0	0.113204
							0	1	0
							-0.113203	0	0.993572
							0.0850487	0.0132713	11.8223
						}
						{VolumeView "at3.ply"}
						{bone "at4"
							{Matrix34
								0.998135	0	0.0610492
								0	1	0
								-0.0610482	0	0.998135
								-0.256905	0.00336361	7.11412
							}
							{VolumeView "at4.ply"}
						}
					}
				}
			}
			{bone "enumerator2"
				{Matrix34
					1	0	0
					0	0.553168	0.83307
					0	-0.83307	0.553168
					34.869	-23.529	6.94133
				}
				{VolumeView "enumerator2.ply"}
			}
			{bone "doorleft"
				{parameters "id=body;"}
				{Matrix34
					1	0	0
					0	0.829038	0.559193
					0	-0.559193	0.829038
					41.9229	20.3385	11.9231
				}
				{VolumeView "doorleft.ply"}
			}
			{bone "doorleft1"
				{parameters "id=body;"}
				{Matrix34
					1	0	0
					0	0.829038	0.559193
					0	-0.559193	0.829038
					-18.5282	20.3385	11.9231
				}
				{VolumeView "doorleft1.ply"}
			}
			{bone "doorright"
				{parameters "id=body;"}
				{Matrix34
					1	0	0
					0	0.83867	-0.544639
					0	0.544639	0.838671
					41.9254	-20.3272	11.9142
				}
				{VolumeView "doorright.ply"}
			}
			{bone "doorright1"
				{parameters "id=body;"}
				{Matrix34
					1	0	0
					0	0.83867	-0.544639
					0	0.544639	0.838671
					-18.5168	-20.3272	11.9142
				}
				{VolumeView "doorright1.ply"}
			}
			{bone revolute "mgun_rot_turret"
				{parameters "ID=body;"}
				{limits -20 20}
				{speed 0.03}
				{Position 48.4157	-0.162606	19.2562}
				{VolumeView "mgun_rot_turret.ply"}
				{bone revolute "mgun_rot"
					{parameters "ID=body;"}
					{limits -20 30}
					{speed 0.03}
					{Matrix34
						1	0	0
						0	0	1
						0	-1	0
						0.0979347	0	1.06588
					}
					{VolumeView "mgun_rot.ply"}
					{bone "mgun_hlp"
						{Matrix34
							0.999848	0	0.0174522
							0	1	0
							-0.0174524	0	0.999848
							-7.6827	-0.743046	-0.853656
						}
					}
				}
				{bone "gunner"
					{Matrix34
						0.965926	0.258819	0
						-0.258819	0.965926	0
						0	0	1
						-15.6862	0.161772	-20.5074
					}
				}
			}
			{bone "visor1"
				{Matrix34
					0.999974	0	0.00727647
					-0.00727647	0	0.999974
					0	-1	0
					45.3739	7.89754	18.5707
				}
			}
			{bone "engine"
				{parameters "ID=engine;"}
				{Position -53.4624	-0.000830273	1.89958}
				{VolumeView "engine.ply"}
			}
			{bone "commander"
				{parameters "Group=commander;"}
				{Position 44.5154	-8.71527	-10.2167}
			}
			{bone "driver"
				{parameters "Group=driver;"}
				{Position 44.5154	8.787	-10.2167}
			}
			{bone "seat10"
				{parameters "Group=driver;"}
				{Matrix34
					-0.0697561	0.997564	0
					-0.997564	-0.0697561	0
					0	0	1
					-4.49582	-10.3769	-8.5858
				}
			}
			{bone "seat12"
				{parameters "Group=driver;"}
				{Matrix34
					0.0697571	0.997564	0
					-0.997564	0.069757	0
					0	0	1
					-13.6688	-10.3769	-8.5858
				}
			}
			{bone "seat14"
				{parameters "Group=driver;"}
				{Matrix34
					0	1	0
					-1	0	0
					0	0	1
					-22.3584	-10.3769	-8.5858
				}
			}
			{bone "seat01"
				{parameters "Group=driver;"}
				{Matrix34
					-0.104529	-0.994522	0
					0.994522	-0.104529	0
					0	0	1
					30.436	10.7643	-8.5858
				}
			}
			{bone "seat03"
				{parameters "Group=driver;"}
				{Matrix34
					0.139173	-0.990268	0
					0.990268	0.139173	0
					0	0	1
					21.7213	10.7643	-8.5858
				}
			}
			{bone "seat05"
				{parameters "Group=driver;"}
				{Matrix34
					-0.139174	-0.990268	0
					0.990268	-0.139174	0
					0	0	1
					13.1407	10.7643	-8.5858
				}
			}
			{bone "seat07"
				{parameters "Group=driver;"}
				{Matrix34
					0.104528	-0.994522	0
					0.994522	0.104528	0
					0	0	1
					4.31395	10.7643	-8.5858
				}
			}
			{bone "seat09"
				{parameters "Group=driver;"}
				{Matrix34
					-0.156435	-0.987688	0
					0.987688	-0.156435	0
					0	0	1
					-4.49582	10.7643	-8.5858
				}
			}
			{bone "seat11"
				{parameters "Group=driver;"}
				{Matrix34
					0.0871554	-0.996195	0
					0.996195	0.0871554	0
					0	0	1
					-12.8812	10.7643	-8.5858
				}
			}
			{bone "seat13"
				{parameters "Group=driver;"}
				{Matrix34
					0	-1	0
					1	0	0
					0	0	1
					-22.3445	10.7643	-8.5858
				}
			}
		}
	}
}
{Volume "body1"
	{Polyhedron "body1.vol"}
	{Bone "body"}
	{Position 49.7911	1.07862	1.86012}
}
{Volume "body2"
	{Polyhedron "body2.vol"}
	{Bone "body"}
	{Position 49.7911	1.07862	2.51548}
}
{Volume "body3"
	{Polyhedron "body3.vol"}
	{Bone "body"}
	{Matrix34
		0	-1	0
		0	0	1
		-1	0	0
		51.3781	0.70331	-8.18013
	}
}
{Volume "crew"
	{Box 25.4637 16.0649 50.792}
	{Bone "body"}
	{Matrix34
		0	-1	0
		0	0	1
		-1	0	0
		1.71812	0.39294	2.87678
	}
}
{Volume "engine2"
	{Polyhedron "engine2.vol"}
	{Bone "engine"}
	{Position -11.1259	0.00463854	-7.17536}
}
{Volume "engine3"
	{Polyhedron "engine3.vol"}
	{Bone "engine"}
	{Matrix34
		0	-1	0
		0	0	1
		-1	0	0
		3.61555	0.0365452	-9.09384
	}
}
{Volume "engine"
	{Polyhedron "engine.vol"}
	{Bone "engine"}
	{Position 1.68042	0.00463899	3.8839}
}
{Volume "inventory"
	{Box 6.70315 7.87746 24.0683}
	{Bone "body"}
	{Matrix34
		0	-0.968148	-0.25038
		0	-0.250379	0.968148
		-1	0	0
		14.6577	-7.78317	2.0288
	}
}
{Volume "ram"
	{Polyhedron "ram.vol"}
	{Bone "body"}
	{Position -0.52211	-0.259131	-24.1837}
}
{Volume "wheelleft1"
	{Cylinder 11.7747 6.66009}
	{Bone "wheell1"}
	{Position -1.08052e-005	0	0.106193}
}
{Volume "wheelleft2"
	{Cylinder 11.7747 6.66009}
	{Bone "wheell2"}
	{Position 0	0	0.106191}
}
{Volume "wheelleft3"
	{Cylinder 11.7747 6.66009}
	{Bone "wheell3"}
	{Position 0	0	0.106191}
}
{Volume "wheelleft4"
	{Cylinder 11.7747 6.66009}
	{Bone "wheell4"}
	{Position -1.52588e-005	0	0.106191}
}
{Volume "wheelright1"
	{Cylinder 11.7747 7.16138}
	{Bone "wheelr1"}
	{Position 0	0	-0.142357}
}
{Volume "wheelright2"
	{Cylinder 11.7747 7.16138}
	{Bone "wheelr2"}
	{Position 0	0	-0.142364}
}
{Volume "wheelright3"
	{Cylinder 11.7747 7.16138}
	{Bone "wheelr3"}
	{Position 0	0	-0.142368}
}
{Volume "wheelright4"
	{Cylinder 11.7747 7.16138}
	{Bone "wheelr4"}
	{Position 0	0	-0.142368}
}
