;Exported by: doc
;Date:        Sun Sep 23 12:07:36 2018
;File:        Z:\work\0.KRIS\vehicles\t62_complete\T62_export.max
{Skeleton
	{animation
		{sequence "start" {speed 0.7}}
		{sequence "stop" {speed 0.7}}
		{sequence "fire" {speed 0.6}{resume}}
		{sequence "fire1" {speed 0.6}}
		{sequence "open1" {speed 0.6}{resume} {events {2 "hatch_medium"}}}
	}
	{bone "basis"
		{Orientation
			1	0	0
			0	-1	0
			0	0	1
		}
		{bone "body"
			{parameters "ID=body;"}
			{animation
				{sequence "repair" {file "body_r.anm"} {speed 0.9}}
			}
			{Position -2.98966	-0.841324	16.2623}
			{VolumeView "body.ply"}
			{bone revolute "turret"
				{parameters "ID=turret;"}
				{animation
					{sequence "repair" {file "turret_r.anm"}}
				}
				{speed 0.01}
				{Matrix34
					0.999999	0	0.00112487
					0	1	0
					-0.00112487	0	0.999999
					7.25036	0.53232	13.4904
				}
				{VolumeView "turret.ply"}
				{bone "visor3"
					{Position -79.9065	-0.0247791	44.7761}
				}
				{bone "fxfire3"
					{Matrix34
						0	0	1
						0	-1	0
						1	0	0
						-4.219	11.8992	10.1993
					}
				}
				{bone "visor1"
					{Position 1.76061	12.1701	11.137}
				}
				{bone "open01"
					{Matrix34
						0.999999	0	-0.00112487
						0	1	0
						0.00112487	0	0.999999
						-0.732197	12.2477	11.0698
					}
					{VolumeView "open01.ply"}
					{bone "glass03"
						{Position -2.87716	-12.7236	-40.4226}
						{VolumeView "glass03.ply"}
					}
				}
				{bone "open02"
					{Matrix34
						0.0180703	-0.994733	-0.100893
						0.999835	0.0181628	0
						0.00183013	-0.100877	0.994897
						2.06896	-11.5159	10.1343
					}
					{VolumeView "open02.ply"}
					{bone "glass02"
						{Matrix34
							0.0180701	0.999835	0.00183248
							-0.994844	0.0181628	-0.0997781
							-0.0997949	-2.00336e-005	0.995008
							-7.14475	-5.56538	-40.3927
						}
						{VolumeView "glass02.ply"}
					}
				}
				{bone "open04"
					{Matrix34
						0.994801	0	0.101841
						0	1	0
						-0.101841	0	0.994801
						-15.4153	0.674783	7.38661
					}
					{VolumeView "open04.ply"}
					{bone "open03"
						{Matrix34
							0.994686	0	-0.10296
							0	1	0
							0.10296	0	0.994686
							13.592	-4.43226	0.101948
						}
						{VolumeView "open03.ply"}
					}
					{bone "open05"
						{Matrix34
							0.994685	0.0992158	0.0275138
							0	-0.26723	0.963633
							0.10296	-0.958512	-0.26581
							4.95984	-1.0977	-1.77403
						}
						{VolumeView "open05.ply"}
					}
				}
				{bone "glass01"
					{Matrix34
						0.999999	0	-0.00112487
						0	1	0
						0.00112487	0	0.999999
						-3.65483	-0.475779	-29.3496
					}
					{VolumeView "glass01.ply"}
				}
				{bone "anten"
					{parameters "ID=body;"}
					{Position 6.09106	19.3868	19.0058}
					{VolumeView "anten.ply"}
				}
				{bone "bone01"
					{Matrix34
						0.00129588	0	0.999999
						0.999999	0.000138136	-0.00129588
						-0.000137946	1	0
						6.41455	19.3053	19.1209
					}
					{bone "bone02"
						{Matrix34
							0.999965	0.00833294	0
							-0.00833293	0.999965	0
							0	0	1
							6.07835	0	0
						}
						{bone "bone03"
							{Matrix34
								1	0.000141449	0
								-0.000141443	1	0
								0	0	1
								5.61099	0	0
							}
							{bone "bone04"
								{Matrix34
									1	0.000927278	0
									-0.00092727	1	0
									0	0	1
									5.51774	-0.000310898	0
								}
								{bone "bone05"
									{Matrix34
										0.999785	-0.0207206	0
										0.0207206	0.999785	0
										0	0	1
										5.00291	0.000937462	0
									}
									{bone "bone06"
										{Position 4.20835	1.14441e-005	0}
									}
								}
							}
						}
					}
				}
				{bone revolute "mgun"
					{limits -55 10}
					{speed 0.03}
					{Matrix34
						0.999999	0	-0.00112486
						-0.00112486	0	-0.999999
						0	1	0
						16.9277	14.6731	5.327
					}
					{VolumeView "mgun.ply"}
					{bone "mgun_rot"
						{Position 0.109684	0.142052	-0.0743914}
						{VolumeView "mgun_rot.ply"}
					}
					{bone "foresight5"
						{Matrix34
							0.999999	-0.00112502	0
							0	0	-1
							0.00112502	0.999999	0
							7.86061	-0.0715218	-0.147469
						}
					}
				}
				{bone "open07"
					{Matrix34
						0.999999	0	-0.00112487
						0	1	0
						0.00112487	0	0.999999
						-10.6837	1.54134	8.06881
					}
					{VolumeView "open07.ply"}
				}
				{bone revolute "gun_rot"
					{parameters "ID=mantlet;"}
					{animation
						{sequence "repair" {file "Gun_rot_r.anm"}}
					}
					{limits -15 15}
					{speed 0.01}
					{Matrix34
						0.999796	0	0.0202036
						0.0202036	0	-0.999796
						0	1	0
						3.11586	-4.5925	11.4035
					}
					{VolumeView "gun_rot.ply"}
					{bone "open06"
						{Matrix34
							0.999999	0.00112487	0
							0	0	1
							0.00112487	-0.999999	0
							25.0265	40.6915	6.45687
						}
						{VolumeView "open06.ply"}
					}
					{bone "gun"
						{parameters "ID=gun;"}
						{animation
							{sequence "repair" {file "gun_r.anm"} {speed 0.9}}
						}
						{Matrix34
							1	0	0
							0	1	0
							0	0	1
							3.26558	-9.59124	3.06262
						}
						{VolumeView "gun.ply"}
						{bone "rocket"
							{Matrix34
								0.999999	0.00112495	0
								0	0	-1
								-0.00112495	0.999999	0
								6.26081	-2.67252	-2.96794
							}
							{visibility 1}
							{VolumeView "rocket.ply"}
							{bone "rocket_leaf01"
								{Matrix34
									1	0	0
									0	0.258819	-0.965926
									0	0.965926	0.258819
									3.39124	-1.60672	-1.59639
								}
								{visibility 1}
								{VolumeView "rocket_leaf01.ply"}
							}
							{bone "rocket_leaf03"
								{Matrix34
									1	0	0
									0	-0.258819	-0.965926
									0	0.965926	-0.258819
									3.38049	-1.61924	1.55781
								}
								{visibility 1}
								{VolumeView "rocket_leaf03.ply"}
							}
							{bone "rocket_leaf04"
								{Matrix34
									1	0	0
									0	0.258819	0.965926
									0	-0.965926	0.258819
									3.38049	1.54747	-1.55946
								}
								{visibility 1}
								{VolumeView "rocket_leaf04.ply"}
							}
							{bone "rocket_leaf05"
								{Matrix34
									1	0	0
									0	-0.173648	0.984808
									0	-0.984808	-0.173648
									3.39124	1.53495	1.59475
								}
								{visibility 1}
								{VolumeView "rocket_leaf05.ply"}
							}
							{bone "rocket_leafs03"
								{Matrix34
									-0.334811	-0.93867	-0.0824667
									0.00988435	-0.0910115	0.995801
									-0.942234	0.33259	0.0397497
									-8.51572	-1.85939	1.78654
								}
								{visibility 1}
								{VolumeView "rocket_leafs03.ply"}
							}
							{bone "rocket_leafs00"
								{Matrix34
									-0.34759	0.08923	-0.933391
									-0.0206551	-0.995949	-0.0875185
									-0.937419	-0.0111412	0.348025
									-8.51739	-1.81858	-1.77803
								}
								{visibility 1}
								{VolumeView "rocket_leafs00.ply"}
							}
							{bone "rocket_leafs01"
								{Matrix34
									-0.31463	-0.0790448	0.945917
									-0.0128769	-0.99608	-0.0875197
									0.949127	-0.0397168	0.312379
									-8.53773	1.73488	1.78082
								}
								{visibility 1}
								{VolumeView "rocket_leafs01.ply"}
							}
							{bone "rocket_leafs02"
								{Matrix34
									-0.333095	0.94282	0.0117778
									0.0339002	-0.00050805	0.999425
									0.942284	0.333303	-0.0317925
									-8.53922	1.69008	-1.74287
								}
								{visibility 1}
								{VolumeView "rocket_leafs02.ply"}
							}
							{bone "rocket_box2"
								{Matrix34
									-0.984808	0	0.173648
									0	-1	0
									0.173648	0	0.984808
									-11.4429	-0.0449679	0
								}
								{visibility 1}
								{VolumeView "rocket_box2.ply"}
							}
							{bone "rocket_box1"
								{Matrix34
									0.996195	0	0.0871557
									0	1	0
									-0.0871557	0	0.996195
									11.5595	-0.0449677	0
								}
								{visibility 1}
								{VolumeView "rocket_box1.ply"}
							}
							{bone "rocket_at1"
								{Matrix34
									0	1	0
									-0.999991	0	0.00433966
									0.00433971	0	0.999991
									0.265266	1.40331	-0.660122
								}
								{visibility 1}
								{VolumeView "rocket_at1.ply"}
							}
							{bone "rocket_at2"
								{Matrix34
									1.89101e-005	-0.999991	0.0043435
									0.999991	0	-0.00434726
									0.00434723	0.00434354	0.999981
									0.265265	-1.99088	-0.667675
								}
								{visibility 1}
								{VolumeView "rocket_at2.ply"}
							}
						}
					}
				}
				{bone revolute "turret01"
					{parameters "ID=turret;"}
					{animation
						{sequence "repair" {file "turret_r.anm"}}
					}
					{speed 0.01}
					{Position -5.11108	-1.13249e-005	3.84159}
					{VolumeView "turret01.ply"}
				}
				{bone revolute "foresight1"
					{limits -15 15}
					{speed 0.03}
					{Matrix34
						0.999999	0	-0.0011247
						-0.0011247	0	-0.999999
						0	1	0
						21.5919	-4.47737	20.6344
					}
				}
			}
			{bone "headlightr"
				{parameters "Voxels=0;"}
				{Matrix34
					1	0	0
					0	1	0
					0	0	1
					54.3395	-5.20369	10.4969
				}
			}
			{bone "fxlight"
				{parameters "Voxels=0;"}
				{Matrix34
					1	0	0
					0	1	0
					0	0	1
					60.4623	0.946254	4.55291
				}
			}
			{bone "visor2"
				{parameters "Voxels=0;"}
				{Matrix34
					1	0	0
					0	1	0
					0	0	1
					44.5512	12.2053	13.4123
				}
			}

			{bone "fxsmoke1"
				{Matrix34
					-0.886714	0.0125337	0.462148
					0.00585195	0.999857	-0.0158887
					-0.462281	-0.0113843	-0.88666
					-52.0138	12.3617	13.0723
				}
			}
			{bone "fxsmoke2"
				{Matrix34
					-0.828503	0.00309889	0.559975
					-0.00692965	0.999851	-0.0157858
					-0.559941	-0.016959	-0.828359
					-51.3311	3.06513	12.4284
				}
			}
			{bone "fxshot"
				{parameters "Voxels=0;"}
				{Matrix34
					0	1	0
					-1	0	0
					0	0	1
					7.58577	1.06874	-8.18783
				}
			}
			{bone "seat01"
				{Matrix34
					-0.12187	-0.992546	0
					0.992546	-0.12187	0
					0	0	1
					-25.1256	-31.3945	6.35513
				}
			}
			{bone "seat02"
				{Matrix34
					0.104528	-0.994522	0
					0.994522	0.104528	0
					0	0	1
					-38.7	-27.9873	6.35034
				}
			}
			{bone revolute "seat04"
				{Matrix34
					-0.0871546	0.996195	0
					-0.996195	-0.0871546	0
					0	0	1
					-45.5936	31.3524	6.55765
				}
			}
			{bone "seat03"
				{Matrix34
					0.0523361	0.99863	0
					-0.99863	0.0523361	0
					0	0	1
					-32.6052	30.5061	6.56244
				}
			}
			{bone "fxfire1"
				{Matrix34
					0	0	1
					0	1	0
					-1	0	0
					-40.6415	-9.59363	12.481
				}
			}
			{bone revolute "wheelr1"
				{parameters "ID=trackright;Radius=0.27;"}
				{Matrix34
					-1	0	0
					0	0	1
					0	1	0
					59.3111	-24.2039	0.233334
				}
				{VolumeView "wheelr1.ply"}
			}
			{bone revolute "wheell1"
				{parameters "ID=trackleft;Radius=0.27;"}
				{Matrix34
					-1	0	0
					0	0	1
					0	1	0
					59.3111	26.267	0.233334
				}
				{VolumeView "wheell1.ply"}
			}
			{bone revolute "wheell7"
				{parameters "ID=trackleft;Radius=0.27;"}
				{Matrix34
					-0.99211	0	0.12537
					0.125369	0	0.99211
					0	1	0
					-49.5521	24.994	-1.7702
				}
				{VolumeView "wheell7.ply"}
			}
			{bone revolute "wheelr7"
				{parameters "ID=trackright;Radius=0.27;"}
				{Matrix34
					-1	0	0
					0	0	1
					0	1	0
					-49.5106	-28.1753	-1.74609
				}
				{VolumeView "wheelr7.ply"}
			}
			{bone "engine"
				{parameters "ID=engine;"}
				{animation
					{sequence "repair" {file "engine_r.anm"}}
				}
				{Position -39.6075	0.824152	12.6855}
				{VolumeView "engine.ply"}
			}
			
		}
		{bone "emit4"
			{parameters "Voxels=0;"}
			{Matrix34
				0	1	0
				-1	0	0
				0	0	1
				-52.471	-51.8706	2.94077e-005
			}
		}
		{bone "emit3"
			{parameters "Voxels=0;"}
			{Matrix34
				0	1	0
				-1	0	0
				0	0	1
				-38.3124	-51.8706	2.94077e-005
			}
		}
		{bone "emit2"
			{parameters "Voxels=0;"}
			{Matrix34
				0	1	0
				-1	0	0
				0	0	1
				3.42238	-52.9244	2.94077e-005
			}
		}
		{bone "emit6"
			{parameters "Voxels=0;"}
			{Matrix34
				0	-1	0
				1	0	0
				0	0	1
				-52.806	53.9726	2.97608e-005
			}
		}
		{bone "emit5"
			{parameters "Voxels=0;"}
			{Matrix34
				0	-1	0
				1	0	0
				0	0	1
				-38.0459	53.9726	2.97608e-005
			}
		}
		{bone "emit1"
			{parameters "Voxels=0;"}
			{Matrix34
				0	-1	0
				1	0	0
				0	0	1
				3.42238	53.7758	2.97608e-005
			}
		}
		{bone "wheelsr"
			{parameters "wheelsR;"}
			{Position -2.98966	-0.841324	16.2623}
			{VolumeView "wheelsr.ply"}
			{bone "fxtracer1"
				{Matrix34
					-1	0	0
					0	-1	0
					0	0	1
					25.5115	-26.2456	-16.3455
				}
			}
			{bone "fxtracer2"
				{Matrix34
					-1	0	0
					0	-1	0
					0	0	1
					-23.6585	-26.2456	-16.3455
				}
			}
			{bone "fxtracer3"
				{Matrix34
					-0.957599	-0.168851	0.233441
					0.173649	-0.984808	0
					0.229894	0.0405369	0.972371
					-38.749	-26.2456	-16.3455
				}
			}
			{bone prizmatic "suspension_r4"
				{limits -0.1 0.1}
				{Position -12.814	-21.4524	-6.63114}
				{bone revolute "wheelr5"
					{parameters "ID=trackright;Radius=0.41;"}
					{Matrix34
						-1	0	0
						0	0	1
						0	1	0
						-0.0193539	-3.50857	-0.558613
					}
					{VolumeView "wheelr5.ply"}
				}
			}
			{bone prizmatic "suspension_r5"
				{limits -0.1 0.1}
				{Position -33.7314	-21.4524	-6.63114}
				{bone revolute "wheelr6"
					{parameters "ID=trackright;Radius=0.41;"}
					{Matrix34
						-1	0	0
						0	0	1
						0	1	0
						-0.00431061	-3.50857	-0.558613
					}
					{VolumeView "wheelr6.ply"}
				}
			}
			{bone prizmatic "suspension_r3"
				{limits -0.1 0.1}
				{Position 8.1196	-21.4524	-6.63113}
				{bone revolute "wheelr4"
					{parameters "ID=trackright;Radius=0.41;"}
					{Matrix34
						-1	0	0
						0	0	1
						0	1	0
						-0.0800114	-3.50859	-0.558615
					}
					{VolumeView "wheelr4.ply"}
				}
			}
			{bone prizmatic "suspension_r2"
				{limits -0.1 0.1}
				{Position 25.9192	-21.4524	-6.63113}
				{bone revolute "wheelr3"
					{parameters "ID=trackright;Radius=0.41;"}
					{Matrix34
						-1	0	0
						0	0	1
						0	1	0
						-0.0349503	-3.50857	-0.55862
					}
					{VolumeView "wheelr3.ply"}
				}
			}
			{bone prizmatic "suspension_r1"
				{limits -0.1 0.1}
				{Matrix34
					-1	0	0
					0	-1	0
					0	0	1
					43.6932	-21.4524	-6.63114
				}
				{bone revolute "wheelr2"
					{parameters "ID=trackright;Radius=0.41;"}
					{Matrix34
						1	0	0
						0	0	1
						0	-1	0
						-0.0166016	3.50858	-0.558612
					}
					{VolumeView "wheelr2.ply"}
				}
			}
			{bone "trackr"
				{parameters "ID=trackRight;"}
				{Position 1.50496	-24.3062	-5.48684}
				{VolumeView "trackr.ply"}
			}
		}
		{bone "wheelsl"
			{parameters "wheelsL;"}
			{Position -2.98966	-0.841324	16.2623}
			{VolumeView "wheelsl.ply"}
			{bone "fxtracel1"
				{Matrix34
					-1	0	0
					0	-1	0
					0	0	1
					25.5115	29.0689	-16.3455
				}
			}
			{bone "fxtracel2"
				{Matrix34
					-1	0	0
					0	-1	0
					0	0	1
					-23.6585	29.0689	-16.3455
				}
			}
			{bone "fxtracel3"
				{Matrix34
					-0.967044	0.101641	0.233441
					-0.104529	-0.994522	0
					0.232162	-0.0244009	0.972371
					-38.749	29.0689	-16.3455
				}
			}
			{bone "trackl"
				{parameters "ID=trackLeft;"}
				{Matrix34
					-1	0	0
					0	0	1
					0	1	0
					1.50496	26.2011	-5.48684
				}
				{VolumeView "trackl.ply"}
			}
			{bone prizmatic "suspension_l1"
				{limits -0.1 0.1}
				{Matrix34
					-1	0	0
					0	-1	0
					0	0	1
					42.2332	23.7632	-6.63114
				}
				{bone revolute "wheell2"
					{parameters "ID=trackleft;Radius=0.41;"}
					{Matrix34
						1	0	0
						0	0	1
						0	-1	0
						0.0223999	-3.15145	-0.558608
					}
					{VolumeView "wheell2.ply"}
				}
			}
			{bone prizmatic "suspension_l2"
				{limits -0.1 0.1}
				{Position 24.464	23.7632	-6.63114}
				{bone revolute "wheell3"
					{parameters "ID=trackleft;Radius=0.41;"}
					{Matrix34
						-1	0	0
						0	0	1
						0	1	0
						-0.080864	3.15145	-0.558613
					}
					{VolumeView "wheell3.ply"}
				}
			}
			{bone prizmatic "suspension_l3"
				{limits -0.1 0.1}
				{Position 5.7554	23.7632	-6.63114}
				{bone revolute "wheell4"
					{parameters "ID=trackleft;Radius=0.41;"}
					{Matrix34
						-1	0	0
						0	0	1
						0	1	0
						-0.0551472	3.15145	-1.01802
					}
					{VolumeView "wheell4.ply"}
				}
			}
			{bone prizmatic "suspension_l4"
				{limits -0.1 0.1}
				{Position -14.9465	23.7632	-6.63114}
				{bone revolute "wheell5"
					{parameters "ID=trackleft;Radius=0.41;"}
					{Matrix34
						-1	0	0
						0	0	1
						0	1	0
						0.0434074	3.15145	-0.558613
					}
					{VolumeView "wheell5.ply"}
				}
			}
			{bone prizmatic "suspension_l5"
				{limits -0.1 0.1}
				{Position -36.2592	23.7632	-6.63114}
				{bone revolute "wheell6"
					{parameters "ID=trackleft;Radius=0.41;"}
					{Matrix34
						-1	0	0
						0	0	1
						0	1	0
						0.0560303	3.15145	-0.558613
					}
					{VolumeView "wheell6.ply"}
				}
			}
		}
	}
}
{Volume "body1"
	{Polyhedron "body1.vol"}
	{Bone "body"}
	{Matrix34
		-1	0	0
		0	0	1
		0	1	0
		4.72965	0.841323	0.606403
	}
}
{Volume "body2"
	{Polyhedron "body2.vol"}
	{Bone "body"}
	{Matrix34
		-1	0	0
		0	0	1
		0	1	0
		4.72965	0.841323	0.606403
	}
}
{Volume "body3"
	{Polyhedron "engine.vol"}
	{Bone "body"}
	{Matrix34
		-1	0	0
		0	0	1
		0	1	0
		4.7	0.811357	0.75
	}
}
{Volume "mantlet"
	{Polyhedron "mantlet.vol"}
	{Bone "gun_rot"}
	{Matrix34
		1	0	0
		0	0	1
		0	-1	0
		4.79954	-1.61536	0.499222
	}
}
{Volume "ammo"
	{Box 20 12 20}
	{Bone "turret"}
	{Matrix34
		1	0	0
		0	1	0
		0	0	1
		-2	-4	-5
	}
}
{Volume "trackleft"
	{Polyhedron "trackleft.vol"}
	{Bone "wheelsl"}
	{Matrix34
		-1	0	0
		0	0	1
		0	1	0
		-1.45998	20.3582	-6.05154
	}
}
{Volume "trackright"
	{Polyhedron "trackright.vol"}
	{Bone "wheelsr"}
	{Matrix34
		-1	0	0
		0	0	1
		0	1	0
		-1.45999	-30.1699	-6.05154
	}
}
{Volume "turret"
	{Polyhedron "turret.vol"}
	{Bone "turret"}
	{Matrix34
		0.999999	0	-0.00112487
		0	1	0
		0.00112487	0	0.999999
		0.331238	-0.219324	-16.3398
	}
}
{Volume "fuel1"
	{Polyhedron "fuel1.vol"}
	{Bone "body"}
	{Matrix34
		1	0	0
		0	1	0
		0	0	1
		53	-8	4
	}
}
{Volume "fuel2"
	{Box 16 13 14} ;front-back/left-right/up-down
	{Bone "body"}
	{Matrix34
		1	0	0
		0	1	0
		0	0	1
		37	-8	5
	}
}
{Volume "fuel3"
	{Box 16.1318 4.03668 14.5119}
	{Bone "body"}
	{Position -8.78	-14.78361	2.85592}
}
{Volume "engine"
	{Box 17 28 16}
	{Bone "body"}
	{Matrix34
		1	0	0
		0	1	0
		0	0	1
		-29.6087	0.333058	1.96114
	}
}
{Volume "transmission"
	{cylinder 5.59661 33.1079}
	{Bone "body"}
	{Matrix34
		-1 	 0 	 0
		0 	 0 	 1
		0 	 1 	 0
		-45.6087	-0.333058	-2.0
	}
}
