;Exported by: misan
;Date:        Sat Feb 20 12:51:06 2021
;File:        D:\Cold War\Models\ASU57\ASU57_tex2.max
{Skeleton
	{bone "basis"
		{Orientation
			1	0	0
			0	-1	0
			0	0	1
		}
		{bone "body"
			{parameters "ID=body;"}
			{Position -3.86954	-0.269195	17.3632}
			{VolumeView "body.ply"}
			{bone "gun_rot_h"
				{Position 3.02308	0.0280719	2.69586}
				{bone "gun_rot"
					{parameters "ID=gun;"}
					{Matrix34
						0.993174	0.0381105	-0.110237
						-0.106841	-0.081927	-0.990895
						-0.0467949	0.99591	-0.077296
						0.00185776	0.0165855	-0.00244522
					}
					{VolumeView "gun_rot.ply"}
					{bone "gun"
						{parameters "ID=gun;"}
						{Matrix34
							1	0	0
							0	0	1
							0	-1	0
							-14.2092	-0.42491	0.212636
						}
						{VolumeView "gun.ply"}
					}
				}
			}
			{bone "wheell1"
				{parameters "ID=trackleft;Radius=0.6;"}
				{Matrix34
					0.967813	-0.106337	-0.228102
					-0.246721	-0.222012	-0.943313
					0.0496675	0.969228	-0.241101
					30.408	17.2723	-6.50482
				}
				{VolumeView "wheell1.ply"}
			}
			{bone "wheell6"
				{parameters "ID=trackleft;radius=0.2;"}
				{Matrix34
					1	0	0
					0	0	1
					0	-1	0
					13.9879	16.8283	-3.98423
				}
				{VolumeView "wheell6.ply"}
			}
			{bone "detail1"
				{parameters "ID=body;"}
				{Position -20.1977	-15.9743	3.2183}
				{VolumeView "detail1.ply"}
			}
			{bone "engine"
				{parameters "ID=engine;"}
				{Position 20.7411	-0.000999451	2.55973}
				{VolumeView "engine.ply"}
			}
			{bone "wheell7"
				{parameters "ID=trackleft;radius=0.2;"}
				{Matrix34
					1	0	0
					0	0	1
					0	-1	0
					-0.052228	16.8283	-3.98423
				}
				{VolumeView "wheell7.ply"}
			}
			{bone "wheelr1"
				{parameters "ID=trackleft;Radius=0.6;"}
				{Matrix34
					1	0	0
					0	0	-1
					0	1	0
					30.408	-17.0742	-6.50482
				}
				{VolumeView "wheelr1.ply"}
			}
			{bone "wheelr6"
				{parameters "ID=trackleft;radius=0.2;"}
				{Matrix34
					1	0	0
					0	0	1
					0	-1	0
					13.9879	-16.6781	-3.98423
				}
				{VolumeView "wheelr6.ply"}
			}
			{bone "wheelr7"
				{parameters "ID=trackleft;radius=0.2;"}
				{Matrix34
					1	0	0
					0	0	1
					0	-1	0
					-0.0522256	-16.6781	-3.98423
				}
				{VolumeView "wheelr7.ply"}
			}
			{bone "guncover"
				{parameters "ID=gun;"}
				{Position 8.38626	-0.000996828	3.42426}
				{VolumeView "guncover.ply"}
			}
		}
		{bone "wheelsr"
			{parameters "ID=trackright;"}
			{Position 0	-17.5031	0}
			{bone "trackr"
				{parameters "ID=trackright;"}
				{Position -0.789614	-0.0245781	8.08461}
				{VolumeView "trackr.ply"}
			}
			{bone "wheelr5"
				{parameters "ID=trackleft;Radius=0.6;"}
				{Matrix34
					0.550251	-0.339574	0.762833
					0.654104	-0.392555	-0.646567
					0.519011	0.854746	0.00611263
					-26.8933	0.134666	6.18452
				}
				{VolumeView "wheelr5.ply"}
			}
			{bone "wheelr4"
				{parameters "ID=trackleft;Radius=0.6;"}
				{Matrix34
					1	0	0
					0	-0.173648	-0.984808
					0	0.984808	-0.173648
					-11.4412	0.134666	6.18452
				}
				{VolumeView "wheelr4.ply"}
			}
			{bone "wheelr3"
				{parameters "ID=trackleft;Radius=0.6;"}
				{Matrix34
					0.964993	0.259294	0.039442
					0.121148	-0.307289	-0.943873
					-0.232621	0.915609	-0.327944
					2.86958	0.134666	6.18452
				}
				{VolumeView "wheelr3.ply"}
			}
			{bone "wheelr2"
				{parameters "ID=trackleft;Radius=0.6;"}
				{Matrix34
					0.979433	-0.195003	-0.0518205
					-0.0308742	0.108962	-0.993566
					0.199394	0.974731	0.100701
					17.413	0.134666	6.18452
				}
				{VolumeView "wheelr2.ply"}
			}
		}
		{bone "wheelsl"
			{parameters "ID=trackleft;"}
			{Position 0	17.2721	0}
			{bone "wheell2"
				{parameters "ID=trackleft;Radius=0.6;"}
				{Matrix34
					1	0	0
					0	0.190809	-0.981627
					0	0.981627	0.190809
					17.413	-0.294029	6.18452
				}
				{VolumeView "wheell2.ply"}
			}
			{bone "trackl"
				{parameters "ID=trackleft;"}
				{Position -0.789616	-0.175674	8.08461}
				{VolumeView "trackl.ply"}
			}
			{bone "wheell3"
				{parameters "ID=trackleft;Radius=0.6;"}
				{Matrix34
					1	0	0
					0	0.104528	-0.994522
					0	0.994522	0.104528
					2.86958	-0.294029	6.18452
				}
				{VolumeView "wheell3.ply"}
			}
			{bone "wheell4"
				{parameters "ID=trackleft;Radius=0.6;"}
				{Matrix34
					0.648873	-0.699975	-0.298327
					-0.236583	0.187041	-0.953438
					0.723182	0.689239	-0.0442359
					-11.4412	-0.294029	6.18452
				}
				{VolumeView "wheell4.ply"}
			}
			{bone "wheell5"
				{parameters "ID=trackleft;Radius=0.6;"}
				{Matrix34
					1	0	0
					0	0.325568	-0.945519
					0	0.945519	0.325568
					-26.8933	-0.294029	6.18452
				}
				{VolumeView "wheell5.ply"}
			}
		}
	}
}
