;Exported by: misan
;Date:        Wed Jan 12 22:17:20 2022
;File:        D:\Cold War\Models\WiW Vietnam\BRDM-9P110\BRDM-9P110_v07.max
{Skeleton
	{animation
		{sequence "doorright" {speed 0.1}}
		{sequence "doorleft" {speed 0.1}}
		{sequence "open" {speed 0.1}{resume}}
		{sequence "open1" {speed 0.1}{resume}}
		{sequence "open_amph" {speed 0.3}}
		{sequence "weapon_up" {speed 0.1}{resume}}
		{sequence "weapon_down" {speed 0.1}{resume}}
		{sequence "turret_reset" {speed 0.3}}
		{sequence "add_wheels" {speed 0.3}}
		{sequence "hit" {speed 0.7}}
		{sequence "start" {speed 0.3}}
		{sequence "stop" {speed 0.3}}
	}
	{bone "basis"
		{parameters "Wheelradius=0.6;SteerMax=35;"}
		{Orientation
			1	0	0
			0	-1	0
			0	0	1
		}
		{bone "pivot_front"
			{Position 24.6346	0	3.99451}
			{bone revolute "steer_r"
				{parameters "ID=body;"}
				{Matrix34
					1	0	0
					0	-1	0
					0	0	-1
					-0.0614223	-14.2566	6.02718
				}
				{VolumeView "steer_r.ply"}
				{bone revolute "wheelr1"
					{parameters "ID=wheelright1;"}
					{Matrix34
						1	0	0
						0	0	1
						0	-1	0
						-0.218138	2.99266	-0.00824738
					}
					{VolumeView "wheelr1.ply"}
				}
				{bone "fxtracer1"
					{Matrix34
						-1	0	0
						0	1	0
						0	0	-1
						-0.319654	2.47571	10.0217
					}
				}
			}
			{bone revolute "steer_l"
				{parameters "ID=body;"}
				{Matrix34
					1	0	0
					0	-1	0
					0	0	-1
					-0.0614185	14.332	6.02718
				}
				{VolumeView "steer_l.ply"}
				{bone revolute "wheell1"
					{parameters "ID=wheelleft1;"}
					{Matrix34
						1	0	0
						0	0	1
						0	-1	0
						-0.218138	-2.92271	-0.00824738
					}
					{VolumeView "wheell1.ply"}
				}
				{bone "fxtracel1"
					{Matrix34
						-1	0	0
						0	1	0
						0	0	-1
						-0.319649	-2.39718	10.0217
					}
				}
			}
		}
		{bone "pivot_back"
			{Position -30.5104	0	4.66152}
			{bone "spring_l"
				{Position 0	9.99251	2.96275}
				{bone revolute "wheell2"
					{parameters "ID=wheelleft2;"}
					{Matrix34
						1	0	0
						0	0	-1
						0	1	0
						-0.0753994	7.26221	2.40567
					}
					{VolumeView "wheell2.ply"}
				}
				{bone "fxtracel2"
					{Matrix34
						-1	0	0
						0	-1	0
						0	0	1
						0.219328	6.73668	-7.62427
					}
				}
			}
			{bone "spring_r"
				{Position 0	-10	2.96275}
				{bone revolute "wheelr2"
					{parameters "ID=wheelright2;"}
					{Matrix34
						1	0	0
						0	0	-1
						0	1	0
						-0.0753937	-7.24923	2.40567
					}
					{VolumeView "wheelr2.ply"}
				}
				{bone "fxtracer2"
					{Matrix34
						-1	0	0
						0	-1	0
						0	0	1
						0.219334	-6.73228	-7.62427
					}
				}
			}
		}
		{bone "body"
			{parameters "ID=body;"}
			{Position -4.38949	0.00120258	14.9749}
			{VolumeView "body.ply"}
			{bone "crnst_2"
				{parameters "ID=body;"}
				{Position -0.547646	0.000403913	-4.79861}
				{VolumeView "crnst_2.ply"}
				{bone revolute "wheelr4"
					{parameters "Wheelradius=0.3;ID=wheelright4;"}
					{Matrix34
						1	0	0
						0	0	-1
						0	1	0
						-6.09666	-16.3884	2.62773
					}
					{VolumeView "wheelr4.ply"}
				}
				{bone revolute "wheell4"
					{parameters "Wheelradius=0.3;ID=wheelleft4;"}
					{Matrix34
						1	0	0
						0	0	-1
						0	1	0
						-6.09666	16.39	2.62773
					}
					{VolumeView "wheell4.ply"}
				}
			}
			{bone "crnst_1"
				{parameters "ID=body;"}
				{Position 2.74832	0.000405401	-4.79861}
				{VolumeView "crnst_1.ply"}
				{bone revolute "wheelr3"
					{parameters "Wheelradius=0.3;ID=wheelright3;"}
					{Matrix34
						1	0	0
						0	0	-1
						0	1	0
						6.11292	-16.3884	2.62773
					}
					{VolumeView "wheelr3.ply"}
				}
				{bone revolute "wheell3"
					{parameters "Wheelradius=0.3;ID=wheelleft3;"}
					{Matrix34
						1	0	0
						0	0	-1
						0	1	0
						6.11292	16.39	2.62773
					}
					{VolumeView "wheell3.ply"}
				}
			}
			{bone "chain_privod"
				{parameters "ID=body;"}
				{Position -3.54267	-2.23736	-6.07283}
				{VolumeView "chain_privod.ply"}
			}
			{bone revolute "periscope_turret"
				{parameters "ID=body;"}
				{limits -30 30}
				{Position 6.3737	-0.00120258	16.7431}
				{VolumeView "periscope_turret.ply"}
			}
			{bone revolute "turret"
				{parameters "ID=turret;"}
				{terminator}
				{Position -26.0887	-0.00120254	2.62014}
				{VolumeView "turret.ply"}
				{bone "gun_rot"
					{parameters "ID=turret;"}
					{Position 0.105572	0	13.9943}
					{VolumeView "gun_rot.ply"}
					{bone "shooter01"
						{Matrix34
							0.996195	0	-0.0871558
							0	1	0
							0.0871558	0	0.996195
							2.40165	-15.4008	-1.2145
						}
						{bone "rocket01"
							{Matrix34
								0.996195	0	0.0871558
								0	1	0
								-0.0871558	0	0.996195
								1.01581	-0.000967026	-0.255451
							}
							{VolumeView "rocket01.ply"}
						}
					}
					{bone "shooter00"
						{Matrix34
							0.996195	0	-0.0871558
							0	1	0
							0.0871558	0	0.996195
							2.40165	15.3937	-1.2145
						}
						{bone "rocket00"
							{Matrix34
								0.996195	0	0.0871558
								0	1	0
								-0.0871558	0	0.996195
								1.01581	-0.0228767	-0.255451
							}
							{VolumeView "rocket00.ply"}
						}
					}
					{bone "shooter02"
						{Matrix34
							0.996195	0	-0.0871558
							0	1	0
							0.0871558	0	0.996195
							2.64161	10.4695	-0.318968
						}
						{bone "rocket02"
							{Matrix34
								0.996195	0	0.0871558
								0	1	0
								-0.0871558	0	0.996195
								0.77177	0.0334473	-0.219227
							}
							{VolumeView "rocket02.ply"}
						}
					}
					{bone "shooter03"
						{Matrix34
							0.996195	0	-0.0871558
							0	1	0
							0.0871558	0	0.996195
							2.64161	-10.4724	-0.318968
						}
						{bone "rocket03"
							{Matrix34
								0.996195	0	0.0871558
								0	1	0
								-0.0871558	0	0.996195
								0.77177	-0.0242615	-0.219227
							}
							{VolumeView "rocket03.ply"}
						}
					}
					{bone "shooter04"
						{Matrix34
							0.996195	0	-0.0871558
							0	1	0
							0.0871558	0	0.996195
							2.39539	5.69375	-1.23788
						}
						{bone "rocket04"
							{Matrix34
								0.996195	0	0.0871558
								0	1	0
								-0.0871558	0	0.996195
								1.02001	-0.0514545	-0.231621
							}
							{VolumeView "rocket04.ply"}
						}
					}
					{bone "shooter05"
						{Matrix34
							0.996195	0	-0.0871558
							0	1	0
							0.0871558	0	0.996195
							2.39539	-5.68898	-1.23788
						}
						{bone "rocket05"
							{Matrix34
								0.996195	0	0.0871558
								0	1	0
								-0.0871558	0	0.996195
								1.02002	0.0972719	-0.231623
							}
							{VolumeView "rocket05.ply"}
						}
					}
					{bone "foresight1"
						{Matrix34
							0.984808	0	-0.173648
							0	1	0
							0.173648	0	0.984808
							19.7616	0	-0.103455
						}
					}
				}
			}
			{bone "cover_per"
				{parameters "ID=body;"}
				{Position 3.4644	-0.0012036	20.1807}
				{VolumeView "cover_per.ply"}
			}
			{bone "detail2"
				{parameters "ID=body;"}
				{Position -45.6179	-0.880416	13.0691}
				{VolumeView "detail2.ply"}
			}
			{bone "engine"
				{parameters "ID=engine;"}
				{Position 24.0035	-0.00120359	13.5183}
				{VolumeView "engine.ply"}
			}
			{bone "richag2"
				{parameters "ID=body;"}
				{Position 57.8614	-0.00270475	8.67366}
				{VolumeView "richag2.ply"}
			}
			{bone "richag1"
				{parameters "ID=body;"}
				{Position 56.3194	-0.00270478	7.56959}
				{VolumeView "richag1.ply"}
				{bone "volnootboy"
					{parameters "ID=body;"}
					{Position -5.03297	0.0770245	-7.08522}
					{VolumeView "volnootboy.ply"}
				}
			}
			{bone "zaslonka1"
				{parameters "ID=body;"}
				{Position -49.8255	1.12196	6.55888}
				{VolumeView "zaslonka1.ply"}
			}
			{bone "headlightl"
				{Position 48.8159	17.6572	12.0002}
			}
			{bone "fxlight"
				{Position 8.11815	15.219	20.369}
			}
			{bone "cover2"
				{parameters "ID=body;"}
				{Position -7.30831	-7.07667	19.7687}
				{VolumeView "cover2.ply"}
			}
			{bone "cover1"
				{parameters "ID=body;"}
				{Matrix34
					1	0	0
					0	0.994886	-0.101007
					0	0.101007	0.994886
					-7.30831	7.07667	19.7687
				}
				{VolumeView "cover1.ply"}
			}
			{bone "fx_water_ex1"
				{Matrix34
					-1	0	0
					0	-1	0
					0	0	1
					-49.639	-0.00120258	0.740664
				}
			}
			{bone "visor2"
				{Position 11.1609	7.5254	16.7666}
			}
			{bone "fxsmoke1"
				{Matrix34
					-0.663414	-0.711348	-0.232091
					0.383022	-0.589303	0.711348
					-0.642788	0.383022	0.663414
					30.8767	-13.894	6.97299
				}
			}
			{bone "fxsmoke2"
				{Matrix34
					-0.663414	-0.711348	-0.232091
					0.383022	-0.589303	0.711348
					-0.642788	0.383022	0.663414
					28.9253	-13.894	6.97299
				}
			}
			{bone "gunner"
				{Position -2.02886	-6.73117	5.58008}
			}
			{bone "headlightr"
				{Position 48.8159	-17.5324	12.0002}
			}
			{bone "visor1"
				{Position 8.47155	-0.00120415	20.9598}
			}
		}
		{bone "emit1"
			{parameters "Group=crew;"}
			{Matrix34
				0	-1	0
				1	0	0
				0	0	1
				-6.73066	40.0478	0
			}
		}
		{bone "emit2"
			{parameters "Group=crew;"}
			{Matrix34
				0	1	0
				-1	0	0
				0	0	1
				-6.73066	-37.9464	0
			}
		}
	}
}
{Volume "body1"
	{Polyhedron "body1.vol"}
	{Bone "body"}
	{Matrix34
		1	0	0
		0	0	1
		0	-1	0
		2.33669	-0.00120392	15.6845
	}
}
{Volume "body"
	{Polyhedron "body.vol"}
	{Bone "body"}
	{Position 5.56677	-0.0012034	3.80809}
}
{Volume "crew"
	{Box 14.2989 21.0332 24.631}
	{Bone "body"}
	{Matrix34
		1	0	0
		0	0	1
		0	-1	0
		-1.22691	-0.660082	7.51845
	}
}
{Volume "engine"
	{Box 19.773 14.6142 11.9569}
	{Bone "body"}
	{Position 32.4219	-0.25392	3.89973}
}
{Volume "inventory"
	{Polyhedron "inventory.vol"}
	{Bone "body"}
	{Position -27.6912	-0.00120202	15.6985}
}
{Volume "ram"
	{Polyhedron "ram.vol"}
	{Bone "body"}
	{Position 8.85182	-0.00120354	-1.29777}
}
{Volume "transmission"
	{Cylinder 4.1037 32.07}
	{Bone "body"}
	{Matrix34
		0	-1	0
		0	0	1
		-1	0	0
		12.2506	0.182927	-2.77346
	}
}
{Volume "turret"
	{Box 20.9771 7.26952 34.8683}
	{Bone "gun_rot"}
	{Matrix34
		1	0	0
		0	0	1
		0	-1	0
		2.65168	0.186263	-0.217911
	}
}
{Volume "wheelleft1"
	{Cylinder 10.758 6.13553}
	{Bone "wheell1"}
	{Matrix34
		1	0	0
		0	-1	0
		0	0	-1
		-0.0151043	-0.00761318	-0.484681
	}
}
{Volume "wheelleft2"
	{Cylinder 10.758 6.13553}
	{Bone "wheell2"}
	{Matrix34
		1	0	0
		0	-1	0
		0	0	-1
		0.0704308	-0.00761604	-0.484677
	}
}
{Volume "wheelright1"
	{Cylinder 10.758 6.13553}
	{Bone "wheelr1"}
	{Matrix34
		1	0	0
		0	-1	0
		0	0	-1
		-0.0151043	-0.00761509	0.722245
	}
}
{Volume "wheelright2"
	{Cylinder 10.758 6.13553}
	{Bone "wheelr2"}
	{Matrix34
		1	0	0
		0	-1	0
		0	0	-1
		0.0704231	-0.00761604	0.722247
	}
}
