;Exported by: misan
;Date:        Fri Aug  4 08:48:03 2023
;File:        D:\Cold War\ModelWIP\USSR\GAZ-69\GAZ-69 DSHK.max
{Skeleton
	{bone "basis"
		{Orientation
			1	0	0
			0	-1	0
			0	0	1
		}
		{bone "emit4"
			{Matrix34
				0.99863	0.052336	0
				-0.052336	0.99863	0
				0	0	1
				-44.3399	-4.979	0
			}
		}
		{bone "emit2"
			{Matrix34
				0	1	0
				-1	0	0
				0	0	1
				0.9625	-28.7459	0
			}
		}
		{bone "emit3"
			{Position -45.4561	6.71704	0}
		}
		{bone "emit1"
			{Matrix34
				0	-1	0
				1	0	0
				0	0	1
				0.450613	25.6859	0
			}
		}
		{bone "body"
			{parameters "id=body;"}
			{Position 1.38198	-0.000228882	9.18709}
			{VolumeView "body.ply"}
			{bone "seats_r"
				{parameters "id=body;"}
				{Matrix34
					1	0	0
					0	0.0871558	0.996195
					0	-0.996195	0.0871558
					-24.6469	-13.5118	9.12161
				}
				{VolumeView "seats_r.ply"}
			}
			{bone "seats_l"
				{parameters "id=body;"}
				{Matrix34
					1	0	0
					0	0.0871558	-0.996195
					0	0.996195	0.0871558
					-24.6469	13.5122	9.12161
				}
				{VolumeView "seats_l.ply"}
			}
			{bone "door_back"
				{parameters "id=body;"}
				{Position -35.7048	-0.0276424	4.40006}
				{VolumeView "door_back.ply"}
			}
			{bone "steering"
				{Matrix34
					0.544639	0	0.838671
					0	1	0
					-0.838671	0	0.544639
					14.3426	8.99633	10.3134
				}
				{VolumeView "steering.ply"}
			}
			{bone "windshield"
				{parameters "id=body;"}
				{Matrix34
					-0.422618	0	-0.906308
					0	1	0
					0.906308	0	-0.422618
					14.9956	0.00527077	14.8355
				}
				{VolumeView "windshield.ply"}
				{bone "glassr"
					{parameters "id=glassr;"}
					{Position -5.41413	-6.59839	7.22943}
					{VolumeView "glassr.ply"}
				}
				{bone "glassl"
					{parameters "id=glassl;"}
					{Position -5.41413	6.58783	7.22943}
					{VolumeView "glassl.ply"}
				}
			}
			{bone "engine"
				{parameters "id=engine;"}
				{Position 26.3184	0	15.0384}
				{VolumeView "engine.ply"}
			}
			{bone "driver"
				{Position 1.36903	8.14836	1.48957}
			}
			{bone "commander"
				{Position 1.36903	-8.10396	1.48957}
			}
			{bone "detail1"
				{parameters "id=body;"}
				{Position 35.1993	0	9.11367}
				{VolumeView "detail1.ply"}
			}
			{bone "detail4"
				{parameters "id=body;"}
				{Position 14.5998	14.9318	15.2205}
				{VolumeView "detail4.ply"}
			}
			{bone "door_l1"
				{parameters "id=body;"}
				{Position 11.5029	14.4154	8.77222}
				{VolumeView "door_l1.ply"}
			}
			{bone "door_l2"
				{parameters "id=body;"}
				{Position -2.83147	15.3234	8.74526}
				{VolumeView "door_l2.ply"}
			}
			{bone "door_r1"
				{parameters "id=body;"}
				{Position 11.5029	-14.4153	8.77222}
				{VolumeView "door_r1.ply"}
			}
			{bone "door_r2"
				{parameters "id=body;"}
				{Position -2.83147	-15.3148	8.77333}
				{VolumeView "door_r2.ply"}
			}
			{bone "fxfire1"
				{Position 22.6941	0.111866	12.2707}
			}
			{bone "fxsmoke1"
				{Matrix34
					-0.45399	-0.891007	0
					0.891007	-0.45399	0
					0	0	1
					-7.14321	-12.824	-0.103654
				}
			}
			{bone "fxstop1"
				{Matrix34
					-1	0	0
					0	-1	0
					0	0	1
					-36.9982	-13.6451	11.1963
				}
			}
			{bone "fxstop2"
				{Matrix34
					-1	0	0
					0	-1	0
					0	0	1
					-36.9982	13.6248	11.1963
				}
			}
			{bone "headlightl"
				{Position 34.2759	9.08085	8.12454}
			}
			{bone "headlightr"
				{Position 34.2759	-9.02919	8.12454}
			}
			{bone "link2"
				{Matrix34
					-1	0	0
					0	-1	0
					0	0	1
					-38.4833	0.000228357	2.81526
				}
			}
			{bone "mgun"
				{parameters "id=gun;"}
				{Matrix34
					-1	0	0
					0	-1	0
					0	0	1
					-3.99289	0.0221195	28.6243
				}
				{VolumeView "mgun.ply"}
				{bone revolute "turret"
					{parameters "id=gun;"}
					{Matrix34
						-1	0	0
						0	-1	0
						0	0	1
						-2.39496	-0.0176429	1.45786
					}
					{VolumeView "turret.ply"}
					{bone revolute "gun_rot"
						{parameters "id=gun;"}
						{Matrix34
							1	0	0
							0	0	1
							0	-1	0
							-2.63225	0.827214	2.06627
						}
						{VolumeView "gun_rot.ply"}
						{bone "magazine_cover"
							{parameters "id=gun;"}
							{Matrix34
								0.999996	0.00272703	0
								-0.000913105	0.334834	-0.942277
								-0.00256961	0.942273	0.334835
								-3.22661	2.53132	-1.56981
							}
							{VolumeView "magazine_cover.ply"}
						}
						{bone "dshk_detail1"
							{parameters "id=gun;"}
							{Matrix34
								1	0	0
								0	0	-1
								0	1	0
								-0.0153887	1.61724	0.835974
							}
							{VolumeView "dshk_detail1.ply"}
						}
						{bone "detail5"
							{parameters "id=gun;"}
							{Matrix34
								0.559193	0.829038	0
								0	0	-1
								-0.829038	0.559193	0
								-5.0606	4.00717	1.6579
							}
							{VolumeView "detail5.ply"}
						}
						{bone "detail2"
							{parameters "id=gun;"}
							{Matrix34
								1	0	0
								0	0	-1
								0	1	0
								-14.1272	4.49271	-0.322657
							}
							{VolumeView "detail2.ply"}
						}
						{bone "detail3"
							{parameters "id=gun;"}
							{Matrix34
								1	0	0
								0	0	-1
								0	1	0
								6.05036	5.5918	-0.240401
							}
							{VolumeView "detail3.ply"}
						}
						{bone "mgun_help"
							{Position -11.1985	2.24994	0.866755}
						}
					}
					{bone "gunner"
						{Position -18.1324	-0.0395277	-21.904}
					}
				}
				{bone "gun3"
					{Matrix34
						-0.990268	0	-0.139173
						0	-1	0
						-0.139173	0	0.990268
						2.52061	-7.36834	-11.1598
					}
				}
				{bone "gun4"
					{Matrix34
						-0.990268	0	-0.139173
						0	-1	0
						-0.139173	0	0.990268
						2.51018	7.73251	-11.2697
					}
				}
				{bone "gun5"
					{Matrix34
						-1	0	0
						0	-1	0
						0	0	1
						-9.08288	0.0132573	-11.6308
					}
				}
			}
		}
		{bone "pivot_back"
			{Position -19.8006	0	7.97366}
			{VolumeView "pivot_back.ply"}
			{bone prizmatic "suspension_l2"
				{limits -0.1 0.1}
				{Position 0.0186348	12.74	-0.00609112}
				{bone revolute "wheell2"
					{parameters "id=wheelleft2;"}
					{Matrix34
						1	0	0
						0	0	-1
						0	1	0
						-0.00643539	2.186	0.000544548
					}
					{VolumeView "wheell2.ply"}
				}
			}
			{bone prizmatic "suspension_r2"
				{limits -0.1 0.1}
				{Position 0.0186348	-12.7085	-0.00609303}
				{bone revolute "wheelr2"
					{parameters "id=wheelright2;"}
					{Matrix34
						1	0	0
						0	0	-1
						0	1	0
						-0.00643921	-2.21731	0.000545502
					}
					{VolumeView "wheelr2.ply"}
				}
			}
		}
		{bone "pivot_front"
			{Position 26.4012	0	7.97366}
			{VolumeView "pivot_front.ply"}
			{bone prizmatic "suspension_r1"
				{limits -0.1 0.1}
				{Position -0.154209	-12.7085	-0.00609303}
				{bone revolute "steer_r"
					{Matrix34
						1	0	0
						0	-1	0
						0	0	-1
						0.00499344	0	0
					}
					{bone revolute "wheelr1"
						{parameters "id=wheelright1;"}
						{Matrix34
							1	0	0
							0	0	1
							0	-1	0
							-0.00340271	2.21731	-0.000544548
						}
						{VolumeView "wheelr1.ply"}
					}
				}
			}
			{bone prizmatic "suspension_l1"
				{limits -0.1 0.1}
				{Position -0.154205	12.74	-0.00609112}
				{bone revolute "steer_l"
					{Matrix34
						1	0	0
						0	-1	0
						0	0	-1
						0.00499344	0	0
					}
					{bone revolute "wheell1"
						{parameters "id=wheelleft1;"}
						{Matrix34
							1	0	0
							0	0	1
							0	-1	0
							-0.00340652	-2.186	-0.000544548
						}
						{VolumeView "wheell1.ply"}
					}
				}
			}
		}
	}
}