;Exported by: ART
;Date:        Fri Feb 26 09:38:38 2021
;File:        E:\Autodesk\Low poly\freelance\Carlos\Weapons\Dshk\Export\DSHK aa_xx.max
{Skeleton
	{bone revolute "basis"
		{Orientation
			1	0	0
			0	-1	0
			0	0	1
		}
		{bone "body"
			{parameters "ID=body;"}
			{Position 0.217339	0.0185683	19.7582}
			{LODView
				{VolumeView "body.ply"}
				{VolumeView "body_lod1.ply"}
			}
			{bone revolute "turret"
				{parameters "ID=turret;"}
				{limits -10 10}
				{speed 0.005}
				{Position -2.43328	-0.0179252	1.48118}
				{LODView
					{VolumeView "turret.ply"}
					{VolumeView "turret_lod1.ply"}
				}
				{bone revolute "gun_rot"
					{parameters "ID=gun;"}
					{limits -15 25}
					{speed 0.006}
					{Matrix34
						1	0	0
						0	0	1
						0	-1	0
						-2.67437	0.840449	2.09933
					}
					{LODView
						{VolumeView "gun_rot.ply"}
						{VolumeView "gun_rot_lod1.ply"}
					}
					{bone "part5"
						{parameters "ID=gun;"}
						{Matrix34
							1	0	0
							0	0	-1
							0	1	0
							6.14717	5.68126	-0.244249
						}
						{LODView
							{VolumeView "part5.ply"}
							{VolumeView "part5_lod1.ply"}
						}
					}
					{bone "part4"
						{parameters "ID=gun;"}
						{Matrix34
							1	0	0
							0	0	-1
							0	1	0
							-14.3532	4.56459	-0.327824
						}
						{LODView
							{VolumeView "part4.ply"}
							{VolumeView "part4_lod1.ply"}
						}
					}
					{bone "dshk"
						{parameters "ID=gun;"}
						{Matrix34
							1	0	0
							0	0	-1
							0	1	0
							5.07622	4.02894	0.840446
						}
						{LODView
							{VolumeView "dshk.ply"}
							{VolumeView "dshk_lod1.ply"}
						}
						{bone "dshk_detail2"
							{parameters "ID=gun;"}
							{Matrix34
								0.559193	0	0.829038
								0	1	0
								-0.829038	0	0.559193
								-10.1786	-0.843978	0.0423317
							}
							{VolumeView "dshk_detail2.ply"}
						}
						{bone "dshk_detail1"
							{parameters "ID=gun;"}
							{Position -4.72357	-0.0089031	-2.38583}
							{LODView
								{VolumeView "dshk_detail1.ply"}
								{VolumeView "dshk_detail1_lod1.ply"}
							}
						}
					}
					{bone "part6"
						{parameters "ID=gun;"}
						{Matrix34
							0.883488	0.451958	-0.12322
							0.0726664	-0.392072	-0.91706
							-0.462784	0.801257	-0.379233
							-3.27196	0.452969	-1.68467
						}
						{LODView
							{VolumeView "part6.ply"}
							{VolumeView "part6_lod1.ply"}
						}
					}
				}
			}
			{bone "part1"
				{parameters "ID=body;"}
				{Matrix34
					0.898794	0	-0.438371
					0	1	0
					0.438371	0	0.898794
					-3.04232	-0.0388762	0.0683994
				}
				{LODView
					{VolumeView "part1.ply"}
					{VolumeView "part1_lod1.ply"}
				}
			}
			{bone "part2"
				{parameters "ID=body;"}
				{Matrix34
					1	0	0
					0	0.707107	-0.707107
					0	0.707107	0.707107
					-1.70458	-1.3025	-0.118599
				}
				{LODView
					{VolumeView "part2.ply"}
					{VolumeView "part2_lod1.ply"}
				}
			}
			{bone "part3"
				{parameters "ID=body;"}
				{Matrix34
					1	0	0
					0	0.725374	0.688355
					0	-0.688355	0.725374
					-1.72553	1.27333	-0.156458
				}
				{LODView
					{VolumeView "part3.ply"}
					{VolumeView "part3_lod1.ply"}
				}
			}
			{bone "pivot_front"
				{Position -0.217339	-0.0185699	-19.7582}
				{bone revolute "part7"
					{parameters "ID=wheelright;Radius=0.21;"}
					{Matrix34
						-1	0	0
						0	-0.165047	-0.986286
						0	-0.986286	0.165047
						0.233008	-6.09643	19.4499
					}
					{LODView
						{VolumeView "part7.ply"}
						{VolumeView "part7_lod1.ply"}
					}
				}
			}
		}
	}
}
{Volume "body4"
	{Box 5.58377 5.4167 2.28109}
	{Bone "body"}
	{Position -2.18759	-0.0277491	0.189422}
}
{Volume "gun1"
	{Cylinder 1.07028 18.9417}
	{Bone "gun_rot"}
	{Matrix34
		0	0	-1
		0	1	0
		1	0	0
		12.6855	2.55935	0.77227
	}
}
{Volume "gun"
	{Box 14.9301 4.5772 3.98943}
	{Bone "gun_rot"}
	{Position -4.11752	2.01866	0.718072}
}
{Volume "part1"
	{Box 3.67776 5.39364 27.5688}
	{Bone "part1"}
	{Matrix34
		0.906308	0	-0.422618
		0	1	0
		0.422619	0	0.906308
		-4.99468	0.0109348	-12.8962
	}
}
{Volume "part2"
	{Box 1.5748 1.5748 27.5688}
	{Bone "part2"}
	{Matrix34
		0.965926	-0.0906401	0.242429
		0.0778282	0.995042	0.0619332
		-0.24684	-0.0409551	0.968191
		4.06877	0.333663	-13.1701
	}
}
{Volume "part3"
	{Box 1.5748 1.5748 27.5688}
	{Bone "part3"}
	{Matrix34
		0.965926	0.084264	0.244717
		-0.0778282	0.996322	-0.0358646
		-0.246841	0.0155974	0.968931
		4.08971	-0.171392	-13.0714
	}
}
{Volume "part4"
	{Polyhedron "part4.vol"}
	{Bone "part4"}
	{Matrix34
		0.978148	-0.198827	0.0607874
		0.207785	0.945041	-0.252434
		-0.00725593	0.259548	0.965703
		0.228907	-1.00365	-3.96143
	}
}
{Volume "part5"
	{Box 6.69191 8.36489 3.8922}
	{Bone "part5"}
	{Matrix34
		1	0	0
		0	0.979925	0.199368
		0	-0.199368	0.979925
		0.331086	2.34243	-2.31832
	}
}
{Volume "part6"
	{Box 6.28999 4.56502 3.74968}
	{Bone "part6"}
	{Matrix34
		0.0814369	0.804674	0.588106
		0.121455	-0.59368	0.795483
		0.989251	0.006647	-0.146079
		0.241355	2.50794	1.54994
	}
}
{Volume "part7"
	{Polyhedron "part7.vol"}
	{Bone "part7"}
	{Matrix34
		0.984808	-0.171265	0.0286596
		-0.172986	-0.981991	0.0759608
		0.015134	-0.0797645	-0.996699
		0	0.100859	1.4302
	}
}
{Volume "turret"
	{Polyhedron "turret.vol"}
	{Bone "turret"}
	{Matrix34
		1	0	0
		0	0	1
		0	-1	0
		-2.64433	-0.535863	2.16375
	}
}
