;Exported by: misan
;Date:        Wed Aug 23 12:46:26 2023
;File:        D:\Cold War\ModelWIP\USA\M110\M110 xx.max
{Skeleton
	{bone "basis"
		{Orientation
			1	0	0
			0	-1	0
			0	0	1
		}
		{bone "body"
			{Position 3.48198	-0.000558774	21.1382}
			{VolumeView "body.ply"}
			{bone "loader"
				{Matrix34
					0.694658	-0.71934	0
					0.71934	0.694658	0
					0	0	1
					-47.2673	7.82685	11.7275
				}
				{VolumeView "loader.ply"}
				{bone "loader_arm"
					{Matrix34
						1	0	0
						0	-0.990268	-0.139173
						0	0.139173	-0.990268
						-6.96377	15.9586	-1.44502
					}
					{VolumeView "loader_arm.ply"}
				}
			}
			{bone "turret"
				{Matrix34
					0.882948	-0.469472	0
					0.469472	0.882948	0
					0	0	1
					-31.5165	0.0115408	2.09983
				}
				{VolumeView "turret.ply"}
				{bone "gun_rot"
					{Matrix34
						0.987688	0	0.156434
						0.156434	0	-0.987688
						0	1	0
						12.6598	-0.00301838	17.8754
					}
					{VolumeView "gun_rot.ply"}
					{bone "gun"
						{Matrix34
							1	0	0
							0	0	1
							0	-1	0
							26.457	0.100826	-0.329209
						}
						{VolumeView "gun.ply"}
						{bone "breech_door"
							{Position -42.1041	-4.89778	-0.192612}
							{VolumeView "breech_door.ply"}
						}
					}
				}
				{bone "pistons"
					{Matrix34
						0	-1	0
						0.100458	0	0.994941
						-0.994941	0	0.100458
						14.4172	-6.97717	26.7736
					}
					{VolumeView "pistons.ply"}
				}
			}
			{bone "pistons3"
				{Matrix34
					0.990048	0	0.140729
					0	1	0
					-0.140729	0	0.990048
					-50.9739	0.00330355	-1.12436
				}
				{VolumeView "pistons3.ply"}
			}
			{bone "opora"
				{Matrix34
					0.994522	0	0.104528
					0	1	0
					-0.104528	0	0.994522
					-51.0913	0.00852339	-9.07676
				}
				{VolumeView "opora.ply"}
				{bone "pistons2"
					{Matrix34
						0.987441	0	0.157987
						0	1	0
						-0.157987	0	0.987441
						-26.6637	-0.00521984	3.37449
					}
					{VolumeView "pistons2.ply"}
				}
			}
			{bone "cover"
				{Matrix34
					0.90977	-0.415113	0
					0.415113	0.90977	0
					0	0	1
					17.2318	17.5825	7.5046
				}
				{VolumeView "cover.ply"}
			}
			{bone "detail4"
				{Position -14.7086	-25.122	5.7511}
				{VolumeView "detail4.ply"}
			}
			{bone "trackl"
				{Position -0.936383	25.6462	-9.46368}
				{VolumeView "trackl.ply"}
			}
			{bone "trackr"
				{Matrix34
					-1	0	0
					0	0	1
					0	1	0
					-0.936383	-25.6433	-9.46368
				}
				{VolumeView "trackr.ply"}
			}
			{bone "wheell01"
				{Matrix34
					1	0	0
					0	0	-1
					0	1	0
					47.5753	25.6285	-7.31298
				}
				{VolumeView "wheell01.ply"}
			}
			{bone "wheell02"
				{Matrix34
					0.912447	-0.390138	-0.12342
					0.00449621	0.311158	-0.950347
					0.40917	0.866587	0.28567
					32.4361	25.7829	-12.2125
				}
				{VolumeView "wheell02.ply"}
			}
			{bone "wheell03"
				{Matrix34
					0.901005	0.421762	0.10152
					0.169765	-0.127448	-0.977209
					-0.399211	0.897705	-0.186432
					14.5832	25.7829	-12.2088
				}
				{VolumeView "wheell03.ply"}
			}
			{bone "wheell04"
				{Matrix34
					0.979072	-0.186314	0.0818808
					0.150508	0.392071	-0.907539
					0.136984	0.90087	0.411908
					-3.66265	25.7829	-12.1775
				}
				{VolumeView "wheell04.ply"}
			}
			{bone "wheell05"
				{Matrix34
					0.913857	0.397722	-0.081748
					0.0932554	-0.40154	-0.911081
					-0.395182	0.824975	-0.40404
					-21.521	25.7829	-12.1749
				}
				{VolumeView "wheell05.ply"}
			}
			{bone "wheell06"
				{Matrix34
					0.964838	-0.256151	0.058943
					0.174453	0.456328	-0.872543
					0.196605	0.852145	0.484969
					-40.4536	25.7829	-12.2014
				}
				{VolumeView "wheell06.ply"}
			}
			{bone "wheelr01"
				{Matrix34
					1	0	0
					0	0	-1
					0	1	0
					47.5753	-25.6279	-7.31298
				}
				{VolumeView "wheelr01.ply"}
			}
			{bone "wheelr02"
				{Matrix34
					0.948454	-0.316303	-0.019653
					0.0578445	0.233755	-0.970573
					0.31159	0.919408	0.240003
					32.4168	-25.7875	-12.1952
				}
				{VolumeView "wheelr02.ply"}
			}
			{bone "wheelr03"
				{Matrix34
					0.982221	0.105253	-0.155445
					-0.174703	0.209457	-0.962084
					-0.0687028	0.972137	0.224121
					14.5639	-25.7875	-12.2125
				}
				{VolumeView "wheelr03.ply"}
			}
			{bone "wheelr04"
				{Matrix34
					0.962516	0.257614	0.0848369
					0.155494	-0.267841	-0.950833
					-0.222225	0.928384	-0.297858
					-3.62439	-25.7875	-12.2088
				}
				{VolumeView "wheelr04.ply"}
			}
			{bone "wheelr05"
				{Matrix34
					0.97791	-0.209012	0.0023508
					0.033469	0.145471	-0.988796
					0.206328	0.967033	0.149253
					-21.5249	-25.7875	-12.1694
				}
				{VolumeView "wheelr05.ply"}
			}
			{bone "wheelr06"
				{Matrix34
					0.985227	0.170904	-0.0109017
					0.015224	-0.150815	-0.988445
					-0.170573	0.973677	-0.151189
					-40.4336	-25.7875	-12.1613
				}
				{VolumeView "wheelr06.ply"}
			}
		}
	}
}

{Volume "body1"
	{Polyhedron "body1.vol"}
	{Bone "body"}
	{Matrix34
		1	0	0
		0	0	1
		0	-1	0
		19.5364	0.000562048	3.77799
	}
}
{Volume "body2"
	{Polyhedron "body2.vol"}
	{Bone "body"}
	{Position -30.6319	0.000563979	3.25585}
}
{Volume "body4"
	{Polyhedron "body4.vol"}
	{Bone "body"}
	{Position -51.9443	-0.145288	-6.30002}
}
{Volume "body"
	{Polyhedron "body.vol"}
	{Bone "body"}
	{Matrix34
		1	0	0
		0	0	1
		0	-1	0
		1.48982	0.000562494	-6.41834
	}
}
{Volume "engine"
	{Box 26.3101 24.4262 11.3486}
	{Bone "body"}
	{Position 12.7623	-6.3461	-1.75357}
}
{Volume "fuel"
	{Box 20.3271 8.34977 13.7043}
	{Bone "body"}
	{Position 1.64536	14.9443	-2.64145}
}
{Volume "gun1"
	{Box 48.9146 9.63905 9.78291}
	{Bone "gun_rot"}
	{Matrix34
		1	0	0
		0	-1	0
		0	0	-1
		16.8327	7.51426	0.835331
	}
}
{Volume "gun"
	{Cylinder 4.8622 111.856}
	{Bone "gun"}
	{Matrix34
		0	-1	0
		0	0	1
		-1	0	0
		11.4634	1.13868	-0.105259
	}
}
{Volume "opora"
	{Polyhedron "opora.vol"}
	{Bone "opora"}
	{Matrix34
		0.766045	0	0.642788
		0	1	0
		-0.642788	0	0.766045
		-16.4306	-0.00802741	-1.02594
	}
}
{Volume "trackleft"
	{Polyhedron "trackleft.vol"}
	{Bone "trackl"}
	{Position 3.37022	-2.09808e-05	-1.76211}
}
{Volume "trackright"
	{Polyhedron "trackright.vol"}
	{Bone "trackr"}
	{Matrix34
		-1	0	0
		0	0	1
		0	1	0
		-3.37021	-1.76211	0.00088501
	}
}
{Volume "transmission"
	{Cylinder 4.81681 30.7511}
	{Bone "body"}
	{Matrix34
		1	0	0
		0	0	1
		0	-1	0
		46.6127	0.000563145	-7.61254
	}
}
{Volume "turret"
	{Polyhedron "turret.vol"}
	{Bone "turret"}
	{Position 5.00303	0.680966	14.8667}
}