;Exported by: misan
;Date:        Sun May 21 10:59:18 2023
;File:        D:\Cold War\ModelWIP\USA\M48\M109G X.max
{Skeleton
	{bone "basis"
		{Orientation
			1	0	0
			0	-1	0
			0	0	1
		}
		{bone "body"
			{parameters "id=body;"}
			{Position -0.894927	-0.716261	15.6895}
			{VolumeView "body.ply"}
			{bone revolute "wheell1"
				{parameters "Radius=2.8;id=trackleft;"}
				{Matrix34
					-0.961081	0.246314	-0.125109
					-0.154534	-0.103927	0.982506
					0.229003	0.963602	0.137946
					55.6375	26.9748	-3.77732
				}
				{VolumeView "wheell1.ply"}
			}
			{bone revolute "wheell9"
				{parameters "Radius=2.8;id=trackleft;"}
				{Matrix34
					-1	0	0
					0	0	1
					0	1	0
					-48.0474	26.4633	-3.71324
				}
				{VolumeView "wheell9.ply"}
			}
			{bone revolute "wheelr1"
				{parameters "Radius=2.8;id=trackright;"}
				{Matrix34
					-0.992816	-0.00871676	-0.119334
					-0.119334	0.144764	0.982244
					0.00871322	0.989428	-0.144764
					55.6375	-25.3801	-3.77732
				}
				{VolumeView "wheelr1.ply"}
			}
			{bone revolute "wheelr9"
				{parameters "Radius=2.8;id=trackright;"}
				{Matrix34
					-1	0	0
					0	0	1
					0	1	0
					-48.0474	-27.0685	-3.71324
				}
				{VolumeView "wheelr9.ply"}
			}
			{bone revolute "turret"
				{parameters "id=turret;"}
				{Matrix34
					0.981627	-0.190809	0
					0.190809	0.981627	0
					0	0	1
					-16.7038	0	14.5684
				}
				{VolumeView "turret.ply"}
				{bone "cover2"
					{parameters "id=turret;"}
					{Matrix34
						0.866025	0.499315	-0.0261679
						-0.498782	0.866383	0.024447
						0.0348782	-0.00811965	0.999359
						-6.44225	13.3063	18.5054
					}
					{VolumeView "cover2.ply"}
				}
				{bone revolute "gun_rot"
					{parameters "id=mantlet;"}
					{Matrix34
						0.990268	0	-0.139173
						0.139173	0	0.990268
						0	-1	0
						18.9574	0	9.32049
					}
					{VolumeView "gun_rot.ply"}
					{bone "gun"
						{parameters "id=gun;"}
						{Matrix34
							1	0	0
							0	0	-1
							0	1	0
							-0.151664	0	0
						}
						{VolumeView "gun.ply"}
					}
				}
				{bone "fxfire3_2"
					{Position -3.88714	16.8492	11.3433}
				}
				{bone "fxfire3"
					{Position -13.3192	-12.9729	11.3433}
				}
				{bone revolute "commander_turret"
					{parameters "id=turret;"}
					{Matrix34
						0.75471	-0.656059	0
						0.656059	0.75471	0
						0	0	1
						-13.3208	-12.6966	18.2421
					}
					{VolumeView "commander_turret.ply"}
					{bone "cover_commander"
						{parameters "id=turret;"}
						{Matrix34
							-0.970296	0	-0.241922
							0	1	0
							0.241922	0	-0.970296
							-7.32281	0.105042	2.5282
						}
						{VolumeView "cover_commander.ply"}
					}
					{bone revolute "mgun_rot"
						{limits -10 60}
						{Matrix34
							0.882948	0	-0.469472
							0.469472	0	0.882948
							0	-1	0
							11.1035	-1.16608	6.87219
						}
						{VolumeView "mgun_rot.ply"}
						{bone "mgun_help"
							{Position -5.92623	-0.0426331	-0.110329}
						}
					}
					{bone "gunner2"
						{Position -0.0202179	-0.251236	-16.3823}
					}
				}
				{bone "smokelauncherr"
					{parameters "id=turret;"}
					{Matrix34
						0.996195	0.0871557	0
						-0.0871557	0.996195	0
						0	0	1
						20.0218	-20.5123	14.3134
					}
					{VolumeView "smokelauncherr.ply"}
				}
				{bone "smokelauncherl"
					{parameters "id=turret;"}
					{Matrix34
						0.996195	-0.0871557	0
						0.0871557	0.996195	0
						0	0	1
						20.0218	20.6427	14.3134
					}
					{VolumeView "smokelauncherl.ply"}
				}
			}
			{bone "engine"
				{parameters "id=engine;"}
				{Position 35.9944	0.975802	13.3348}
				{VolumeView "engine.ply"}
			}
			{bone "brace"
				{parameters "id=body;"}
				{Matrix34
					-0.573576	0	0.819152
					0	1	0
					-0.819152	0	-0.573576
					-50.0894	0.691679	-4.15361
				}
				{VolumeView "brace.ply"}
				{bone "bracepeg_r"
					{parameters "id=body;"}
					{Matrix34
						0.62932	0	-0.777146
						0	1	0
						0.777146	0	0.62932
						-1.62313	-18.5786	12.3033
					}
					{VolumeView "bracepeg_r.ply"}
				}
			}
			{bone "fxsmoke1"
				{Matrix34
					0	-1	0
					1	0	0
					0	0	1
					19.5341	-30.1344	15.8689
				}
			}
			{bone "fxfire4"
				{Position -17.2656	0.640098	4.85809}
			}
			{bone "fxfire1"
				{Position 29.6044	-5.92674	10.4885}
			}
		}
		{bone "wheelsl"
			{parameters "id=trackleft;"}
			{Position 3.04906	22.6734	7.4825}
			{VolumeView "wheelsl.ply"}
			{bone "trackl"
				{parameters "id=trackleft;"}
				{Matrix34
					0	1	0
					1	0	0
					0	0	-1
					-0.658041	3.49139	1.28257
				}
				{VolumeView "trackl.ply"}
			}
			{bone revolute "wheell2"
				{parameters "Radius=3.0;id=trackleft;"}
				{Matrix34
					-0.978818	-0.138618	0.150666
					0.132199	0.133994	0.982125
					-0.156329	0.981239	-0.11283
					38.2176	3.57289	-0.145802
				}
				{VolumeView "wheell2.ply"}
			}
			{bone revolute "wheell3"
				{parameters "Radius=3.0;id=trackleft;"}
				{Matrix34
					-0.942136	0.28084	-0.183056
					-0.232094	-0.152423	0.960677
					0.241894	0.947574	0.208784
					25.2635	3.57289	-0.145802
				}
				{VolumeView "wheell3.ply"}
			}
			{bone revolute "wheell4"
				{parameters "Radius=3.0;id=trackleft;"}
				{Matrix34
					-0.961818	-0.199937	0.186899
					0.154469	0.167163	0.973754
					-0.225932	0.965444	-0.129896
					12.4223	3.57289	-0.145802
				}
				{VolumeView "wheell4.ply"}
			}
			{bone revolute "wheell5"
				{parameters "Radius=3.0;id=trackleft;"}
				{Matrix34
					-0.970046	0.228763	-0.0817195
					-0.0994718	-0.0671586	0.992771
					0.221622	0.971163	0.0879024
					-0.612575	3.57289	-0.145802
				}
				{VolumeView "wheell5.ply"}
			}
			{bone revolute "wheell6"
				{parameters "Radius=3.0;id=trackleft;"}
				{Matrix34
					-0.940266	-0.191965	0.281156
					0.229426	0.252854	0.939909
					-0.251521	0.948269	-0.193708
					-13.5505	3.57289	-0.145802
				}
				{VolumeView "wheell6.ply"}
			}
			{bone revolute "wheell7"
				{parameters "Radius=3.0;id=trackleft;"}
				{Matrix34
					-0.871276	0.490667	0.0111754
					0.0218227	0.0159828	0.999634
					0.490309	0.871201	-0.0246331
					-26.6421	3.57289	-0.145802
				}
				{VolumeView "wheell7.ply"}
			}
			{bone revolute "wheell8"
				{parameters "Radius=3.0;id=trackleft;"}
				{Matrix34
					-0.99404	0.107442	0.0184707
					0.0204578	0.0174223	0.999639
					0.107082	0.994059	-0.0195165
					-39.9496	3.57289	-0.145802
				}
				{VolumeView "wheell8.ply"}
			}
		}
		{bone "wheelsr"
			{parameters "id=trackright;"}
			{Position 3.09802	-22.5698	7.35195}
			{VolumeView "wheelsr.ply"}
			{bone "trackr"
				{parameters "id=trackright;"}
				{Matrix34
					0	1	0
					1	0	0
					0	0	-1
					-0.706994	-3.65625	1.41311
				}
				{VolumeView "trackr.ply"}
			}
			{bone revolute "wheelr2"
				{parameters "Radius=3.0;id=trackright;"}
				{Matrix34
					-0.986001	0.065159	0.153483
					0.13828	-0.194821	0.971042
					0.0931739	0.978672	0.183084
					37.2022	-5.01654	0.062161
				}
				{VolumeView "wheelr2.ply"}
			}
			{bone revolute "wheelr3"
				{parameters "Radius=3.0;id=trackright;"}
				{Matrix34
					-0.977987	-0.127044	-0.165535
					-0.190728	0.222447	0.956107
					-0.0846448	0.966632	-0.241781
					24.0476	-5.01658	0.062161
				}
				{VolumeView "wheelr3.ply"}
			}
			{bone revolute "wheelr4"
				{parameters "Radius=3.0;id=trackright;"}
				{Matrix34
					-0.953265	0.301984	-0.00961155
					-0.0184674	-0.0264841	0.999479
					0.301572	0.952945	0.0308232
					10.8978	-5.01654	0.062161
				}
				{VolumeView "wheelr4.ply"}
			}
			{bone revolute "wheelr5"
				{parameters "Radius=3.0;id=trackright;"}
				{Matrix34
					-0.9675	-0.25202	0.0207171
					0.0167579	0.0178461	0.9997
					-0.252314	0.967557	-0.0130428
					-2.09003	-5.01658	0.062161
				}
				{VolumeView "wheelr5.ply"}
			}
			{bone revolute "wheelr6"
				{parameters "Radius=3.0;id=trackright;"}
				{Matrix34
					-0.989721	-0.0782708	-0.119695
					-0.130859	0.157956	0.978737
					-0.0577	0.984339	-0.166574
					-14.9969	-5.01654	0.062161
				}
				{VolumeView "wheelr6.ply"}
			}
			{bone revolute "wheelr7"
				{parameters "Radius=3.0;id=trackright;"}
				{Matrix34
					-0.981031	0.0769428	-0.177928
					-0.159785	0.198739	0.966939
					0.10976	0.977027	-0.182675
					-27.9305	-5.01658	0.062161
				}
				{VolumeView "wheelr7.ply"}
			}
			{bone revolute "wheelr8"
				{parameters "Radius=3.0;id=trackright;"}
				{Matrix34
					-0.989093	0.0271227	0.144772
					0.137617	-0.180158	0.973963
					0.0524985	0.983264	0.174461
					-40.9634	-5.01654	0.062161
				}
				{VolumeView "wheelr8.ply"}
			}
		}
		{bone "emit0"
			{Matrix34
				0	-1	0
				1	0	0
				0	0	1
				25.9303	48.309	0
			}
		}
		{bone "emit1"
			{Matrix34
				0	-1	0
				1	0	0
				0	0	1
				-18.4312	50.4392	0
			}
		}
		{bone "emit2"
			{Matrix34
				0	1	0
				-1	0	0
				0	0	1
				-28.3997	-50.247	0
			}
		}
	}
}
{Volume "ammo1"
	{Box 8.62103 11.7317 18.4863}
	{Bone "turret"}
	{Matrix34
		0	-1	0
		0	0	1
		-1	0	0
		-6.92828	17.7033	9.10808
	}
}
{Volume "ammo2"
	{Box 8.62103 11.7317 18.4863}
	{Bone "turret"}
	{Matrix34
		0	-1	0
		0	0	1
		-1	0	0
		-6.92828	-18.0447	9.10808
	}
}
{Volume "ammo3"
	{Box 20.8629 11.7317 18.4863}
	{Bone "body"}
	{Matrix34
		0	-1	0
		0	0	1
		-1	0	0
		-1.77347	0.636987	1.55723
	}
}
{Volume "body1"
	{Polyhedron "body1.vol"}
	{Bone "body"}
	{Position 6.6594	0.809638	7.66905}
}
{Volume "body2"
	{Polyhedron "body2.vol"}
	{Bone "body"}
	{Position 6.5661	0.546017	-3.80001}
}
{Volume "body3"
	{Polyhedron "body3.vol"}
	{Bone "body"}
	{Position 5.34842	-25.3744	9.46034}
}
{Volume "body4"
	{Polyhedron "body4.vol"}
	{Bone "body"}
	{Position 5.34842	26.7887	9.46035}
}
{Volume "engine"
	{Box 23.5321 13.9976 22.676}
	{Bone "body"}
	{Matrix34
		1	0	0
		0	0	1
		0	-1	0
		33.0154	0.824668	4.65464
	}
}
{Volume "fuel1"
	{Box 9.02808 5.12405 15.6161}
	{Bone "body"}
	{Matrix34
		0	-1	0
		0	0	1
		-1	0	0
		24.8147	-24.4955	11.9156
	}
}
{Volume "fuel2"
	{Box 9.02808 5.12405 15.6161}
	{Bone "body"}
	{Matrix34
		0	-1	0
		0	0	1
		-1	0	0
		5.23159	-24.4955	11.9156
	}
}
{Volume "gun"
	{Cylinder 4.08265 79.923}
	{Bone "gun"}
	{Matrix34
		0	-1	0
		0	0	1
		-1	0	0
		31.7779	0.0286863	8.94127e-05
	}
}
{Volume "mantlet"
	{Box 13.4881 12.0406 13.313}
	{Bone "gun_rot"}
	{Matrix34
		0	0	1
		0	1	0
		-1	0	0
		11.6286	0.164574	-0.193169
	}
}
{Volume "transmission"
	{Cylinder 4.95763 37.491}
	{Bone "body"}
	{Matrix34
		1	0	0
		0	0	1
		0	-1	0
		52.8723	0.455117	-1.78502
	}
}
{Volume "turret"
	{Polyhedron "turret.vol"}
	{Bone "turret"}
	{Matrix34
		0	-1	0
		0	0	1
		-1	0	0
		17.5988	0.376736	9.08099
	}
}
