;Exported by: misan
;Date:        Sun May 21 07:59:26 2023
;File:        D:\Cold War\ModelWIP\USA\M109\M108 X.max
{Skeleton
	{bone "base"
		{Orientation
			1	0	0
			0	-1	0
			0	0	1
		}
		{bone "wheelsl"
			{parameters "id=trackleft;"}
			{Position 3.04906	22.6734	7.4825}
			{VolumeView "wheelsl.ply"}
			{bone "wheell1"
				{parameters "Radius=2.8;id=trackleft;"}
				{Matrix34
					-1	0	0
					0	0	1
					0	1	0
					51.6935	3.58508	4.42968
				}
				{VolumeView "wheell1.ply"}
			}
			{bone "wheell2"
				{parameters "Radius=3.0;id=trackleft;"}
				{Matrix34
					-0.977966	0.20266	-0.0501141
					-0.0598076	-0.0419898	0.997326
					0.200013	0.978349	0.0531852
					38.2176	3.57289	-0.145801
				}
				{VolumeView "wheell2.ply"}
			}
			{bone "wheell3"
				{parameters "Radius=3.0;id=trackleft;"}
				{Matrix34
					-0.992733	0.120176	-0.00624034
					-0.00857925	-0.0189548	0.999784
					0.120032	0.992572	0.019848
					25.2635	3.57289	-0.145801
				}
				{VolumeView "wheell3.ply"}
			}
			{bone "wheell4"
				{parameters "Radius=3.0;id=trackleft;"}
				{Matrix34
					-0.983922	-0.0694899	-0.164524
					-0.155706	-0.117452	0.980796
					-0.0874791	0.990644	0.104744
					12.4223	3.57289	-0.145801
				}
				{VolumeView "wheell4.ply"}
			}
			{bone "wheell5"
				{parameters "Radius=3.0;id=trackleft;"}
				{Matrix34
					-0.970073	0.160775	0.181961
					0.198183	0.0912829	0.975905
					0.140291	0.982761	-0.120414
					-0.612575	3.57289	-0.145801
				}
				{VolumeView "wheell5.ply"}
			}
			{bone "wheell6"
				{parameters "Radius=3.0;id=trackleft;"}
				{Matrix34
					-0.949929	0.204805	-0.235988
					-0.289366	-0.291603	0.911721
					0.11791	0.934357	0.336266
					-13.5505	3.57289	-0.145801
				}
				{VolumeView "wheell6.ply"}
			}
			{bone "wheell7"
				{parameters "Radius=3.0;id=trackleft;"}
				{Matrix34
					-0.940106	-0.316887	-0.125631
					-0.143732	0.034309	0.989022
					-0.309098	0.947842	-0.0778011
					-26.6421	3.57289	-0.145801
				}
				{VolumeView "wheell7.ply"}
			}
			{bone "wheell8"
				{parameters "Radius=3.0;id=trackleft;"}
				{Matrix34
					-0.939539	0.309637	0.146262
					0.123693	-0.0914201	0.9881
					0.319324	0.94645	0.0475928
					-39.9496	3.57289	-0.145801
				}
				{VolumeView "wheell8.ply"}
			}
			{bone "wheell9"
				{parameters "Radius=2.8;id=trackleft;"}
				{Matrix34
					-1	0	0
					0	0	1
					0	1	0
					-51.9914	3.07358	4.49376
				}
				{VolumeView "wheell9.ply"}
			}
			{bone "trackl"
				{parameters "id=trackleft;"}
				{Matrix34
					0	1	0
					1	0	0
					0	0	-1
					-0.658041	3.49139	1.28257
				}
				{VolumeView "trackl.ply"}
			}
		}
		{bone "wheelsr"
			{parameters "id=trackright;"}
			{Position 3.09802	-22.5698	7.35195}
			{VolumeView "wheelsr.ply"}
			{bone "wheelr9"
				{parameters "Radius=2.8;id=trackright;"}
				{Matrix34
					-1	0	0
					0	0	1
					0	1	0
					-52.0404	-5.21499	4.6243
				}
				{VolumeView "wheelr9.ply"}
			}
			{bone "wheelr8"
				{parameters "Radius=3.0;id=trackright;"}
				{Matrix34
					-0.993839	0.106793	0.0296463
					0.016123	-0.125336	0.991983
					0.109653	0.98635	0.122842
					-40.9634	-5.01653	0.0621605
				}
				{VolumeView "wheelr8.ply"}
			}
			{bone "wheelr7"
				{parameters "Radius=3.0;id=trackright;"}
				{Matrix34
					-0.993591	-0.0915458	-0.0662984
					-0.0873566	0.249717	0.96437
					-0.0717282	0.963982	-0.256114
					-27.9305	-5.01658	0.0621605
				}
				{VolumeView "wheelr7.ply"}
			}
			{bone "wheelr6"
				{parameters "Radius=3.0;id=trackright;"}
				{Matrix34
					-0.983006	-0.177498	0.0468388
					0.0521248	-0.0252329	0.998322
					-0.176018	0.983798	0.0340561
					-14.9969	-5.01653	0.0621605
				}
				{VolumeView "wheelr6.ply"}
			}
			{bone "wheelr5"
				{parameters "Radius=3.0;id=trackright;"}
				{Matrix34
					-0.935607	0.343361	-0.0821169
					-0.0773455	0.0275938	0.996623
					0.344467	0.938798	0.000740478
					-2.09003	-5.01658	0.0621605
				}
				{VolumeView "wheelr5.ply"}
			}
			{bone "wheelr4"
				{parameters "Radius=3.0;id=trackright;"}
				{Matrix34
					-0.98976	0.127151	0.064862
					0.0362415	-0.215662	0.975795
					0.138062	0.968154	0.208845
					10.8979	-5.01653	0.0621605
				}
				{VolumeView "wheelr4.ply"}
			}
			{bone "wheelr3"
				{parameters "Radius=3.0;id=trackright;"}
				{Matrix34
					-0.981496	-0.0996746	-0.163497
					-0.191467	0.499472	0.844907
					-0.0025537	0.860577	-0.509314
					24.0476	-5.01658	0.0621605
				}
				{VolumeView "wheelr3.ply"}
			}
			{bone "wheelr2"
				{parameters "Radius=3.0;id=trackright;"}
				{Matrix34
					-0.950827	0.308841	0.0233281
					-0.0306737	-0.168849	0.985165
					0.308198	0.936006	0.170019
					37.2022	-5.01653	0.0621605
				}
				{VolumeView "wheelr2.ply"}
			}
			{bone "wheelr1"
				{parameters "Radius=2.8;id=trackright;"}
				{Matrix34
					-1	0	0
					0	0	1
					0	1	0
					51.6446	-3.52662	4.56022
				}
				{VolumeView "wheelr1.ply"}
			}
			{bone "trackr"
				{parameters "id=trackright;"}
				{Matrix34
					0	1	0
					1	0	0
					0	0	-1
					-0.706994	-3.65625	1.41311
				}
				{VolumeView "trackr.ply"}
			}
		}
		{bone "body"
			{parameters "id=body;"}
			{Position -0.894927	-0.716261	15.6895}
			{VolumeView "body.ply"}
			{bone "turret"
				{parameters "id=turret;"}
				{Matrix34
					0.939693	-0.34202	0
					0.34202	0.939693	0
					0	0	1
					-16.7038	0	14.5684
				}
				{VolumeView "turret.ply"}
				{bone "cover2"
					{parameters "id=turret;"}
					{Matrix34
						0.984808	0.173648	0
						0.173648	-0.984808	0
						0	0	-1
						-5.36808	9.57541	18.5054
					}
					{VolumeView "cover2.ply"}
				}
				{bone "commander_turret"
					{parameters "id=turret;"}
					{Position -12.4609	-13.2427	16.7131}
					{VolumeView "commander_turret.ply"}
					{bone "cover_commander"
						{parameters "id=turret;"}
						{Matrix34
							0.874619	0	0.484811
							0	1	0
							-0.484811	0	0.874619
							-9.03705	-0.0039978	3.65422
						}
						{VolumeView "cover_commander.ply"}
					}
					{bone "mg_turret"
						{parameters "id=turret;"}
						{Position 12.2418	0.00187683	9.16528}
						{VolumeView "mg_turret.ply"}
						{bone "mgun_rot"
							{Matrix34
								0.838671	0	-0.544639
								0.544639	0	0.838671
								0	-1	0
								-0.0839386	-0.0151119	3.25654
							}
							{bone "mgun_help"
								{Position -10.0577	0	0}
							}
						}
					}
					{bone "gunner2"
						{Position -1.07829	-0.250656	13.6752}
					}
				}
				{bone "fxfire1"
					{Position 46.3082	-5.92674	-4.07994}
				}
				{bone "fxfire3"
					{Position -13.3192	-12.9729	11.3433}
				}
				{bone "fxfire3_2"
					{Position -3.88713	16.8492	11.3433}
				}
				{bone "fxfire4"
					{Position -0.561728	0.640097	-9.71032}
				}
				{bone "gun_rot_m108"
					{parameters "id=mantlet;"}
					{Matrix34
						0.992546	0	-0.121869
						0.121869	0	0.992546
						0	-1	0
						19.5322	0.135507	10.8357
					}
					{VolumeView "gun_rot_m108.ply"}
					{bone "gun_m108"
						{parameters "id=gun;"}
						{Matrix34
							1	0	0
							0	-1	0
							0	0	-1
							14.9705	-1.87215	-0.583996
						}
						{VolumeView "gun_m108.ply"}
					}
				}
			}
			{bone "brace"
				{parameters "id=body;"}
				{Position -50.0894	0.691679	-4.15361}
				{VolumeView "brace.ply"}
				{bone "bracepeg_r"
					{parameters "id=body;"}
					{Position -1.62314	-18.5786	12.3033}
					{VolumeView "bracepeg_r.ply"}
				}
				{bone "bracepeg_l"
					{parameters "id=body;"}
					{Position -1.62314	18.5786	12.3033}
					{VolumeView "bracepeg_l.ply"}
				}
			}
			{bone "engine"
				{parameters "id=engine;"}
				{Position 35.9944	0.975802	13.3348}
				{VolumeView "engine.ply"}
			}
			{bone "fxsmoke1"
				{Matrix34
					0	-1	0
					1	0	0
					0	0	1
					19.5341	-30.1344	15.8689
				}
			}
		}
	}
}
{Volume "ammo3"
	{Box 20.8629 11.7317 18.4863}
	{Bone "body"}
	{Matrix34
		0	-1	0
		0	0	1
		-1	0	0
		-1.77347	0.636987	1.55723
	}
}
{Volume "body1"
	{Polyhedron "body1.vol"}
	{Bone "body"}
	{Position 6.6594	0.809638	7.66905}
}
{Volume "body2"
	{Polyhedron "body2.vol"}
	{Bone "body"}
	{Position 6.5661	0.546017	-3.80001}
}
{Volume "body3"
	{Polyhedron "body3.vol"}
	{Bone "body"}
	{Position 5.34842	-25.3744	9.46034}
}
{Volume "body4"
	{Polyhedron "body4.vol"}
	{Bone "body"}
	{Position 5.34842	26.7887	9.46035}
}
{Volume "engine"
	{Box 23.5321 13.9976 22.676}
	{Bone "body"}
	{Matrix34
		1	0	0
		0	0	1
		0	-1	0
		33.0154	0.824668	4.65464
	}
}
{Volume "fuel1"
	{Box 9.02808 5.12405 15.6161}
	{Bone "body"}
	{Matrix34
		0	-1	0
		0	0	1
		-1	0	0
		24.8147	-24.4955	11.9156
	}
}
{Volume "fuel2"
	{Box 9.02808 5.12405 15.6161}
	{Bone "body"}
	{Matrix34
		0	-1	0
		0	0	1
		-1	0	0
		5.23159	-24.4955	11.9156
	}
}
{Volume "gun"
	{Cylinder 2.61289 55.1468}
	{Bone "gun_m108"}
	{Matrix34
		0.0140057	-0.0301371	-0.999448
		0.000188403	-0.999546	0.0301427
		-0.999902	-0.000610338	-0.0139938
		4.8506	-0.329402	-0.0748917
	}
}
{Volume "mantlet"
	{Box 13.4881 13.4854 8.52034}
	{Bone "gun_rot_m108"}
	{Matrix34
		0.0140064	0.0301372	0.999448
		-0.422407	0.906153	-0.0214043
		-0.906298	-0.421875	0.0254221
		6.33815	-1.73083	-0.240396
	}
}
{Volume "transmission"
	{Cylinder 4.95763 37.491}
	{Bone "body"}
	{Matrix34
		1	0	0
		0	0	1
		0	-1	0
		52.8723	0.455117	-1.78502
	}
}
{Volume "turret"
	{Polyhedron "turret.vol"}
	{Bone "turret"}
	{Matrix34
		0	-1	0
		0	0	1
		-1	0	0
		17.5988	0.376736	9.08099
	}
}
