;Exported by: misan
;Date:        Thu Jan 19 14:33:36 2023
;File:        D:\Cold War\ModelWIP\USA\M113\M113 ACAV M40 XX.max
{Skeleton
	{bone "basis"
		{Orientation
			1	0	0
			0	-1	0
			0	0	1
		}
		{bone "wheelsr"
			{parameters "id=trackright;"}
			{Matrix34
				0	-1	0
				0	0	1
				-1	0	0
				0	-17.7707	7.62159
			}
			{bone prizmatic "suspension_r4"
				{limits -0.1 0.1}
				{Matrix34
					0	0	-1
					-1	0	0
					0	1	0
					1.63734	-0.423809	11.1367
				}
				{bone revolute "wheelr5"
					{parameters "id=trackright;radius=0.3;"}
					{Matrix34
						0.973249	0.208372	-0.0967873
						-0.0389976	-0.265331	-0.963368
						-0.226419	0.941372	-0.250107
						-0.00594997	-3.10308	-0.099072
					}
					{VolumeView "wheelr5.ply"}
				}
			}
			{bone prizmatic "suspension_r5"
				{limits -0.1 0.1}
				{Matrix34
					0	0	-1
					-1	0	0
					0	1	0
					1.63735	-0.423805	25.4138
				}
				{bone revolute "wheelr6"
					{parameters "id=trackright;radius=0.3;"}
					{Matrix34
						0.910052	-0.409796	0.0622237
						0.202219	0.307913	-0.929676
						0.361818	0.858636	0.363086
						0.0256996	-3.10308	-0.0990734
					}
					{VolumeView "wheelr6.ply"}
				}
			}
			{bone prizmatic "suspension_r1"
				{limits -0.1 0.1}
				{Matrix34
					0	0	-1
					-1	0	0
					0	1	0
					1.63734	-0.423815	-30.8631
				}
				{bone revolute "wheelr2"
					{parameters "id=trackright;radius=0.3;"}
					{Matrix34
						0.891902	-0.421912	0.162792
						0.18403	0.00979603	-0.982872
						0.413091	0.906584	0.0863815
						0.0141487	-3.10308	-0.0990739
					}
					{VolumeView "wheelr2.ply"}
				}
			}
			{bone prizmatic "suspension_r2"
				{limits -0.1 0.1}
				{Matrix34
					0	0	-1
					-1	0	0
					0	1	0
					1.63734	-0.423813	-17.2536
				}
				{bone revolute "wheelr3"
					{parameters "id=trackright;radius=0.3;"}
					{Matrix34
						0.975233	0.202135	-0.0897884
						-0.0601402	-0.148318	-0.987109
						-0.212846	0.968062	-0.132488
						-0.00479126	-3.10308	-0.0990734
					}
					{VolumeView "wheelr3.ply"}
				}
			}
			{bone prizmatic "suspension_r3"
				{limits -0.1 0.1}
				{Matrix34
					0	0	-1
					-1	0	0
					0	1	0
					1.63734	-0.423811	-3.05649
				}
				{bone revolute "wheelr4"
					{parameters "id=trackright;radius=0.3;"}
					{Matrix34
						0.966722	-0.238343	0.0929561
						0.133423	0.159693	-0.978109
						0.218281	0.957962	0.186179
						-0.00349092	-3.10308	-0.0990725
					}
					{VolumeView "wheelr4.ply"}
				}
			}
			{bone "fxtracer3"
				{Position 4.81497	-7.66135	25.4856}
			}
			{bone "fxtracer2"
				{Position 4.81497	-7.66136	-0.610054}
			}
			{bone "fxtracer1"
				{Position 4.81496	-7.66136	-30.3486}
			}
			{bone "trackr"
				{parameters "id=trackleft;"}
				{Matrix34
					0	0	-1
					-1	0	0
					0	1	0
					4.71681	0.5606	-2.7212
				}
				{VolumeView "trackr.ply"}
			}
		}
		{bone "wheelsl"
			{parameters "id=trackleft;"}
			{Matrix34
				0	-1	0
				0	0	1
				-1	0	0
				0	17.8035	7.62159
			}
			{bone prizmatic "suspension_l2"
				{limits -0.1 0.1}
				{Matrix34
					0	0	-1
					-1	0	0
					0	1	0
					-2.09829	-0.423813	-17.2536
				}
				{bone revolute "wheell3"
					{parameters "id=trackleft;radius=0.3;"}
					{Matrix34
						0.948869	0.219349	0.22701
						0.18191	0.207769	-0.961114
						-0.257985	0.953267	0.157244
						-0.0048027	2.82457	-0.0990739
					}
					{VolumeView "wheell3.ply"}
				}
			}
			{bone prizmatic "suspension_l1"
				{limits -0.1 0.1}
				{Matrix34
					0	0	-1
					-1	0	0
					0	1	0
					-2.0983	-0.423817	-30.8631
				}
				{bone revolute "wheell2"
					{parameters "id=trackleft;radius=0.3;"}
					{Matrix34
						0.965037	-0.249583	0.0800743
						0.130862	0.194072	-0.97222
						0.22711	0.948707	0.219948
						0.0141373	2.82457	-0.0990725
					}
					{VolumeView "wheell2.ply"}
				}
			}
			{bone prizmatic "suspension_l4"
				{limits -0.1 0.1}
				{Matrix34
					0	0	-1
					-1	0	0
					0	1	0
					-2.09829	-0.423809	11.1367
				}
				{bone revolute "wheell5"
					{parameters "id=trackleft;radius=0.3;"}
					{Matrix34
						0.967986	0.153875	-0.198306
						-0.14778	-0.289235	-0.945782
						-0.20289	0.94481	-0.257236
						-0.00594997	2.82457	-0.0990729
					}
					{VolumeView "wheell5.ply"}
				}
			}
			{bone prizmatic "suspension_l5"
				{limits -0.1 0.1}
				{Matrix34
					0	0	-1
					-1	0	0
					0	1	0
					-2.09829	-0.423807	25.4138
				}
				{bone revolute "wheell6"
					{parameters "id=trackleft;radius=0.3;"}
					{Matrix34
						0.971964	-0.089958	0.217243
						0.234333	0.294499	-0.926476
						0.0193661	0.951408	0.307323
						0.0256882	2.82457	-0.0990725
					}
					{VolumeView "wheell6.ply"}
				}
			}
			{bone prizmatic "suspension_l3"
				{limits -0.1 0.1}
				{Matrix34
					0	0	-1
					-1	0	0
					0	1	0
					-2.09829	-0.423811	-3.05649
				}
				{bone revolute "wheell4"
					{parameters "id=trackleft;radius=0.3;"}
					{Matrix34
						0.878345	-0.470988	0.0817383
						0.249132	0.30509	-0.919159
						0.407975	0.827702	0.385312
						-0.00349355	2.82457	-0.0990734
					}
					{VolumeView "wheell4.ply"}
				}
			}
			{bone "trackl"
				{parameters "id=trackleft;"}
				{Matrix34
					0	0	-1
					-1	0	0
					0	1	0
					-4.73899	0.5606	-2.7212
				}
				{VolumeView "trackl.ply"}
			}
			{bone "fxtracel3"
				{Position -4.69225	-7.66135	25.4856}
			}
			{bone "fxtracel2"
				{Position -4.69226	-7.66136	-0.610052}
			}
			{bone "fxtracel1"
				{Position -4.69226	-7.66136	-30.3486}
			}
		}
		{bone "body"
			{parameters "id=body;"}
			{Matrix34
				0.999533	-0.0255507	-0.0167771
				0.0251737	0.999434	-0.0223057
				0.0173376	0.021873	0.99961
				0	0.0252657	21.5784
			}
			{VolumeView "body.ply"}
			{bone "detail13"
				{parameters "id=body;"}
				{Position 42.1317	22.5919	2.16088}
				{VolumeView "detail13.ply"}
			}
			{bone "detail12"
				{parameters "id=body;"}
				{Position 44.8284	22.6454	-0.436043}
				{VolumeView "detail12.ply"}
			}
			{bone "cover_driver"
				{parameters "id=body;"}
				{Matrix34
					0.970296	-0.241922	0
					0.241922	0.970296	0
					0	0	1
					12.6063	16.1729	14.8588
				}
				{VolumeView "cover_driver.ply"}
			}
			{bone revolute "turret"
				{parameters "id=body;"}
				{Matrix34
					0.544639	-0.838671	0
					0.838671	0.544639	0
					0	0	1
					0	0	13.4734
				}
				{VolumeView "turret.ply"}
				{bone "cover_commander"
					{parameters "id=body;"}
					{Matrix34
						-0.798635	0	0.601815
						0	1	0
						-0.601815	0	-0.798636
						-7.30718	0	2.5047
					}
					{VolumeView "cover_commander.ply"}
				}
				{bone revolute "mgun_turret"
					{parameters "id=body;"}
					{Matrix34
						-1	0	0
						0	-1	0
						0	0	1
						13.3533	-0.0375027	7.26438
					}
					{VolumeView "mgun_turret.ply"}
					{bone revolute "mgun_rot"
						{Matrix34
							-0.956305	0	-0.292372
							-0.292372	0	0.956305
							0	1	0
							0.941226	-0.0122374	4.48648
						}
						{bone "mgun_help"
							{Position -8.7262	0	0}
						}
					}
					{bone "gunner2"
						{Matrix34
							-1	0	0
							0	-1	0
							0	0	1
							13.3533	-0.0138119	-18.6075
						}
					}
					{bone "turret_gunshield"
						{parameters "id=t_mgshield;"}
						{Matrix34
							-1	0	0
							0	-1	0
							0	0	1
							-2.3806	-0.052986	0.832489
						}
						{VolumeView "turret_gunshield.ply"}
					}
				}
				{bone "turret_shield"
					{parameters "id=t_shield;"}
					{Position 0	0.0154836	7.51732}
					{VolumeView "turret_shield.ply"}
				}
			}
			{bone "ramp"
				{parameters "id=body;"}
				{Matrix34
					0.951057	0	0.309017
					-0.0269326	0.996195	0.08289
					-0.307841	-0.0871557	0.947437
					-42.1315	0	-15.7404
				}
				{VolumeView "ramp.ply"}
			}
			{bone "cover_back"
				{parameters "id=body;"}
				{Matrix34
					0.731354	0	0.681998
					0	1	0
					-0.681998	0	0.731354
					-30.5479	0.0779876	14.3611
				}
				{VolumeView "cover_back.ply"}
			}
			{bone "trim"
				{parameters "id=body;"}
				{Matrix34
					-0.987688	0	0.156434
					0	1	0
					-0.156434	0	-0.987688
					47.9215	-0.0728453	-3.88985
				}
				{VolumeView "trim.ply"}
			}
			{bone revolute "wheelr1"
				{parameters "id=trackright;radiu=0.22;"}
				{Matrix34
					1	0	0
					0	0	-1
					0	1	0
					43.7472	-22.4407	-12.2451
				}
				{VolumeView "wheelr1.ply"}
			}
			{bone revolute "wheelr7"
				{parameters "id=trackright;radius=0.2;"}
				{Matrix34
					1	0	0
					0	0	-1
					0	1	0
					-38.5264	-22.5099	-13.6357
				}
				{VolumeView "wheelr7.ply"}
			}
			{bone revolute "wheell1"
				{parameters "id=trackleft;radius=0.22;"}
				{Matrix34
					1	0	0
					0	0	-1
					0	1	0
					43.7472	22.4979	-12.2451
				}
				{VolumeView "wheell1.ply"}
			}
			{bone revolute "wheell7"
				{parameters "id=trackleft;radius=0.2;"}
				{Matrix34
					1	0	0
					0	0	-1
					0	1	0
					-38.5264	22.5357	-13.6357
				}
				{VolumeView "wheell7.ply"}
			}
			{bone "visor2"
				{Position 24.909	14.4303	16.3048}
			}
			{bone "visor1"
				{Position 9.06254	-0.0167435	15.9077}
			}
			{bone "headlightl"
				{Position 37.645	20.1112	10.8874}
			}
			{bone "headlightr"
				{Position 37.645	-20.8133	10.8874}
			}
			{bone "fxsmoke1"
				{Matrix34
					-0.422619	0	0.906308
					0	1	0
					-0.906308	0	-0.422619
					28.1553	-24.7307	13.4926
				}
			}
			{bone "fxfire1"
				{Position 21.5829	-11.1153	2.89083}
			}
			{bone "fxstop2"
				{Matrix34
					-1	0	0
					0	0	1
					0	1	0
					-45.6335	-23.2975	8.62976
				}
			}
			{bone "fxstop1"
				{Matrix34
					-1	0	0
					0	0	1
					0	1	0
					-45.6335	23.4722	8.62976
				}
			}
			{bone "rear_mounts"
				{parameters "id=body;"}
				{Position 0.0948265	-0.0212658	-0.102213}
				{VolumeView "rear_mounts.ply"}
				{bone revolute "mgun_turret_l"
					{Matrix34
						0.422618	0.906308	0
						-0.906308	0.422618	0
						0	0	1
						-17.0606	18.3282	15.6981
					}
					{bone "gunner3"
						{Position -8.82678	0.0244732	-21.6407}
					}
					{bone revolute "mgun_turret2_l"
						{Position 0	0	-0.0386429}
						{bone revolute "mgun_rot_l"
							{Matrix34
								0.961262	0	-0.275637
								0.275637	0	0.961262
								0	-1	0
								3.05876	0	1.22869
							}
							{bone "mgun_help_l"
								{Position -4.23622	0.900223	0}
							}
						}
						{bone "gunshield_l"
							{parameters "id=l_shield;"}
							{Matrix34
								0	1	0
								-1	0	0
								0	0	1
								-0.0220499	0.0119343	3.43454
							}
							{VolumeView "gunshield_l.ply"}
						}
					}
				}
			}
			{bone "engine"
				{parameters "id=engine;"}
				{Position 21.6867	-11.0136	13.0237}
				{VolumeView "engine.ply"}
			}
			{bone revolute "rcl_turret1"
				{limits -15 6}
				{Position -16.9569	-18.0883	12.765}
				{bone revolute "rcl_turret2"
					{parameters "id=gun;"}
					{limits -80 0}
					{Matrix34
						0.961262	-0.275637	0
						0.275637	0.961262	0
						0	0	1
						-0.00809288	-0.0190201	1.85321
					}
					{VolumeView "rcl_turret2.ply"}
					{bone revolute "rcl_gun"
						{parameters "id=gun;"}
						{limits -5 20}
						{Matrix34
							0.978148	0	0.207912
							0.207912	0	-0.978148
							0	1	0
							-4.67935	0	5.53853
						}
						{VolumeView "rcl_gun.ply"}
						{bone "rcl_breech"
							{parameters "id=gun;"}
							{Matrix34
								1	0	0
								0	0	1
								0	-1	0
								-17.3055	-2.27618	3.75374
							}
							{VolumeView "rcl_breech.ply"}
						}
						{bone "fx_invers"
							{Matrix34
								-1	0	0
								0	0	-1
								0	-1	0
								-17.7122	-2.29091	-0.138474
							}
						}
						{bone "foresight1"
							{Matrix34
								1	0	0
								0	0	1
								0	-1	0
								49.7013	-2.29091	-0.13847
							}
						}
					}
				}
				{bone "gunner4"
					{Matrix34
						0.406736	-0.913546	0
						0.913546	0.406736	0
						0	0	1
						-6.15849	11.046	-18.8098
					}
				}
			}
		}
		{bone "emit2"
			{Matrix34
				0	1	0
				-1	0	0
				0	0	1
				-2.96045	-49.1493	0
			}
		}
		{bone "emit1"
			{Matrix34
				0	-1	0
				1	0	0
				0	0	1
				-0.445074	47.5417	0
			}
		}
		{bone "emit0"
			{Matrix34
				0	-1	0
				1	0	0
				0	0	1
				22.5832	47.6278	0
			}
		}
		{bone "emit3"
			{Position -65.326	-7.24659	0}
		}
		{bone "emit4"
			{Position -65.1791	7.40131	0}
		}
	}
}
{Volume "body1"
	{Polyhedron "body1.vol"}
	{Bone "body"}
	{Position 1.65079	-0.0769322	3.15702}
}
{Volume "body2"
	{Polyhedron "body2.vol"}
	{Bone "body"}
	{Position 3.10682	-0.417305	-11.3586}
}
{Volume "engine"
	{Box 19.7816 13.9522 22.0254}
	{Bone "body"}
	{Matrix34
		-0.866026	0	0.5
		0.5	0	0.866026
		0	1	0
		21.487	-11.0292	0.582117
	}
}
{Volume "fuel1"
	{Box 10.6766 14.0552 6.42757}
	{Bone "body"}
	{Matrix34
		-1	0	0
		0	0	1
		0	1	0
		-36.4289	-21.3791	4.27709
	}
}
{Volume "fuel2"
	{Box 10.6766 14.0552 6.42757}
	{Bone "body"}
	{Matrix34
		-1	0	0
		0	0	1
		0	1	0
		-36.4289	22.0235	4.27709
	}
}
{Volume "gun1"
	{Box 4.98333 8.38106 7.86914}
	{Bone "rcl_turret2"}
	{Matrix34
		0	-1	0
		0	0	1
		-1	0	0
		-2.1012	-0.0336193	2.3318
	}
}
{Volume "gun2"
	{Cylinder 1.64157 61.7924}
	{Bone "rcl_gun"}
	{Matrix34
		0	0	-1
		0	-1	0
		-1	0	0
		18.7879	-2.25229	-0.124233
	}
}
{Volume "gun3"
	{Cylinder 3.48863 5.79516}
	{Bone "rcl_gun"}
	{Matrix34
		0	0	-1
		0	-1	0
		-1	0	0
		-15.1725	-2.25229	-0.0789245
	}
}
{Volume "gunshield_l"
	{Polyhedron "gunshield_l.vol"}
	{Bone "gunshield_l"}
	{Matrix34
		-0.999391	0.0348999	0
		0.0119365	0.341812	0.939693
		0.0327953	0.93912	-0.34202
		0.044445	-4.94031	0.105633
	}
}
{Volume "hole1"
	{Box 8.19928 11.6265 6.80161}
	{Bone "turret_shield"}
	{Matrix34
		0	-1	0
		0	0	1
		-1	0	0
		8.18969	0.00665296	0.0578989
	}
}
{Volume "hole2"
	{Polyhedron "hole2.vol"}
	{Bone "turret_shield"}
	{Position -0.359288	0.216958	-5.99274}
}
{Volume "hole3"
	{Polyhedron "hole3.vol"}
	{Bone "turret_shield"}
	{Matrix34
		0	-1	0
		0	0	1
		-1	0	0
		-4.61141	0.00665176	0.0578995
	}
}
{Volume "trackleft"
	{Polyhedron "trackleft.vol"}
	{Bone "wheelsl"}
	{Matrix34
		0	0	-1
		-1	0	0
		0	1	0
		-4.74258	0.801252	-2.66289
	}
}
{Volume "trackright"
	{Polyhedron "trackright.vol"}
	{Bone "wheelsr"}
	{Matrix34
		0	0	-1
		-1	0	0
		0	1	0
		4.6772	0.801254	-2.66289
	}
}
{Volume "transmission"
	{Cylinder 4.50061 29.8674}
	{Bone "body"}
	{Matrix34
		-1	0	0
		0	0	1
		0	1	0
		-37.1894	-0.0252677	-11.5809
	}
}
{Volume "turret_gunshield"
	{Polyhedron "turret_gunshield.vol"}
	{Bone "turret_gunshield"}
	{Matrix34
		0	-1	0
		0	0	1
		-1	0	0
		0.952883	-0.0243282	0.160511
	}
}
{Volume "turret_shield"
	{Polyhedron "turret_shield.vol"}
	{Bone "turret_shield"}
	{Position -0.11743	0.0960406	-5.8895}
}
