;Exported by:	 guita
;Date:			 20.09.2023 09:00:31
;File:			 D:\Git\3D_Scenes\GoH_3D_vehicles_usa\vehicles\cannon\155mm_m1\155mm_m1.max
{skeleton
	{animation
		{sequence "recoil" {speed 0.85}}
		{sequence "close" {speed 0.6}}
		{sequence "shell_eject" {speed 0.6}}
		{sequence "aim_v" {speed 0.8}{resume}}
		{sequence "aim_h" {speed 0.8}{resume}}
	}
	{bone revolute "basis"
		{parameters "wheelradius=0.645;"}
		{orientation
			1 	 0 	 0
			0 	 -1 	 0
			0 	 0 	 1
		}
		{bone "body"
			{parameters "id=body;"}
			{animation
				{sequence "repair" {file "body_r.anm"}{speed 0.65}}
			}
			{Position 0 	 0 	 12.6581}
			{VolumeView "body.ply"}
			{bone revolute "turret"
				{parameters "id=body;"}
				{limits -25 25}
				{speed 0.006}
				{Position 0.0715 	 0 	 4.0864}
				{VolumeView "turret.ply"}
				{bone revolute "gun_rot"
					{parameters "id=gun;"}
					{animation
						{sequence "repair" {file "gun_r.anm"}{speed 0.65}}
					}
					{limits -2 63}
					{speed 0.006}
					{matrix34
						1 	 0 	 0
						0 	 0 	 1
						0 	 -1 	 0
						-12.5949 	 5.0904 	 11.6418
					}
					{VolumeView "gun_rot.ply"}
					{bone "telo"
						{parameters "id=gun;"}
						{matrix34
							1 	 0 	 0
							0 	 0 	 -1
							0 	 1 	 0
							0.0356 	 6.8183 	 -0.5298
						}
						{VolumeView "telo.ply"}
					}
					{bone "gun"
						{parameters "id=gun;"}
						{matrix34
							1 	 0 	 0
							0 	 0 	 -1
							0 	 1 	 0
							-1.9458 	 0.0022 	 5.0904
						}
						{VolumeView "gun.ply"}
						{bone "breech"
							{parameters "id=gun;"}
							{Position -8.2093 	 -3.8378 	 0}
							{VolumeView "breech.ply"}
							{bone "lever"
								{parameters "id=gun;"}
								{Position -2.1846 	 0.0459 	 -0.1689}
								{VolumeView "lever.ply"}
							}
						}
						{bone "1"
							{parameters "id=gun;"}
							{Position -1.4603 	 -3.0172 	 4.5781}
							{VolumeView "1.ply"}
						}
						{bone "foresight1"
							{Position 66.3102 	 0 	 -0.0005}
						}
					}
					{bone "telo_ow"
						{parameters "id=gun;"}
						{matrix34
							1 	 0 	 0
							0 	 0 	 -1
							0 	 1 	 0
							31.2864 	 -2.9158 	 -0.5298
						}
						{VolumeView "telo_ow.ply"}
					}
				}
				{bone "aim_sight"
					{parameters "id=body;"}
					{Position -12.5787 	 8.2511 	 11.6418}
					{VolumeView "aim_sight.ply"}
				}
				{bone "aim_v"
					{parameters "id=body;"}
					{Position -7.8034 	 8.381 	 6.3797}
					{VolumeView "aim_v.ply"}
				}
				{bone "aim_h"
					{parameters "id=body;"}
					{matrix34
						0.9449 	 -0.3273 	 0
						0.3273 	 0.9449 	 0
						0 	 0 	 1
						-18.0909 	 8.1098 	 6.8993
					}
					{VolumeView "aim_h.ply"}
				}
				{bone "visor"
					{Position 1.9591 	 9.6687 	 18.5996}
				}
				{bone "shield"
					{parameters "id=shield;"}
					{Position 1.6929 	 0 	 3.2869}
					{VolumeView "shield.ply"}
					{bone "shieldl"
						{parameters "id=shield;"}
						{Position -2.521 	 19.6341 	 11.0071}
						{VolumeView "shieldl.ply"}
					}
					{bone "rod"
						{parameters "id=shield;"}
						{Position -1.0253 	 13.9528 	 9.9078}
						{VolumeView "rod.ply"}
					}
				}
			}
			{bone "standr"
				{parameters "id=body;"}
				{Position -2.5055 	 -9.633 	 3.1546}
				{VolumeView "standr.ply"}
				{bone "detail2"
					{parameters "id=body;"}
					{Position -37.6594 	 -19.8291 	 -5.2172}
					{VolumeView "detail2.ply"}
				}
				{bone "spader"
					{parameters "id=body;"}
					{Position -62.3071 	 -35.9732 	 -19.3341}
					{VolumeView "spader.ply"}
				}
				{bone "detail4"
					{parameters "id=body;"}
					{Position -46.7912 	 -24.3001 	 -10.3407}
					{VolumeView "detail4.ply"}
				}
				{bone "detail6"
					{parameters "id=body;"}
					{Position -34.0413 	 -22.3765 	 -6.1382}
					{VolumeView "detail6.ply"}
				}
				{bone "stiftr"
					{parameters "id=body;"}
					{Position -65.4704 	 -37.5775 	 -14.2593}
					{VolumeView "stiftr.ply"}
				}
				{bone "seat3"
					{matrix34
						0.5948 	 -0.8039 	 0
						0.796 	 0.589 	 0.1392
						-0.1119 	 -0.0828 	 0.9903
						-34.1973 	 -23.63 	 -17.3233
					}
				}
				{bone "seat2"
					{matrix34
						0.5948 	 -0.8039 	 0
						0.7916 	 0.5858 	 0.1736
						-0.1396 	 -0.1033 	 0.9848
						-7.3474 	 -9.0967 	 -12.3517
					}
				}
				{bone "seat4"
					{matrix34
						0.5948 	 -0.8039 	 0
						0.7916 	 0.5858 	 0.1736
						-0.1396 	 -0.1033 	 0.9848
						-51.1177 	 -33.113 	 -23.0737
					}
				}
			}
			{bone "standl"
				{parameters "id=body;"}
				{Position -2.5055 	 9.6359 	 3.1546}
				{VolumeView "standl.ply"}
				{bone "detail1"
					{parameters "id=body;"}
					{Position -25.7293 	 15.837 	 -2.1183}
					{VolumeView "detail1.ply"}
				}
				{bone "spadel"
					{parameters "id=body;"}
					{Position -62.7105 	 35.2743 	 -19.3341}
					{VolumeView "spadel.ply"}
				}
				{bone "detail3"
					{parameters "id=body;"}
					{Position -46.7912 	 24.3001 	 -10.3407}
					{VolumeView "detail3.ply"}
				}
				{bone "detail5"
					{parameters "id=body;"}
					{Position -27.8865 	 13.3478 	 -7.7679}
					{VolumeView "detail5.ply"}
				}
				{bone "stiftl"
					{parameters "id=body;"}
					{Position -65.4704 	 37.5774 	 -14.2593}
					{VolumeView "stiftl.ply"}
				}
				{bone "seat5"
					{matrix34
						0.5948 	 0.8039 	 0
						-0.7916 	 0.5858 	 -0.1736
						-0.1396 	 0.1033 	 0.9848
						-39.5628 	 25.6494 	 -20.144
					}
				}
				{bone "seat1"
					{matrix34
						0.5948 	 0.8039 	 0
						-0.794 	 0.5875 	 -0.1564
						-0.1258 	 0.0931 	 0.9877
						-24.1606 	 16.4026 	 -15.8895
					}
				}
			}
			{bone "fixer"
				{parameters "id=body;"}
				{Position 8.1441 	 -4.9138 	 1.1849}
				{VolumeView "fixer.ply"}
			}
			{bone "shaft"
				{parameters "id=body;"}
				{Position 9.0163 	 -0.0028 	 8.0908}
				{VolumeView "shaft.ply"}
				{bone "foot"
					{parameters "id=body;"}
					{Position 0 	 0 	 -13.054}
					{VolumeView "foot.ply"}
				}
			}
			{bone "cylinderr"
				{parameters "id=body;"}
				{Position 0 	 -17.5789 	 0}
				{VolumeView "cylinderr.ply"}
			}
			{bone "cylinderl"
				{parameters "id=body;"}
				{Position 0 	 17.5789 	 0}
				{VolumeView "cylinderl.ply"}
			}
		}
		{bone "pivot_front"
			{Position 0 	 0 	 12.6581}
			{bone prizmatic "suspension_l1"
				{limits -0.04 0.04}
				{speed 0.1}
				{Position 0 	 20 	 0}
				{bone revolute "wheell"
					{parameters "id=wheelleft;"}
					{orientation
						1 	 0 	 0
						0 	 0 	 -1
						0 	 1 	 0
					}
					{VolumeView "wheell.ply"}
				}
			}
			{bone prizmatic "suspension_r1"
				{limits -0.04 0.04}
				{speed 0.1}
				{Position 0 	 -20 	 0}
				{bone revolute "wheelr"
					{parameters "id=wheelright;"}
					{orientation
						1 	 0 	 0
						0 	 0 	 -1
						0 	 1 	 0
					}
					{VolumeView "wheelr.ply"}
				}
			}
			{bone "fxtracel1"
				{matrix34
					1 	 0 	 0
					0 	 1 	 0
					0 	 0 	 1
					-0.0091 	 19.7816 	 -12.6498
				}
			}
			{bone "fxtracer1"
				{Position -0.0091 	 -19.8975 	 -12.6497}
			}
		}
		{bone "sandbag"
			{Position 6.9915 	 0 	 0}
		}
		{bone "link1"
			{Position -84.2176 	 -0.2173 	 20.1092}
		}
		{bone "gunner2"
			{matrix34
				0 	 1 	 0
				-1 	 0 	 0
				0 	 0 	 1
				-29.4782 	 -26.4335 	 0.2172
			}
		}
		{bone "gunner"
			{Position -39.8153 	 17.6237 	 0}
		}
		{bone "emit4"
			{Position -93.2297 	 -15.41 	 -0.2115}
		}
		{bone "emit3"
			{Position -67.403 	 27.9597 	 0}
		}
		{bone "emit2"
			{matrix34
				0.8829 	 0.4695 	 0
				-0.4695 	 0.8829 	 0
				0 	 0 	 1
				-42.4429 	 -17.4889 	 0
			}
		}
		{bone "emit5"
			{Position -64.9186 	 14.4274 	 -0.4743}
		}
		{bone "emit1"
			{Position -44.3439 	 18.2048 	 0}
		}
		{bone "driver4"
			{Position -71.6762 	 -10.1183 	 0}
		}
		{bone "driver3"
			{Position -44.9625 	 -12.213 	 0}
		}
		{bone "driver2"
			{Position -23.2979 	 -22.5957 	 0}
		}
		{bone "driver5"
			{Position -71.6762 	 10.2136 	 0}
		}
		{bone "driver1"
			{Position -24.9392 	 22.087 	 0}
		}
		{bone "commander"
			{matrix34
				1 	 0 	 0
				0 	 1 	 0
				0 	 0 	 1
				-76.4331 	 28.5565 	 0.2162
			}
		}
		{bone "charger"
			{matrix34
				1 	 0 	 0
				0 	 1 	 0
				0 	 0 	 1
				-62.2198 	 -9.5399 	 0.2172
			}
		}
		{bone "charger2"
			{Position -88.5504 	 -15.3208 	 -0.2115}
		}
	}
}
{obstacle "close"
	{obb2
		{center -50.1747 0.0150032}
		{extent 28.4955 8.79875}
		{axis 1 0}
	}
	{rotate}
	{Tags "close"}
}
{obstacle "obstacle"
	{obb2
		{center -0.0217886 -0.0153942}
		{extent 12.8493 23.954}
		{axis 1 0}
	}
	{rotate}
}
{obstacle "openl"
	{obb2
		{center -38.2086 -29.9924}
		{extent 35.2037 2.05114}
		{axis 0.866158 0.49977}
	}
	{rotate}
	{Tags "open"}
}
{obstacle "openr"
	{obb2
		{center -38.0741 29.93}
		{extent 2.15379 35.2028}
		{axis 0.50046 0.86576}
	}
	{rotate}
	{Tags "open"}
}
{volume "barrel1"
	{cylinder 2.89079 36.0205}
	{bone "gun_rot"}
	{matrix34
		0 	 0 	 -1
		0 	 1 	 0
		1 	 0 	 0
		15.5454 	 0.0483 	 5.0748
	}
}
{volume "barrel2"
	{cylinder 1.52147 44.0295}
	{bone "gun_rot"}
	{matrix34
		0 	 0 	 -1
		0 	 1 	 0
		1 	 0 	 0
		19.5948 	 -5.0126 	 5.0748
	}
}
{volume "barrel3"
	{cylinder 1.08644 43.1663}
	{bone "gun_rot"}
	{matrix34
		0 	 0 	 -1
		0 	 1 	 0
		1 	 0 	 0
		19.3013 	 4.3366 	 3.6227
	}
}
{volume "barrel4"
	{cylinder 1.52147 43.1663}
	{bone "gun_rot"}
	{matrix34
		0 	 0 	 -1
		0 	 1 	 0
		1 	 0 	 0
		19.3013 	 4.9186 	 6.3882
	}
}
{volume "barrel5"
	{cylinder 1.85648 17.6982}
	{bone "telo"}
	{matrix34
		0 	 1 	 -0.0087
		0.294 	 0.0083 	 0.9558
		0.9558 	 -0.0026 	 -0.294
		15.5088 	 -0.3741 	 -4.7895
	}
}
{volume "barrel6"
	{cylinder 1.85648 17.6982}
	{bone "telo"}
	{matrix34
		0 	 1 	 -0.0087
		0.294 	 0.0083 	 0.9558
		0.9558 	 -0.0026 	 -0.294
		15.5088 	 -10.792 	 -4.7895
	}
}
{volume "barrel7"
	{cylinder 2.68181 74.543}
	{bone "gun"}
	{matrix34
		0 	 1 	 0
		0 	 0 	 1
		1 	 0 	 0
		27.624 	 0 	 -0.0134
	}
}
{volume "body1"
	{cylinder 7.67419 6.58907}
	{bone "body"}
	{Position 0 	 0 	 0.2043}
}
{volume "body2"
	{polyhedron "body2.vol"}
	{bone "body"}
	{Position 0 	 0 	 0.1998}
}
{volume "body3"
	{polyhedron "body3.vol"}
	{bone "turret"}
	{Position -4.7948 	 0 	 8.4141}
}
{volume "hole1"
	{polyhedron "hole1.vol"}
	{bone "turret"}
	{Position -10.2752 	 -0.0029 	 10.62}
}
{volume "hole2"
	{box 5.86935 8.09608 0.618061}
	{bone "shield"}
	{matrix34
		0 	 1 	 0
		-0.2588 	 0 	 0.9659
		0.9659 	 0 	 0.2588
		-0.6602 	 17.6776 	 2.6476
	}
}
{volume "hole3"
	{box 5.86935 8.09608 0.618061}
	{bone "shield"}
	{matrix34
		0 	 1 	 0
		-0.2588 	 0 	 0.9659
		0.9659 	 0 	 0.2588
		-0.6602 	 -17.672 	 2.6476
	}
}
{volume "select"
	{box 39.5759 48.0086 37.1956}
	{bone "body"}
	{Position -3.2224 	 0 	 5.9397}
}
{volume "shield1"
	{box 12.3449 12.1124 0.373061}
	{bone "shield"}
	{matrix34
		0 	 1 	 0
		-0.2588 	 0 	 0.9659
		0.9659 	 0 	 0.2588
		-1.232 	 14.1803 	 4.8916
	}
}
{volume "shield2"
	{box 12.3449 17.6002 0.373061}
	{bone "shield"}
	{matrix34
		0 	 1 	 0
		-0.2588 	 0 	 0.9659
		0.9659 	 0 	 0.2588
		-1.9719 	 -14.4018 	 7.535
	}
}
{volume "shield3"
	{box 2.34554 3.39148 0.373061}
	{bone "shield"}
	{matrix34
		0 	 1 	 0
		-0.2588 	 0 	 0.9659
		0.9659 	 0 	 0.2588
		0.1117 	 6.9279 	 -0.1747
	}
}
{volume "shield4"
	{box 2.34554 8.41088 0.373061}
	{bone "shield"}
	{matrix34
		0 	 1 	 0
		-0.2588 	 0 	 0.9659
		0.9659 	 0 	 0.2588
		-0.5312 	 -7.1244 	 2.2192
	}
}
{volume "shieldl"
	{box 12.3449 5.57005 0.373061}
	{bone "shieldl"}
	{matrix34
		0 	 1 	 0
		-0.2588 	 0 	 0.9659
		0.9659 	 0 	 0.2588
		-1.0026 	 -5.4538 	 2.3777
	}
}
{volume "standl"
	{polyhedron "standl.vol"}
	{bone "standl"}
	{matrix34
		0.866 	 -0.5 	 0
		0.5 	 0.866 	 0
		0 	 0 	 1
		-32.6425 	 18.6885 	 -7.2323
	}
}
{volume "standr"
	{polyhedron "standr.vol"}
	{bone "standr"}
	{matrix34
		0.866 	 0.5 	 0
		-0.5 	 0.866 	 0
		0 	 0 	 1
		-32.637 	 -18.6981 	 -7.2323
	}
}
{volume "wheelleft"
	{cylinder 12.7165 7.86083}
	{bone "wheell"}
	{matrix34
		0.9986 	 0.0523 	 0
		-0.0523 	 0.9986 	 0
		0 	 0 	 1
		0 	 0 	 0.0385
	}
}
{volume "wheelright"
	{cylinder 12.7165 7.86083}
	{bone "wheelr"}
	{matrix34
		0.9986 	 0.0523 	 0
		-0.0523 	 0.9986 	 0
		0 	 0 	 1
		0 	 0 	 -0.0205
	}
}
