;Exported by: Normand
;Date:        Thu Dec 25 09:46:53 2014
;File:        C:\Users\Normand\gmc_truck_fuel_xx.max
{Skeleton
	{bone "basis"
		{Orientation
			1	0	0
			0	-1	0
			0	0	1
		}
		{bone "body"
			{parameters "ID=body;"}
			{Matrix34
				0.998631	0.00455718	-0.0521011
				0.001135	0.994074	0.108704
				0.0522877	-0.108615	0.992708
				-2.67755	-0.141729	2.42326
			}
			{VolumeView "body.ply"}
			{bone "cabin"
				{parameters "ID=cabin;"}
				{Position 0	0	0}
				{VolumeView "cabin.ply"}
				{bone "doorright"
					{parameters "ID=cabin;"}
					{Matrix34
						-0.307841	0.951057	-0.0269328
						-0.947438	-0.309017	-0.08289
						-0.0871558	0	0.996195
						29.5202	-12.0122	21.1217
					}
					{VolumeView "doorright.ply"}
				}
				{bone "part1"
					{parameters "ID=cabin;"}
					{Matrix34
						0.557065	-0.829038	0.0487368
						0.825883	0.559193	0.0722554
						-0.0871557	0	0.996195
						29.5202	12.0373	21.1218
					}
					{VolumeView "part1.ply"}
				}
			}
			{bone "body_back"
				{parameters "ID=body;"}
				{Position -28.2213	-0.0182202	12.6148}
				{VolumeView "body_back.ply"}
				{bone "part2"
					{parameters "ID=bodyback;"}
					{Matrix34
						0	0	-1
						0	1	0
						1	0	0
						29.665	0.457812	17.1962
					}
					{VolumeView "sp_wh.ply"}
				}
				{bone "fuel_tank"
					{parameters "ID=fuel_tank;"}
					{Matrix34
						1	0	0
						0	0.999991	0.00436337
						0	-0.00436337	0.999991
						-2.43882	-0.387078	16.2756
					}
					{VolumeView "fuel_tank.ply"}
				}
			}
			{bone "fuel"
				{parameters "ID=body;"}
				{Matrix34
					1	0	0
					0	-1	0
					0	0	1
					0	0	-1.62125e-005
				}
				{VolumeView "fuel.ply"}
			}
			{bone "engine"
				{parameters "ID=engine;"}
				{Position 0	0	0}
				{VolumeView "engine.ply"}
				{bone "engine_hutch"
					{parameters "ID=engine;"}
					{Matrix34
						0.866026	0	0.5
						0	1	0
						-0.5	0	0.866026
						33.6015	-0.0182392	28.105
					}
					{VolumeView "engine_hutch.ply"}
				}
			}
		}
		{bone "pivot_front"
			{parameters "ID=body;"}
			{Matrix34
				1	0	0
				0	0.99999	-0.00447319
				0	0.00447319	0.99999
				43.5	-0.137047	3.46982
			}
			{VolumeView "pivot_front.ply"}
			{bone revolute "steer_l1"
				{Matrix34
					-1	0	0
					0	1	0
					0	0	1
					0.102505	10.3106	3.08559
				}
				{bone revolute "wheell1"
					{parameters "ID=wheelleft1;"}
					{Matrix34
						1	0	0
						0	0	1
						0	1	0
						0.0380821	3.18703	0.0138879
					}
					{VolumeView "wheell1.ply"}
				}
			}
			{bone revolute "steer_r1"
				{Matrix34
					-1	0	0
					0	1	0
					0	0	1
					0.102505	-10.4329	3.08559
				}
				{bone revolute "wheelr1"
					{parameters "ID=wheelright1;"}
					{Matrix34
						-1	0	0
						0	0	-1
						0	1	0
						0.0380821	-3.09682	0.0138884
					}
					{VolumeView "wheelr1.ply"}
				}
			}
		}
		{bone "pivot_back"
			{parameters "ID=body;"}
			{Matrix34
				1	0	0
				0	0.99999	-0.00447319
				0	0.00447319	0.99999
				-36.0896	-0.137047	3.46982
			}
			{VolumeView "pivot_back.ply"}
			{bone revolute "wheelr2"
				{parameters "ID=wheelright2;"}
				{Matrix34
					-1	0	0
					0	0	1
					0	1	0
					9.49363	-16.7665	3.09948
				}
				{VolumeView "wheelr2.ply"}
			}
			{bone revolute "wheell2"
				{parameters "ID=wheelleft2;"}
				{Matrix34
					1	0	0
					0	0	-1
					0	1	0
					9.49369	16.8712	3.09948
				}
				{VolumeView "wheell2.ply"}
			}
			{bone revolute "wheell3"
				{parameters "ID=wheelleft3;"}
				{Matrix34
					1	0	0
					0	0	-1
					0	1	0
					-12.3069	16.8712	3.09948
				}
				{VolumeView "wheell2.ply"}
			}
			{bone revolute "wheelr3"
				{parameters "ID=wheelright3;"}
				{Matrix34
					-1	0	0
					0	0	1
					0	1	0
					-12.307	-16.7665	3.09948
				}
				{VolumeView "wheelr2.ply"}
			}
		}
		{bone "link2"
			{Matrix34
				-1	0	0
				0	-0.99999	0.00447313
				0	0.00447313	0.99999
				-63.7457	-0.0554403	17.3199
			}
		}
	}
}
{Volume "body2"
	{Box 2 32.5 4.5}
	{Bone "body"}
	{Position 59.2961	-0.0106717	9.70615}
}
{Volume "body"
	{Box 120 20.44 2.6}
	{Bone "body"}
	{Position -0.0965509	-0.465523	10.209}
}
{Volume "body_back"
	{Box 72.3787 43.8044 2.32076}
	{Bone "body_back"}
	{Position 0.62566	-0.373532	5.5471}
}
{Volume "bodyback"
	{Polyhedron "bodyback.vol"}
	{Bone "fuel_tank"}
	{Matrix34
		0	-0.999991	0.00436305
		0	0.00436305	0.999991
		-1	0	0
		31.5726	0.000247002	-1.0271
	}
}
{Volume "cabin"
	{Polyhedron "cabin.vol"}
	{Bone "cabin"}
	{Position 19.74	-0.233225	11.0268}
}
{Volume "doorright"
	{Polyhedron "doorright.vol"}
	{Bone "doorright"}
	{Matrix34
		0.996195	0	-0.0871557
		0.0871557	0	0.996195
		0	-1	0
		-7.19946	0.24192	3.04997
	}
}
{Volume "engine"
	{Polyhedron "engine.vol"}
	{Bone "engine"}
	{Position 43.81	-0.0503584	11.3507}
}
{Volume "fuel"
	{Box 14.5 10.25 9}
	{Bone "fuel"}
	{Matrix34
		1	0	0
		0	-1	0
		0	0	1
		-3.16801	15.1675	10.4594
	}
}
{Volume "part1"
	{Polyhedron "part1.vol"}
	{Bone "part1"}
	{Matrix34
		0.996043	-0.0174524	-0.0871425
		0.0871557	0	0.996195
		-0.017386	-0.999848	0.00152098
		-7.22133	-0.773787	3.02102
	}
}
{Volume "wheelleft1"
	{Cylinder 6 4}
	{Bone "wheell1"}
	{Matrix34
		-1	0	0
		0	1	0
		0	0	-1
		0.0344683	-0.0319378	-0.368401
	}
}
{Volume "wheelleft2"
	{Cylinder 9.5 8.05}
	{Bone "wheell2"}
	{Matrix34
		1	0	0
		0	-1	0
		0	0	-1
		0.0581951	0.0204259	-1.86347
	}
}
{Volume "wheelleft3"
	{Cylinder 9.5 8.05}
	{Bone "wheell3"}
	{Matrix34
		1	0	0
		0	-1	0
		0	0	-1
		-0.0344734	0.300603	-1.76723
	}
}
{Volume "wheelright1"
	{Cylinder 9.5 4}
	{Bone "wheelr1"}
	{Matrix34
		1	0	0
		0	-1	0
		0	0	-1
		0.059206	-0.0594314	0.272105
	}
}
{Volume "wheelright2"
	{Cylinder 6 8.05}
	{Bone "wheelr2"}
	{Matrix34
		-1	0	0
		0	1	0
		0	0	-1
		0.0795294	-0.0286072	1.79735
	}
}
{Volume "wheelright3"
	{Cylinder 6 8.05}
	{Bone "wheelr3"}
	{Matrix34
		-1	0	0
		0	1	0
		0	0	-1
		0.0563558	-0.0915354	1.77605
	}
}
