;Exported by: Furial. Экспортер Сергей Писоцкий. Модель украдена из мода Ufo Aftermath, что противоречит правилам мода
;Date:        Mon Feb 11 07:22:45 2013
;File:        C:\Users\Vika\Documents\3dsmax\scenes\My mod\avia\mig15bis.max
{Skeleton
	{animation
		{sequence "wheels" {speed 1}}
	}
	{bone "basis"
		{parameters "SteerMax=45;wheelradius=0.2;"}
		{Orientation
			1	0	0
			0	-1	0
			0	0	1
		}
		{bone "pivot_front"
			{Matrix34
				1	0	0
				0	0	1
				0	-1	0
				54.8911	2.99213	3.59305
			}
			{bone "support1"
				{Position 0.399181	0.693015	0}
			}
		}
		{bone "pivot_back"
			{Matrix34
				1	0	0
				0	0	1
				0	-1	0
				-47.5944	4.45825	4.19699
			}
			{bone "support2"
				{Position 0	0	-47.8182}
			}
			{bone "support3"
				{Position 0	0	48.8251}
			}
		}
		{bone "emit1"
			{Matrix34
				0	-1	0
				1	0	0
				0	0	1
				40.8918	30.5637	0.192573
			}
		}
		{bone "body"
			{parameters "ID=body;"}
			{Matrix34
				0.997377	-0.0602939	0.0400422
				0.0602454	0.998181	0.00241869
				-0.0401152	0	0.999195
				-43.015	4.23048	40.4489
			}
			{VolumeView "body.ply"}
			{bone "visor1"
				{Matrix34
					0.997377	0.0602454	-0.0401152
					0.0400422	0.00241854	0.999195
					0.0602939	-0.998181	0
					92.7468	5.11052	5.72519
				}
			}
			{bone "zakrl"
				{Matrix34
					0.997377	0.0602454	-0.0401152
					-0.060294	0.998181	0
					0.0400422	0.00241868	0.999195
					32.4955	22.6215	-21.7959
				}
				{VolumeView "zakrl.ply"}
			}
			{bone "zakrr"
				{Matrix34
					0.997377	0.0602453	-0.0401152
					-0.0602939	0.998181	0
					0.0400421	0.00241886	0.999195
					35.4334	-18.2064	-22.7324
				}
				{VolumeView "zakrr.ply"}
			}
			{bone "zakr1"
				{Matrix34
					0.997377	0.0602454	-0.0401152
					-0.0602939	0.998181	0
					0.0400422	0.00241869	0.999195
					110.74	2.36097	-29.168
				}
				{VolumeView "zakr1.ply"}
			}
			{bone "zakr2"
				{Matrix34
					0.997377	0.0602454	-0.0401152
					-0.060294	0.998181	0
					0.0400421	0.00241868	0.999195
					110.2	9.60625	-28.9705
				}
				{VolumeView "zakr2.ply"}
			}
			{bone "nur2"
				{Position 0	0	0}
				{VolumeView "nur2.ply"}
				{bone "foresight2"
					{Matrix34
						0.997377	0.0602455	-0.0401152
						-0.060294	0.998181	0
						0.0400422	0.00241918	0.999195
						28.5314	63.2621	-26.2146
					}
				}
			}
			{bone "nur1"
				{Position 0	0	0}
				{VolumeView "nur1.ply"}
				{bone "foresight1"
					{Matrix34
						0.997377	0.0602455	-0.0401152
						-0.060294	0.998181	0
						0.0400422	0.00241918	0.999195
						34.789	-58.5396	-29.2668
					}
				}
			}
			{bone "driver"
				{Matrix34
					0.997377	0.0602454	-0.0401152
					-0.0602939	0.998181	0
					0.0400422	0.00241857	0.999195
					73.0214	2.78213	-17.6459
				}
			}
			{bone "w3"
				{Matrix34
					0.997377	0.0602454	-0.0401152
					-0.0602939	0.998181	0
					0.0400422	0.00241857	0.999195
					-80.0214	2.78213	-17.6459
				}
			}
			{bone "wheel_back"
				{Matrix34
					0.997377	0.0602454	-0.0401152
					-0.0602939	0.998181	0
					0.0400422	0.00241869	0.999195
					99.9911	5.1307	-31.2537
				}
				{VolumeView "wheel_back.ply"}
				{bone revolute "wheelf"
					{parameters "ID=wheelfront;"}
					{Matrix34
						0.997377	0.0400421	0.0602938
						0.0602453	0.00241853	-0.998181
						-0.0401151	0.999195	0
						-2.84063	0.0645282	-9.89864
					}
					{VolumeView "wheelf.ply"}
				}
			}
			{bone "retract_wheelr"
				{Position 29.9045	-42.1234	-29.5489}
				{VolumeView "retract_wheelr.ply"}
				{bone "wheelr"
					{parameters "ID=wheelright;"}
					{Matrix34
						0.997377	0.0602453	-0.0401151
						-0.0400422	-0.002419	-0.999195
						-0.0602941	0.998181	0
						-8.89914	-4.02033	-7.89788
					}
					{VolumeView "wheelr.ply"}
				}
			}
			{bone "retract_wheell"
				{Matrix34
					0.997377	0.0602454	-0.0401152
					-0.0602941	0.998181	0
					0.0400421	0.00241878	0.999195
					18.2125	53.0542	-27.9435
				}
				{VolumeView "retract_wheell.ply"}
				{bone revolute "wheell"
					{parameters "ID=wheelleft;"}
					{Matrix34
						1	0	0
						0	0	-1
						0	1	0
						-3.38244	-3.38284	-7.29885
					}
					{VolumeView "wheell.ply"}
				}
			}
			{bone "gun"
				{parameters "ID=gun;"}
				{Position 0	0	0}
				{VolumeView "gun.ply"}
				{bone "shooter00"
					{Matrix34
						0.997377	0.0602454	-0.0401152
						0.0400423	0.00241855	0.999195
						0.0602939	-0.998181	0
						125.98	15.5688	-24.6667
					}
				}
				{bone "foresight3"
					{Matrix34
						0.997377	0.0602454	-0.0401152
						0.0400423	0.00241855	0.999195
						0.0602939	-0.998181	0
						133.703	5.49102	-28.0748
					}
				}
				{bone "shooter01"
					{Matrix34
						0.997377	0.0602454	-0.0401152
						0.0400423	0.00241855	0.999195
						0.0602939	-0.998181	0
						127.175	-4.21492	-24.6667
					}
				}
			}
		}
	}
}
{Volume "body"
	{Polyhedron "body.vol"}
	{Bone "body"}
	{Matrix34
		0.997377	0.0602454	-0.0401152
		0.0400422	0.00241842	0.999195
		0.0602939	-0.998181	0
		23.1668	1.90287	-6.82033
	}
}
