;Exported by: misan
;Date:        Tue Dec 21 13:14:15 2021
;File:        C:\Users\misan\Documents\3dsMax\scenes\Step5_officer.max
{Skeleton
	{bone "basis"
		{Orientation
			1	0	0
			0	-1	0
			0	0	1
		}
		{bone "body"
			{parameters "Voxels=0;"}
			{Matrix34
				0	0	1
				0	-1	0
				1	0	0
				0	0.0344553	19.9224
			}
			{bone "foot1l"
				{parameters "Voxels=0;"}
				{Matrix34
					-0.988448	-0.0202486	0.150201
					0.150171	0.00305071	0.988655
					0.0204771	-0.99979	-2.53109e-05
					-0.143509	-2.13095	-0.488995
				}
				{bone "foot2l"
					{parameters "Voxels=0;"}
					{Matrix34
						0.95001	-0.31222	-9.42908e-05
						0.31222	0.95001	-3.56592e-05
						0.00010067	0	1
						9.37838	-0.0471723	0
					}
					{bone "bone06"
						{Matrix34
							0.22138	0.973964	0.0488401
							-0.972284	0.216583	0.0880677
							0.0751968	-0.0669829	0.994916
							8.74023	0.113252	0.00567913
						}
					}
					{bone "foot3l"
						{parameters "Voxels=0;"}
						{Matrix34
							0.156276	0.966823	0.202067
							-0.0127603	-0.202587	0.979181
							0.987631	-0.155602	-0.0193227
							9.2003	-0.346289	-0.0729971
						}
						{bone "bone07"
							{Position 2.60015	0	0}
						}
					}
				}
			}
			{bone "foot1r"
				{parameters "Voxels=0;"}
				{Matrix34
					-0.988453	0.0113914	0.151096
					0.151086	-0.00172158	0.988519
					0.0115206	0.999934	-1.93603e-05
					-0.143518	2.17103	-0.488755
				}
				{bone "foot2r"
					{parameters "Voxels=0;"}
					{Matrix34
						0.949416	-0.314022	-9.07611e-05
						0.314022	0.949416	-3.43218e-05
						9.71453e-05	0	1
						9.37832	-0.0472319	0
					}
					{bone "bone03"
						{Matrix34
							0.221381	0.973964	0.04884
							-0.972284	0.216582	0.0880676
							0.0751969	-0.0669829	0.994916
							8.74023	0.113254	0.00567961
						}
					}
					{bone "foot3r"
						{parameters "Voxels=0;"}
						{Matrix34
							0.1531	0.960736	0.231402
							0.0254163	0.230257	-0.972798
							-0.987884	0.154816	0.0108338
							9.2003	-0.346288	-0.0729961
						}
						{bone "bone05"
							{Position 2.60015	0	0}
						}
					}
				}
			}
			{bone "ik_leftright"
				{parameters "Voxels=0;"}
				{Matrix34
					0	0	1
					0	-1	0
					1	0	0
					1.90368	0.0344548	0
				}
				{bone "ik_updown"
					{parameters "Voxels=0;"}
					{Matrix34
						1	0	0
						0	0	1
						0	-1	0
						0	0	1.66801
					}
					{bone "head"
						{parameters "Voxels=0;"}
						{Matrix34
							1	0	0
							0	0	-1
							0	1	0
							0	7.21458	0
						}
						{bone "visor"
							{Matrix34
								1	0	0
								0	1	0
								0	0	1
								2.31916	0	2.33291
							}
						}
					}
					{bone "clavicle_right"
						{Position -0.13918	6.12487	1.17253}
						{bone "hand1r"
							{parameters "Voxels=0;"}
							{Matrix34
								-0.205834	-0.94373	0.258856
								0.842113	-0.305561	-0.444384
								0.498475	0.126517	0.857622
								0.0503405	-0.225973	2.95337
							}
							{bone "hand2r"
								{parameters "Voxels=0;"}
								{Matrix34
									0.846274	0.532748	0
									-0.532749	0.846274	0
									0	0	1
									6.26813	0	0
								}
								{bone "hand3r"
									{Matrix34
										0.982611	-0.185677	0
										0.185676	0.982611	0
										0	0	1
										5.19218	0	0
									}
								}
								{bone "hand_rot1r"
									{Matrix34
										0.00333606	-0.999958	0.00855792
										-0.999992	-0.00331785	0.00210728
										-0.00207871	-0.00856495	-0.999961
										5.19224	0	0
									}
									{bone "palm1r"
										{Matrix34
											-0.987462	-0.121603	-0.100652
											-0.0703691	-0.231655	0.97025
											-0.141302	0.965168	0.220194
											0.12139	-0.163	0.149548
										}
										{bone "palm2r_hide"
											{Matrix34
												-0.00762004	0.507056	-0.861879
												0.00254693	0.861912	0.507052
												0.999968	0.00166945	-0.00786144
												0.146145	0.242285	-1.2575
											}
											{bone "palm3r_hide"
												{Matrix34
													0.576833	0.816862	0
													-0.816862	0.576833	0
													0	0	1
													0.581879	-0.000115156	0
												}
												{bone "palm4r_hide"
													{Matrix34
														1	0	0
														0	1	0
														0	0	1
														0.53446	0	0
													}
												}
											}
										}
										{bone "palm2r"
											{Matrix34
												-0.00762184	0.507056	-0.861879
												0.002546	0.861912	0.507052
												0.999968	0.00166789	-0.00786032
												0.146144	0.242286	-1.25751
											}
											{bone "palm3r"
												{Matrix34
													0.576833	0.816863	0
													-0.816862	0.576832	0
													0	0	1
													0.581879	-0.000115395	0
												}
											}
										}
									}
								}
							}
						}
					}
					{bone "clavicle_left"
						{Position -0.13918	6.12487	-1.18112}
						{bone "hand1l"
							{parameters "Voxels=0;"}
							{Matrix34
								-0.229581	-0.937023	-0.263211
								0.835446	-0.328463	0.440616
								-0.499322	-0.118741	0.858241
								0.0503408	-0.225973	-2.95273
							}
							{bone "hand2l"
								{parameters "Voxels=0;"}
								{Matrix34
									0.820489	0.571663	0
									-0.571663	0.820489	0
									0	0	1
									6.26813	0	0
								}
								{bone "hand3l"
									{Matrix34
										0.982611	-0.185677	0
										0.185677	0.982611	0
										0	0	1
										5.19218	0	0
									}
								}
								{bone "left_hand"
									{parameters "Voxels=0;"}
									{Matrix34
										0.275672	0.823505	-0.495827
										0.00418859	-0.516838	-0.856073
										-0.961243	0.233919	-0.145927
										5.99778	-0.667302	0.409924
									}
								}
								{bone "hand_rot1l"
									{Matrix34
										0.00130209	-0.999932	0.0116371
										-0.999999	-0.00131428	-0.00103846
										0.00105358	-0.0116362	-0.999932
										5.25743	-0.000656366	-0.00162125
									}
									{bone "palm1l"
										{Matrix34
											0.965404	0.249251	-0.0766089
											-0.0261253	-0.199862	-0.979476
											-0.259446	0.947591	-0.186436
											0.0886896	-0.337658	-0.091609
										}
										{bone "palm2l"
											{Matrix34
												0.0731536	0.36156	-0.929475
												-0.0346497	-0.930488	-0.364681
												-0.996719	0.0588845	-0.0555417
												-0.0738364	0.242493	-1.26342
											}
											{bone "palm3l"
												{Matrix34
													0.711309	-0.70288	0
													0.70288	0.711309	0
													0	0	1
													0.578554	0.000165224	0
												}
											}
										}
										{bone "palm2l_hide"
											{Matrix34
												0.0731535	0.36156	-0.929475
												-0.0346491	-0.930487	-0.364682
												-0.996719	0.0588851	-0.0555418
												-0.0738363	0.242493	-1.26343
											}
											{bone "palm3l_hide"
												{Matrix34
													0.711309	-0.702879	0
													0.70288	0.711309	0
													0	0	1
													0.578552	0.000166416	0
												}
												{bone "palm4l_hide"
													{Matrix34
														1	0	0
														0	1	0
														0	0	1
														0.511901	-3.43323e-05	0
													}
												}
											}
										}
									}
								}
							}
						}
					}
				}
			}
			{bone "placement"
				{Matrix34
					0	1	0
					-1	0	0
					0	0	1
					0.783108	0	0
				}
			}
		}
		{bone "ik_chain05"
			{Position 0.045927	-5.65663	18.4856}
		}
		{bone "ik_chain03"
			{Matrix34
				1	0	0
				0	-1	0
				0	0	1
				-0.466049	2.53715	1.86587
			}
		}
		{bone "ik_chain04"
			{Matrix34
				1	0	0
				0	-1	0
				0	0	1
				3.29347	3.4301	0.0514984
			}
		}
		{bone "ik_chain02"
			{Position 3.29347	-3.36689	0.0514994}
		}
		{bone "ik_chain01"
			{Position -0.466048	-2.34785	1.86587}
		}
		{bone "ik_chain06"
			{Position -0.0261762	5.59718	18.5528}
		}
		{bone "foresight2rot"
			{parameters "Voxels=0;"}
			{Position 13.7429	0.0246876	27.5947}
		}
		{bone "palm_ik_holder_right02"
			{Matrix34
				0.274443	0.0176821	-0.961441
				0.822316	0.513976	0.244182
				0.498475	-0.857622	0.126517
				-1.37903	-5.74844	23.4776
			}
			{bone "palm_ik_holder_right01"
				{Matrix34
					0.00333665	-0.999958	0.00855809
					-0.999992	-0.00331809	0.00210736
					-0.00207889	-0.00856476	-0.999961
					5.19225	0	0
				}
				{bone "palm_ik_holder_right"
					{Matrix34
						-0.987462	-0.121604	-0.100652
						-0.0703693	-0.231656	0.970249
						-0.141303	0.965168	0.220194
						0.119855	-0.164879	0.14873
					}
					{bone "ik_chain07"
						{Matrix34
							0.999956	0.00324052	-0.00886282
							2.75578e-05	0.938189	0.346125
							0.00943688	-0.34611	0.938147
							0.138651	1.07072	-1.80207
						}
					}
				}
			}
		}
		{bone "palm_ik_holder_left02"
			{Matrix34
				0.289225	-0.0359222	-0.956587
				0.816717	-0.511988	0.266161
				-0.499322	-0.858241	-0.118741
				-1.52788	5.7837	23.5196
			}
			{bone "palm_ik_holder_left01"
				{Matrix34
					0.00130224	-0.999932	0.0116377
					-0.999999	-0.00131419	-0.00103854
					0.00105368	-0.011636	-0.999932
					5.25744	-0.00065732	-0.00162125
				}
				{bone "palm_ik_holder_left"
					{Matrix34
						0.965404	0.24925	-0.076609
						-0.0261244	-0.199862	-0.979476
						-0.259446	0.947591	-0.186436
						0.0856135	-0.3388	-0.0894651
					}
					{bone "ik_chain08"
						{Matrix34
							0.999967	-0.00286253	0.00758406
							0.00020436	0.944171	0.329455
							-0.00810478	-0.329442	0.944141
							0.0112212	0.921597	-2.00976
						}
					}
				}
			}
		}
		{bone "skin"
			{Matrix34
				0.906308	0	-0.422618
				0	-1	0
				0.422618	0	0.906308
				0.992398	-6.89244e-05	26.9396
			}
			{VolumeView "skin.ply"}
		}
	}
}
