;Exported by:	 guita
;Date:			 16.10.2021 23:42:22
;File:			 D:\Git\3D_Scenes\GoH_3D_vehicles_rus\vehicles\cannon\ml20\152mm_ml20_xx.max
{skeleton
	{bone revolute "basis"
		{orientation
			1 	 0 	 0
			0 	 -1 	 0
			0 	 0 	 1
		}
		{bone "body"
			{parameters "id=body;"}
			{matrix34
				0.9986 	 0.0523 	 0
				-0.0517 	 0.9863 	 -0.1564
				-0.0082 	 0.1562 	 0.9877
				0.0105 	 -0.1349 	 7.1596
			}
			{VolumeView "body.ply"}
			{bone revolute "turret"
				{parameters "id=body;"}
				{matrix34
					0.9487 	 0.3083 	 -0.0698
					-0.309 	 0.9511 	 0
					0.0663 	 0.0216 	 0.9976
					-3.3808 	 0 	 2.9749
				}
				{VolumeView "turret.ply"}
				{bone "part2"
					{parameters "id=part2;"}
					{matrix34
						0.9321 	 -0.3578 	 0.057
						0.3428 	 0.9219 	 0.1806
						-0.1171 	 -0.1488 	 0.9819
						5.1206 	 5.4362 	 15.9117
					}
					{VolumeView "part2.ply"}
				}
				{bone "part3"
					{parameters "id=part3;"}
					{matrix34
						0.9839 	 -0.1229 	 0.1297
						0.1141 	 0.9908 	 0.0729
						-0.1375 	 -0.0569 	 0.9889
						5.4315 	 -6.4605 	 13.0566
					}
					{VolumeView "part3.ply"}
				}
			}
			{bone "part4"
				{parameters "id=part4;"}
				{matrix34
					0.9748 	 0.0209 	 -0.2222
					-0.0423 	 0.9949 	 -0.0919
					0.2191 	 0.099 	 0.9707
					-4.0133 	 8.7598 	 -0.8546
				}
				{VolumeView "part4.ply"}
			}
			{bone "part5"
				{parameters "id=part5;"}
				{matrix34
					0.9986 	 -0.0517 	 -0.0082
					0.0523 	 0.9863 	 0.1562
					0 	 -0.1564 	 0.9877
					-73.7227 	 -49.0006 	 -3.0254
				}
				{VolumeView "part5.ply"}
			}
			{bone revolute "part1"
				{parameters "id=part1;"}
				{matrix34
					0.9986 	 -0.0517 	 -0.0082
					0.0458 	 0.9385 	 -0.3422
					0.0254 	 0.3414 	 0.9396
					1.1562 	 21.9042 	 3.8591
				}
				{VolumeView "part1.ply"}
			}
		}
	}
}
{obstacle "obstacle"
	{obb2
		{center -0.0833364 -2.39597}
		{extent 12.3503 16.2135}
		{axis 1 0}
	}
	{rotate}
}
{volume "barrel1"
	{polyhedron "barrel1.vol"}
	{bone "turret"}
	{matrix34
		0.9848 	 -0.0392 	 -0.1693
		0.0968 	 0.9328 	 0.3471
		0.1443 	 -0.3583 	 0.9224
		29.7605 	 -2.0132 	 9.0045
	}
}
{volume "barrel3"
	{box 60.8834 5.42842 8.72507}
	{bone "turret"}
	{matrix34
		0.9876 	 -0.0067 	 -0.1571
		0.1529 	 -0.1907 	 0.9697
		-0.0364 	 -0.9816 	 -0.1873
		-2.8005 	 0.7241 	 9.7289
	}
}
{volume "body1"
	{polyhedron "body1.vol"}
	{bone "body"}
	{Position 2.588 	 0.0017 	 -0.0887}
}
{volume "body2"
	{polyhedron "body2.vol"}
	{bone "turret"}
	{Position 2.445 	 -0.0047 	 7.6353}
}
{volume "part1"
	{cylinder 12.5984 4.88169}
	{bone "part1"}
	{matrix34
		0.9659 	 0.2587 	 -0.009
		0.2588 	 -0.9653 	 0.0337
		0 	 -0.0349 	 -0.9994
		0 	 0 	 0
	}
}
{volume "part2"
	{cylinder 1.95942 30.7107}
	{bone "part2"}
	{matrix34
		0.7328 	 0.2354 	 0.6384
		-0.3288 	 0.9439 	 0.0295
		-0.5957 	 -0.2316 	 0.7691
		-0.4075 	 -0.261 	 0.276
	}
}
{volume "part3"
	{cylinder 1.95942 30.7107}
	{bone "part3"}
	{matrix34
		0.8967 	 0.0947 	 0.4325
		-0.0848 	 0.9955 	 -0.0422
		-0.4345 	 0.0012 	 0.9007
		-0.0317 	 -0.0031 	 -0.0899
	}
}
{volume "part4"
	{polyhedron "part4.vol"}
	{bone "part4"}
	{Position -37.2892 	 19.6542 	 -3.8035}
}
{volume "part5"
	{box 15.4315 5.64213 1.11675}
	{bone "part5"}
	{matrix34
		0.8829 	 0.4695 	 0
		-0.4669 	 0.8781 	 0.1045
		0.0491 	 -0.0923 	 0.9945
		0.0838 	 0.374 	 -1.1859
	}
}
{volume "standr"
	{polyhedron "standr.vol"}
	{bone "body"}
	{matrix34
		0.9994 	 0 	 -0.0349
		0 	 1 	 0
		0.0349 	 0 	 0.9994
		-41.4431 	 -28.3639 	 -3.3454
	}
}
{volume "wheelright1"
	{cylinder 12.5984 4.88169}
	{bone "body"}
	{matrix34
		0.9671 	 0.0243 	 -0.2534
		0.2522 	 0.0425 	 0.9667
		0.0343 	 -0.9988 	 0.035
		-0.9894 	 -19.0266 	 0.5813
	}
}
