;Exported by: doc
;Date:        Wed Dec 26 23:09:54 2018
;File:        Z:\work\0.KRIS\vehicles\t62_complete\T62_xx_export.max
{Skeleton
	{bone "basis"
		{Orientation
			1	0	0
			0	-1	0
			0	0	1
		}
		{bone "body"
			{parameters "ID=body;"}
			{Matrix34
				0.99863	0.00243521	-0.0522722
				-0.000608908	0.99939	0.0349258
				0.0523254	-0.0348461	0.998022
				-2.98966	-0.841324	15.8135
			}
			{VolumeView "body.ply"}
			{bone revolute "turret"
				{parameters "ID=turret;"}
				{speed 0.01}
				{Matrix34
					0.974333	-0.224943	-0.00872654
					0.224951	0.97437	0
					0.00850293	-0.0019628	0.999962
					5.05297	1.02133	12.2235
				}
				{VolumeView "turret.ply"}
				{bone revolute "gun_rot"
					{parameters "ID=gun;"}
					{limits -10 15}
					{speed 0.01}
					{Matrix34
						0.997552	-0.0106692	-0.0691192
						0.0679058	-0.0887383	0.993738
						-0.0167359	-0.995998	-0.0877965
						14.4801	0.336867	3.92536
					}
					{bone "gun"
						{parameters "ID=gun;"}
						{Matrix34
							1	0	0
							0	0	-1
							0	1	0
							57.284	-1.14441e-005	-0.0208106
						}
						{VolumeView "gun.ply"}
					}
				}
				{bone revolute "gun2"
					{parameters "ID=gun;"}
					{Matrix34
						1	0	0
						0	0	1
						0	-1	0
						20.6168	0.424924	4.39256
					}
					{VolumeView "gun2.ply"}
				}
				{bone "part2"
					{parameters "ID=turret;"}
					{Matrix34
						-0.414693	0	-0.909962
						0	1	0
						0.909961	0	-0.414693
						-6.1436	11.4799	16.901
					}
					{VolumeView "part2.ply"}
				}
				{bone revolute "turret_mgun"
					{parameters "ID=turret;"}
					{speed 0.03}
					{Position -4.68045	-11.4799	15.6538}
					{VolumeView "turret_mgun.ply"}
					{bone revolute "mgun_rot"
						{parameters "ID=turret;"}
						{limits -20 30}
						{speed 0.03}
						{Matrix34
							0.996195	-0.087156	0
							0	0	1
							-0.0871559	-0.996195	0
							4.40453	-0.0512695	6.72936
						}
						{VolumeView "mgun_rot.ply"}
					}
					{bone "part1"
						{parameters "ID=turret;"}
						{Matrix34
							-0.469472	0	0.882948
							0	1	0
							-0.882948	0	-0.469472
							-7.15103	0.00802135	0.480705
						}
						{VolumeView "part1.ply"}
					}
				}
			}
			{bone revolute "part4"
				{Matrix34
					-1	0	0
					0	0	1
					0	1	0
					59.3111	26.267	0.233333
				}
				{VolumeView "part4.ply"}
			}
			{bone revolute "wheell7"
				{parameters "ID=trackleft;Radius=0.27;"}
				{Matrix34
					-0.99211	0	0.12537
					0.12537	0	0.99211
					0	1	0
					-49.5521	24.994	-1.7702
				}
				{VolumeView "wheell7.ply"}
			}
			{bone revolute "wheelr1"
				{parameters "ID=trackright;Radius=0.27;"}
				{Matrix34
					-1	0	0
					0	0	1
					0	1	0
					59.3111	-24.2039	0.233333
				}
				{VolumeView "wheelr1.ply"}
			}
			{bone revolute "wheelr7"
				{parameters "ID=trackright;Radius=0.27;"}
				{Matrix34
					-1	0	0
					0	0	1
					0	1	0
					-49.5106	-28.1753	-1.74609
				}
				{VolumeView "wheelr7.ply"}
			}
			{bone "engine"
				{parameters "ID=engine;"}
				{Position -39.6075	0.824152	12.6855}
				{VolumeView "engine.ply"}
			}
			{bone "part3"
				{parameters "ID=body;"}
				{Position -26.161	27.6342	11.4481}
				{VolumeView "part3.ply"}
			}
		}
		{bone "wheelsr"
			{parameters "wheelsR;"}
			{Position -2.98966	-0.841324	16.2623}
			{VolumeView "wheelsr.ply"}
			{bone revolute "wheelr6"
				{parameters "ID=trackright;Radius=0.41;"}
				{Matrix34
					-1	0	0
					0	0	1
					0	1	0
					-33.7357	-24.961	-7.18975
				}
				{VolumeView "wheelr6.ply"}
			}
			{bone revolute "wheelr5"
				{parameters "ID=trackright;Radius=0.41;"}
				{Matrix34
					-1	0	0
					0	0	1
					0	1	0
					-12.8333	-24.961	-7.18975
				}
				{VolumeView "wheelr5.ply"}
			}
			{bone revolute "wheelr4"
				{parameters "ID=trackright;Radius=0.41;"}
				{Matrix34
					-1	0	0
					0	0	1
					0	1	0
					8.03959	-24.961	-7.18975
				}
				{VolumeView "wheelr4.ply"}
			}
			{bone revolute "wheelr3"
				{parameters "ID=trackright;Radius=0.41;"}
				{Matrix34
					-1	0	0
					0	0	1
					0	1	0
					25.8842	-24.961	-7.18975
				}
				{VolumeView "wheelr3.ply"}
			}
			{bone revolute "wheelr2"
				{parameters "ID=trackright;Radius=0.41;"}
				{Matrix34
					-1	0	0
					0	0	1
					0	1	0
					43.7098	-24.961	-7.18975
				}
				{VolumeView "wheelr2.ply"}
			}
		}
		{bone "wheelsl"
			{parameters "wheelsL;"}
			{Position -2.98966	-0.841324	16.2623}
			{VolumeView "wheelsl.ply"}
			{bone revolute "wheell3"
				{parameters "ID=trackleft;Radius=0.41;"}
				{Matrix34
					-1	0	0
					0	0	1
					0	1	0
					24.3831	26.9146	-7.18975
				}
				{VolumeView "wheell3.ply"}
			}
			{bone revolute "wheell4"
				{parameters "ID=trackleft;Radius=0.41;"}
				{Matrix34
					-1	0	0
					0	0	1
					0	1	0
					5.70026	26.9146	-7.64916
				}
				{VolumeView "wheell4.ply"}
			}
			{bone revolute "wheell2"
				{parameters "ID=trackleft;Radius=0.41;"}
				{Matrix34
					-1	0	0
					0	0	1
					0	1	0
					42.2108	26.9146	-7.18975
				}
				{VolumeView "wheell2.ply"}
			}
			{bone revolute "wheell5"
				{parameters "ID=trackleft;Radius=0.41;"}
				{Matrix34
					-1	0	0
					0	0	1
					0	1	0
					-14.9031	26.9146	-7.18975
				}
				{VolumeView "wheell5.ply"}
			}
			{bone revolute "wheell6"
				{parameters "ID=trackleft;Radius=0.41;"}
				{Matrix34
					-1	0	0
					0	0	1
					0	1	0
					-36.2032	26.9146	-7.18975
				}
				{VolumeView "wheell6.ply"}
			}
		}
		{bone "trackr"
			{parameters "ID=trackRight;"}
			{Matrix34
				0.984808	0.173648	0
				-0.173648	0.984808	0
				0	0	1
				-1.4847	-25.1475	10.7755
			}
			{VolumeView "trackr.ply"}
		}
		{bone "trackl"
			{parameters "ID=trackLeft;"}
			{Matrix34
				-1	0	0
				0	0	1
				0	1	0
				-1.4847	25.3598	10.7755
			}
			{VolumeView "trackl.ply"}
		}
	}
}
{Volume "body1"
	{Polyhedron "body1.vol"}
	{Bone "body"}
	{Matrix34
		-1	0	0
		0	0	1
		0	1	0
		4.72965	0.841323	0.606403
	}
}
{Volume "body2"
	{Polyhedron "body2.vol"}
	{Bone "body"}
	{Matrix34
		-1	0	0
		0	0	1
		0	1	0
		4.72965	0.841323	0.606403
	}
}
{Volume "crew"
	{Box 44.5877 31.2801 12.9492}
	{Bone "body"}
	{Matrix34
		1	0	0
		0	1	0
		0	0	1
		13.6087	0.333058	1.96114
	}
}
{Volume "engine"
	{Polyhedron "engine.vol"}
	{Bone "body"}
	{Matrix34
		-1	0	0
		0	0	1
		0	1	0
		4.72965	0.841323	0.606403
	}
}
{Volume "gun"
	{Cylinder 2.17039 98.6273}
	{Bone "gun_rot"}
	{Matrix34
		0	0	-1
		0	1	0
		1	0	0
		52.298	1.3329	-0.0208051
	}
}
{Volume "inventory"
	{Box 24.987 11.7922 8.21523}
	{Bone "body"}
	{Matrix34
		1	0	0
		0	1	0
		0	0	1
		5.46177	-8.2495	0.0108724
	}
}
{Volume "part1"
	{Box 7.89242 12.351 2.14611}
	{Bone "part1"}
	{Position 4.97152	0	-0.339446}
}
{Volume "part2"
	{Box 8.28704 14.5742 2.14611}
	{Bone "part2"}
	{Matrix34
		1	0	0
		0	1	0
		0	0	1
		-5.23115	0	-1.18843
	}
}
{Volume "part3"
	{Box 9.94445 14.5742 3.86685}
	{Bone "part3"}
	{Matrix34
		0	1	0
		-1	0	0
		0	0	1
		0	0	-0.163747
	}
}
{Volume "part4"
	{Cylinder 5.73413 7.46233}
	{Bone "part4"}
	{Position 0	0	0.0351913}
}
{Volume "trackleft"
	{Polyhedron "trackleft.vol"}
	{Bone "wheelsl"}
	{Matrix34
		-1	0	0
		0	0	1
		0	1	0
		-1.45998	20.3582	-6.05154
	}
}
{Volume "trackright"
	{Polyhedron "trackright.vol"}
	{Bone "wheelsr"}
	{Matrix34
		-1	0	0
		0	0	1
		0	1	0
		-1.45999	-30.1699	-6.05154
	}
}
{Volume "turret"
	{Polyhedron "turret.vol"}
	{Bone "turret"}
}
