;Exported by:	 guita
;Date:			 18.04.2020 14:07:54
;File:			 D:\Git\3D_Scenes\GoH_3D_vehicles_rus\vehicles\cannon\m30\122mm_m-30_v19_xx.max
{skeleton
	{bone revolute "basis"
		{orientation
			1 	 0 	 0
			0 	 -1 	 0
			0 	 0 	 1
		}
		{bone "body"
			{parameters "id=body;"}
			{matrix34
				1 	 0 	 0
				0 	 0.9968 	 -0.0798
				0 	 0.0798 	 0.9968
				0.0318 	 0 	 11.5997
			}
			{VolumeView "body.ply"}
			{bone "standl"
				{parameters "id=body;"}
				{matrix34
					0.848 	 -0.5284 	 -0.0406
					0.529 	 0.8486 	 0.0044
					0.0321 	 -0.0252 	 0.9992
					-3.6904 	 6.3991 	 3.9568
				}
				{VolumeView "standl.ply"}
				{bone "footl"
					{parameters "id=body;"}
					{matrix34
						-0.1822 	 0 	 -0.9833
						0 	 1 	 0
						0.9833 	 0 	 -0.1822
						-57.8593 	 -0.1398 	 -12.447
					}
					{VolumeView "footl.ply"}
				}
			}
			{bone revolute "turret"
				{parameters "id=body;"}
				{matrix34
					0.9955 	 -0.0239 	 0.0913
					0.0352 	 0.9916 	 -0.1244
					-0.0876 	 0.127 	 0.988
					-3.3954 	 0.0435 	 2.1262
				}
				{VolumeView "turret.ply"}
				{bone revolute "gun_rot"
					{parameters "id=gun;"}
					{matrix34
						0.9967 	 -0.045 	 -0.0675
						0.074 	 0.1605 	 0.9843
						-0.0335 	 -0.986 	 0.1633
						-3.7648 	 -0.0435 	 10.7273
					}
					{VolumeView "gun_rot.ply"}
					{bone "shield_upper"
						{parameters "id=shield_upper;"}
						{matrix34
							1 	 0 	 0
							0 	 0 	 -1
							0 	 1 	 0
							9.6488 	 5.1629 	 0
						}
						{VolumeView "shield_upper.ply"}
					}
					{bone "gun"
						{parameters "id=gun;"}
						{matrix34
							1 	 0.0046 	 0.0088
							0.0093 	 -0.1216 	 -0.9925
							-0.0035 	 0.9926 	 -0.1217
							8.3725 	 0.0111 	 0
						}
						{VolumeView "gun.ply"}
						{bone "breech"
							{parameters "id=gun;"}
							{Position -14.258 	 -3.1647 	 1.7347}
							{VolumeView "breech.ply"}
						}
					}
					{bone "sight"
						{parameters "id=gun;"}
						{matrix34
							1 	 0 	 0
							0 	 0 	 -1
							0 	 1 	 0
							-7.4462 	 -8.8967 	 0
						}
						{VolumeView "sight.ply"}
					}
				}
				{bone "shield"
					{parameters "id=shield;"}
					{matrix34
						0.9888 	 0.1465 	 0.0286
						-0.146 	 0.9891 	 -0.0193
						-0.0311 	 0.0149 	 0.9994
						-2.2002 	 -0.2212 	 8.8403
					}
					{VolumeView "shield.ply"}
				}
				{bone "pneumatic_cylinders"
					{parameters "id=body;"}
					{Position -12.4551 	 -0.0435 	 1.8306}
					{VolumeView "pneumatic_cylinders.ply"}
				}
			}
		}
		{bone "pivot_front"
			{Position 0.0956 	 0.0002 	 11.6155}
			{bone revolute "wheelr"
				{parameters "id=wheelright;"}
				{matrix34
					1 	 0 	 0
					0 	 0 	 -1
					0 	 1 	 0
					-0.0956 	 -17.0191 	 0.07
				}
				{VolumeView "wheelr.ply"}
			}
		}
		{bone "part2"
			{parameters "id=body;"}
			{matrix34
				0.8473 	 0.5305 	 0.0233
				-0.5288 	 0.847 	 -0.0552
				-0.049 	 0.0344 	 0.9982
				-3.4054 	 -5.9565 	 16.0459
			}
			{VolumeView "part2.ply"}
		}
		{bone revolute "part1"
			{parameters "id=wheelleft;"}
			{matrix34
				0.9834 	 -0.1498 	 -0.1028
				-0.1349 	 -0.2231 	 -0.9654
				0.1216 	 0.9632 	 -0.2396
				0 	 17.0189 	 11.6855
			}
			{VolumeView "part1.ply"}
		}
	}
}
{obstacle "obstacle"
	{obb2
		{center 4.29153e-006 3.8147e-006}
		{extent 11.6852 18.0011}
		{axis 1 0}
	}
	{rotate}
}
{volume "barrel1"
	{box 3.05499 3.61507 36.0204}
	{bone "gun_rot"}
	{matrix34
		0 	 0 	 -1
		0 	 1 	 0
		1 	 0 	 0
		13.1085 	 -4.2386 	 -0.0491
	}
}
{volume "barrel2"
	{cylinder 1.78752 26.1517}
	{bone "gun_rot"}
	{matrix34
		0 	 0 	 -1
		0 	 1 	 0
		1 	 0 	 0
		14.1604 	 4.283 	 -0.0552
	}
}
{volume "barrel3"
	{cylinder 2.25425 48.526}
	{bone "gun"}
	{matrix34
		0 	 1 	 0
		0 	 0 	 1
		1 	 0 	 0
		15.518 	 0.0298 	 -0.0051
	}
}
{volume "barrel4"
	{box 6.84391 6.99945 6.96475}
	{bone "gun"}
	{matrix34
		1 	 0 	 0
		0 	 0 	 1
		0 	 -1 	 0
		-12.3441 	 0.0222 	 1.1312
	}
}
{volume "body1"
	{box 3.14849 27.5877 4.38051}
	{bone "body"}
	{Position 0.222 	 0.0048 	 -0.703}
}
{volume "body2"
	{box 13.8064 6.77823 8.86895}
	{bone "turret"}
	{matrix34
		0 	 1 	 0
		-1 	 0 	 0
		0 	 0 	 1
		-1.3251 	 0.0776 	 -1.0774
	}
}
{volume "hole1"
	{box 2.91627 2.41223 6.39636}
	{bone "shield"}
	{matrix34
		0 	 1 	 0
		0 	 0 	 1
		1 	 0 	 0
		2.6424 	 7.6135 	 8.9957
	}
}
{volume "hole2"
	{box 5.36151 12.6273 3.4114}
	{bone "shield"}
	{matrix34
		0 	 1 	 0
		0 	 0 	 1
		1 	 0 	 0
		7.3509 	 -0.1377 	 -0.8196
	}
}
{volume "part1"
	{cylinder 11.728 4.03238}
	{bone "part1"}
	{matrix34
		1 	 0 	 0
		0 	 -1 	 0
		0 	 0 	 -1
		-0.0457 	 -0.0282 	 -0.9878
	}
}
{volume "part2"
	{box 4.98839 4.46594 66.0549}
	{bone "part2"}
	{matrix34
		-0.1576 	 0.0181 	 0.9873
		0.0113 	 0.9998 	 -0.0165
		-0.9874 	 0.0086 	 -0.1578
		-31.5921 	 -0.3544 	 -8.6981
	}
}
{volume "shield1"
	{box 0.504047 11.8984 24.6983}
	{bone "shield"}
	{matrix34
		1 	 0 	 0
		0 	 0 	 1
		0 	 -1 	 0
		7.5797 	 0.0883 	 -0.9253
	}
}
{volume "shield2"
	{polyhedron "shield2.vol"}
	{bone "shield"}
	{matrix34
		0.5883 	 0 	 0.8086
		-0.8086 	 0 	 0.5883
		0 	 -1 	 0
		1.1581 	 16.8605 	 9.7381
	}
}
{volume "shield3"
	{polyhedron "shield3.vol"}
	{bone "shield"}
	{matrix34
		0.5883 	 0 	 0.8086
		-0.8086 	 0 	 0.5883
		0 	 -1 	 0
		1.1581 	 -17.1573 	 9.7381
	}
}
{volume "shield4"
	{box 0.46663 14.2851 6.24164}
	{bone "shield_upper"}
	{matrix34
		0.5783 	 0 	 0.8158
		-0.8158 	 0 	 0.5783
		0 	 -1 	 0
		-6.4664 	 -0.1106 	 2.9831
	}
}
{volume "standl"
	{box 4.98839 4.46594 66.0549}
	{bone "standl"}
	{matrix34
		-0.145 	 -0.03 	 0.989
		-0.013 	 0.9995 	 0.0284
		-0.9893 	 -0.0087 	 -0.1454
		-31.3556 	 0.3496 	 -8.2875
	}
}
{volume "wheelright"
	{cylinder 11.728 4.03238}
	{bone "wheelr"}
	{matrix34
		1 	 0 	 0
		0 	 -1 	 0
		0 	 0 	 -1
		-0.0457 	 -0.0282 	 0.8265
	}
}
