;Exported by: Art
;Date:        Wed Nov 21 18:17:10 2018
;File:        E:\Autodesk\Low poly\freelance\DMS 2.0\Weapon 2.0\AT-5 Spandrel\export\AT-5 Spandrel_xx.max
{Skeleton
	{bone "basis"
		{Orientation
			1	0	0
			0	-1	0
			0	0	1
		}
		{bone "body"
			{parameters "ID=body;"}
			{Matrix34
				-0.996659	-0.0490344	0.065315
				0.0542787	-0.995227	0.0810992
				0.0610266	0.0843734	0.994564
				0.58767	0.742883	4.55852
			}
			{LODView
				{VolumeView "body.ply"}
				{VolumeView "body_lod1.ply"}
				{VolumeView "body_lod2.ply"}
				{VolumeView "body_lod3.ply"}
			}
			{bone revolute "turret"
				{parameters "ID=turret;"}
				{Matrix34
					-0.9903	-0.138697	-0.0082983
					0.138614	-0.990297	0.00986628
					-0.00958622	0.00862032	0.999917
					2.34026	0.78075	0.97485
				}
				{LODView
					{VolumeView "turret.ply"}
					{VolumeView "turret_lod1.ply"}
					{VolumeView "turret_lod2.ply"}
					{VolumeView "turret_lod3.ply"}
				}
				{bone "part1"
					{parameters "ID=gun;"}
					{Matrix34
						0.963631	0	-0.267238
						0.267238	0	0.963631
						0	-1	0
						-0.0902247	1.64675	4.12168
					}
					{LODView
						{VolumeView "part1.ply"}
						{VolumeView "part1_lod1.ply"}
						{VolumeView "part1_lod2.ply"}
						{VolumeView "part1_lod3.ply"}
					}
				}
				{bone revolute "gun_rot"
					{parameters "ID=gun;"}
					{limits 0 20}
					{speed 0.006}
					{Matrix34
						0.980882	0.178475	-0.0775643
						0.103095	-0.138537	0.984977
						0.165048	-0.974143	-0.154288
						-0.090224	0.0474763	4.12168
					}
					{LODView
						{VolumeView "gun_rot.ply"}
						{VolumeView "gun_rot_lod1.ply"}
						{VolumeView "gun_rot_lod2.ply"}
						{VolumeView "gun_rot_lod3.ply"}
					}
					{bone "shooter00"
						{parameters "LastPose = undefined;"}
						{Matrix34
							1	0	0
							0	0	-1
							0	1	0
							-10.671	2.36696	0.000282526
						}
						{bone "part3"
							{parameters "ID=gun;"}
							{Matrix34
								-1	0	0
								0	-1	0
								0	0	1
								11.7909	-0.00672126	-0.464062
							}
							{LODView
								{VolumeView "part3.ply"}
								{VolumeView "part3_lod1.ply"}
								{VolumeView "part3_lod2.ply"}
								{VolumeView "part3_lod3.ply"}
							}
							{bone "part2"
								{parameters "ID=gun;"}
								{Matrix34
									-0.819152	0.286788	0.496732
									-0.573576	-0.409576	-0.709407
									0	-0.866025	0.5
									-11.8693	-0.75053	-1.10581
								}
								{LODView
									{VolumeView "part2.ply"}
									{VolumeView "part2_lod1.ply"}
									{VolumeView "part2_lod2.ply"}
									{VolumeView "part2_lod3.ply"}
								}
							}
						}
					}
				}
			}
			{bone "part4"
				{parameters "ID=body;"}
				{Matrix34
					-0.496274	0.439067	0.748954
					0.560933	-0.496273	0.662622
					0.662621	0.748955	0
					4.96214	-2.37647	0.201056
				}
				{LODView
					{VolumeView "part4.ply"}
					{VolumeView "part4_lod1.ply"}
					{VolumeView "part4_lod2.ply"}
					{VolumeView "part4_lod3.ply"}
				}
			}
			{bone "leg3"
				{parameters "ID=body;"}
				{Matrix34
					-0.33707	-0.408899	0.848048
					0.539425	0.654375	0.52992
					-0.771625	0.636078	0
					4.88579	2.33236	0.201063
				}
				{LODView
					{VolumeView "leg3.ply"}
					{VolumeView "leg3_lod1.ply"}
					{VolumeView "leg3_lod2.ply"}
					{VolumeView "leg3_lod3.ply"}
				}
			}
			{bone "part5"
				{parameters "ID=body;"}
				{Matrix34
					0.562102	-0.292371	0.773667
					-0.809017	0	0.587785
					-0.171852	-0.956305	-0.236533
					-5.08353	0.750221	0.201063
				}
				{LODView
					{VolumeView "part5.ply"}
					{VolumeView "part5_lod1.ply"}
					{VolumeView "part5_lod2.ply"}
					{VolumeView "part5_lod3.ply"}
				}
			}
		}
	}
}
{Volume "body3"
	{Box 6.16087 1.37356 1.08848}
	{Bone "leg3"}
	{Matrix34
		0.998118	0.0610667	-0.00566721
		-0.00606167	0.00627695	-0.999962
		-0.0610287	0.998114	0.0066354
		-2.92681	-0.096297	0.00431029
	}
}
{Volume "body"
	{Polyhedron "body.vol"}
	{Bone "body"}
	{Matrix34
		-1	0	0
		0	-1	0
		0	0	1
		0	0	-0.910782
	}
}
{Volume "gun2"
	{Box 9.06227 2.30781 0.79238}
	{Bone "gun_rot"}
	{Matrix34
		1	0	0
		0	0	-1
		0	1	0
		0.812925	0.271522	0.00207141
	}
}
{Volume "part1"
	{Box 5.55758 9.16755 2.26938}
	{Bone "part1"}
	{Matrix34
		0.999391	-0.0348992	0
		0.0348998	0.999391	0
		0	0	1
		1.62413	2.39831	-0.872905
	}
}
{Volume "part2"
	{Cylinder 1.78928 0.825746}
	{Bone "part2"}
	{Matrix34
		0.0189517	0.7892	-0.613844
		-0.00109659	0.613971	0.789328
		0.99982	-0.0142861	0.0125014
		-0.392817	1.76265	0.140388
	}
}
{Volume "part3"
	{Cylinder 1.80936 24.2429}
	{Bone "part3"}
	{Matrix34
		0	1	0
		0	0	1
		1	0	0
		0.135542	0.0486742	0.397305
	}
}
{Volume "part4"
	{Box 6.09926 2.55481 1.08848}
	{Bone "part4"}
	{Matrix34
		0.998981	0.0436943	0.0113334
		0.0119021	-0.0127633	-0.999848
		-0.0435424	0.998964	-0.0132702
		-2.94609	-0.0258441	-0.517481
	}
}
{Volume "part5"
	{Box 5.5831 4.72284 1.22781}
	{Bone "part5"}
	{Matrix34
		-0.996195	0.0871563	0
		0	0	1
		0.0871554	0.996195	0
		-2.43324	0.134351	1.33754
	}
}
