;Exported by: misan
;Date:        Mon Dec 18 17:18:11 2023
;File:        D:\Cold War\ModelWIP\Random Props\Deployed Ammo Bags\ammobag_usa_deployed.max
{Skeleton
	{bone "body"
		{Orientation
			1	0	0
			0	-1	0
			0	0	1
		}
		{VolumeView "body.ply"}
		{bone "bag2_sov"
			{Matrix34
				0.801087	-0.182726	0.569975
				0.222386	0.974959	0
				-0.555702	0.126754	0.821662
				-6.54837	-1.29489	5.06849
			}
			{VolumeView "bag2_sov.ply"}
		}
		{bone "bag_sov"
			{Matrix34
				-0.429042	-0.58903	-0.684811
				0.762212	-0.642914	0.0754589
				-0.484722	-0.489596	0.724804
				1.87972	2.12498	4.36801
			}
			{VolumeView "bag_sov.ply"}
		}
	}
}

{Volume "bagsov2"
	{Box 14.115 4.86706 2.64859}
	{Bone "bag2_sov"}
	{Position 0.00182843	0.0557985	-0.0868162}
}
{Volume "bagsov"
	{Box 8.27741 6.78749 3.60227}
	{Bone "bag_sov"}
	{Matrix34
		-0.143971	0.0632811	0.987557
		0.0499564	0.997146	-0.0566126
		-0.988321	0.041184	-0.146721
		-0.0233025	0.103531	-0.0317628
	}
}
{Volume "body"
	{Box 15.922 12.6395 4.39302}
	{Bone "body"}
	{Position 0.0801811	-1.37019	2.19651}
}
