;Exported by: misan
;Date:        Fri Jun 16 14:29:36 2023
;File:        D:\Cold War\ModelWIP\AIRCRAFT\Bomb Run.max
{Skeleton
	{animation
		{sequence "flyin_1" {speed 0.15}}
		{sequence "approach_1" {speed 0.15}}
		{sequence "flyout_1" {speed 0.15}}
		{sequence "flyin_2" {speed 0.15}}
		{sequence "approach_2" {speed 0.15}}
		{sequence "flyout_2" {speed 0.15}}
		{sequence "flyin_3" {speed 0.15}}
		{sequence "approach_3" {speed 0.15}}
		{sequence "flyout_3" {speed 0.15}}
		{sequence "flyin_4" {speed 0.15}}
		{sequence "approach_4" {speed 0.15}}
		{sequence "flyout_4" {speed 0.15}}
		{sequence "flyin_5" {speed 0.15}}
		{sequence "approach_5" {speed 0.15}}
		{sequence "flyout_5" {speed 0.15}}
		{sequence "flyin_6" {speed 0.15}}
		{sequence "approach_6" {speed 0.15}}
		{sequence "flyout_6" {speed 0.15}}
		{sequence "flyin_7" {speed 0.15}}
		{sequence "approach_7" {speed 0.15}}
		{sequence "flyout_7" {speed 0.15}}
		{sequence "flyin_8" {speed 0.15}}
		{sequence "approach_8" {speed 0.15}}
		{sequence "flyout_8" {speed 0.15}}
		{sequence "gear_up" {speed 0.2}}
		{sequence "open" {speed 0.2}}
	}
	{bone "basis"
		{Orientation
			1	0	0
			0	-1	0
			0	0	1
		}
		{bone "rand_rot"
			{bone "attach"
				{Position -9999.5	0	2246.53}
				{bone "body"
					{parameters "id=body;"}
					{Matrix34
						0.99863	0	-0.0523361
						0	1	0
						0.0523361	0	0.99863
						2.35449	0	47.0623
					}
					{VolumeView "body.ply"}
					{bone "canopy"
						{parameters "id=body;"}
						{Position 40.1875	0	-4.94995}
						{VolumeView "canopy.ply"}
						{bone "canopy_glass"
							{parameters "id=body;"}
							{VolumeView "canopy_glass.ply"}
						}
					}
					{bone "cockpit_glass"
						{parameters "id=body;"}
						{Position 88.6152	0	-6.22119}
						{VolumeView "cockpit_glass.ply"}
					}
					{bone "wingl"
						{parameters "id=body;"}
						{Position -21.5371	47.3405	-24.5632}
						{VolumeView "wingl.ply"}
						{bone "wingl2"
							{parameters "id=body;"}
							{Position -60.5088	40.2477	-3.8855}
							{VolumeView "wingl2.ply"}
							{bone "aileronl"
								{parameters "id=body;"}
								{Matrix34
									-0.601815	0.798635	0
									0	0	1
									0.798635	0.601815	0
									-14.8359	-0.512939	5.83655
								}
								{VolumeView "aileronl.ply"}
							}
							{bone "hardpoint_4"
								{Matrix34
									0.999391	0	-0.0348995
									0	1	0
									0.0348995	0	0.999391
									1.99902	4.40726	-7.21875
								}
							}
							{bone "wingtipl"
								{Matrix34
									0	-1	0
									0.0348994	0	0.999391
									-0.999391	0	0.0348994
									-12.2637	16.5986	4.44434
								}
							}
						}
						{bone "slatl"
							{parameters "id=body;"}
							{Matrix34
								0.743032	-0.669029	0.0174523
								0.0129695	-0.011678	-0.999848
								0.669131	0.743145	0
								-24.3643	22.0214	1.34949
							}
							{VolumeView "slatl.ply"}
						}
						{bone "flapl"
							{parameters "id=body;"}
							{Matrix34
								-0.573577	0.819152	0
								0	0	1
								0.819152	0.573576	0
								-46.3184	-3.18497	2.80054
							}
							{VolumeView "flapl.ply"}
						}
						{bone "gear_l"
							{parameters "id=body;"}
							{Position -31.6934	4.64708	2.58533}
							{VolumeView "gear_l.ply"}
							{bone "gear_l2"
								{parameters "id=body;"}
								{Matrix34
									0.788011	0.615661	0
									-0.615662	0.788011	0
									0	0	1
									0.293945	0.371513	-13.2986
								}
								{VolumeView "gear_l2.ply"}
							}
							{bone "wheell"
								{parameters "id=body;"}
								{Matrix34
									1	0	0
									0	0	-1
									0	1	0
									6.91602	-0.209	-39.3092
								}
								{VolumeView "wheell.ply"}
							}
						}
						{bone "gear_l_door2"
							{parameters "id=body;"}
							{Matrix34
								0.62932	-0.777146	0
								0.777146	0.62932	0
								0	0	1
								-32.4033	7.43669	1.16833
							}
							{VolumeView "gear_l_door2.ply"}
						}
						{bone "gear_l_door1"
							{parameters "id=body;"}
							{Matrix34
								0.995134	-0.0695866	-0.0697565
								0.0697566	0.997564	0
								0.0695865	-0.00486597	0.997564
								-0.670898	-31.4309	0.135742
							}
							{VolumeView "gear_l_door1.ply"}
						}
						{bone "hardpoint_2"
							{Matrix34
								0.999391	0	-0.0348995
								0	1	0
								0.0348995	0	0.999391
								-35.2432	14.629	-10.3475
							}
						}
						{bone "hardpoint_7"
							{Matrix34
								0.999391	0	-0.0348995
								0	1	0
								0.0348995	0	0.999391
								-35.2461	14.629	-10.3472
							}
						}
					}
					{bone "wingr"
						{parameters "id=body;"}
						{Position -21.5371	-47.4474	-24.5632}
						{VolumeView "wingr.ply"}
						{bone "slatr"
							{parameters "id=body;"}
							{Matrix34
								0.743032	0.669029	0.0174523
								0.0129697	0.0116778	-0.999848
								-0.669131	0.743145	0
								-24.4121	-22.0508	1.34912
							}
							{VolumeView "slatr.ply"}
						}
						{bone "wingr2"
							{parameters "id=body;"}
							{Position -60.5215	-40.2527	-3.8855}
							{VolumeView "wingr2.ply"}
							{bone "aileronr"
								{parameters "id=body;"}
								{Matrix34
									-0.601815	-0.798635	0
									0	0	1
									-0.798635	0.601815	0
									-15.0166	0.477493	5.83667
								}
								{VolumeView "aileronr.ply"}
							}
							{bone "hardpoint_3"
								{Matrix34
									0.999391	0	-0.0348995
									0	1	0
									0.0348995	0	0.999391
									2.01074	-4.43893	-7.21875
								}
							}
							{bone "wingtipr"
								{Matrix34
									0	-1	0
									0.0348994	0	0.999391
									-0.999391	0	0.0348994
									-12.248	-16.6862	4.53076
								}
							}
						}
						{bone "flapr"
							{parameters "id=body;"}
							{Matrix34
								-0.573577	-0.819152	0
								0	0	1
								-0.819152	0.573576	0
								-46.168	3.114	2.80054
							}
							{VolumeView "flapr.ply"}
						}
						{bone "gear_r_door2"
							{parameters "id=body;"}
							{Matrix34
								0.656059	0.75471	0
								-0.75471	0.656059	0
								0	0	1
								-32.7676	-7.76521	1.16833
							}
							{VolumeView "gear_r_door2.ply"}
						}
						{bone "gear_r_door1"
							{parameters "id=body;"}
							{Matrix34
								0.995134	0.0695865	-0.0697564
								-0.0697565	0.997564	0
								0.0695865	0.00486596	0.997564
								-0.670898	31.3903	0.135742
							}
							{VolumeView "gear_r_door1.ply"}
						}
						{bone "gear_r"
							{parameters "id=body;"}
							{Position -31.6406	-4.4984	2.58521}
							{VolumeView "gear_r.ply"}
							{bone "f105_wheelr"
								{parameters "id=body;"}
								{Matrix34
									1	0	0
									0	0	-1
									0	1	0
									6.91699	0.209145	-39.3093
								}
								{VolumeView "f105_wheelr.ply"}
							}
							{bone "f105_gear_r2"
								{parameters "id=body;"}
								{Matrix34
									0.788011	-0.615662	0
									0.615662	0.788011	0
									0	0	1
									0.293945	-0.473022	-13.2212
								}
								{VolumeView "f105_gear_r2.ply"}
							}
						}
						{bone "hardpoint_8"
							{Matrix34
								0.999391	0	-0.0348995
								0	1	0
								0.0348995	0	0.999391
								-35.2461	-14.6512	-10.3472
							}
						}
						{bone "hardpoint_1"
							{Matrix34
								0.999391	0	-0.0348995
								0	1	0
								0.0348995	0	0.999391
								-35.2432	-14.6512	-10.3475
							}
						}
					}
					{bone "rudder"
						{parameters "id=body;"}
						{Matrix34
							0.866026	0	0.5
							0	1	0
							-0.5	0	0.866026
							-167.984	0	16.1067
						}
						{VolumeView "rudder.ply"}
					}
					{bone "elevatorl"
						{parameters "id=body;"}
						{Position -160.174	14.4276	-33.2069}
						{VolumeView "elevatorl.ply"}
					}
					{bone "elevatorr"
						{parameters "id=body;"}
						{Position -160.163	-14.4425	-33.2068}
						{VolumeView "elevatorr.ply"}
					}
					{bone "engine"
						{parameters "id=body;"}
						{Position -179.679	0	-25.4685}
						{VolumeView "engine.ply"}
					}
					{bone "gear_f"
						{parameters "id=body;"}
						{Matrix34
							0.996195	0	0.0871557
							0	1	0
							-0.0871557	0	0.996195
							75.5684	1.84923	-36.5083
						}
						{VolumeView "gear_f.ply"}
						{bone "wheelf"
							{parameters "id=body;"}
							{Matrix34
								1	0	0
								0	0	-1
								0	1	0
								-1.2832	-1.82456	-31.696
							}
							{VolumeView "wheelf.ply"}
						}
						{bone "gear_f2"
							{parameters "id=body;"}
							{Position 1.94238	0.00645399	-11.3096}
							{VolumeView "gear_f2.ply"}
						}
					}
					{bone "gear_f_door2"
						{parameters "id=body;"}
						{Matrix34
							0.999391	0	0.0348993
							-0.0267344	0.642788	0.765578
							-0.0224328	-0.766044	0.642396
							85.7539	6.59001	-40.6262
						}
						{VolumeView "gear_f_door2.ply"}
					}
					{bone "gear_f_door1"
						{parameters "id=body;"}
						{Matrix34
							0.999391	0	0.0348993
							0.0267344	0.642788	-0.765578
							-0.0224328	0.766044	0.642396
							85.7539	-6.62235	-40.6262
						}
						{VolumeView "gear_f_door1.ply"}
					}
					{bone "hardpoint_5"
						{Matrix34
							0.999391	0	-0.0348995
							0	1	0
							0.0348995	0	0.999391
							-3.43555	0	-53.9846
						}
					}
					{bone "hardpoint_6"
						{Matrix34
							0.999391	0	-0.0348995
							0	1	0
							0.0348995	0	0.999391
							-33.5762	0	-52.932
						}
					}
					{bone "shooter_00"
						{Matrix34
							0.999391	0	-0.0348995
							0	1	0
							0.0348995	0	0.999391
							125.922	10.6953	-30.7473
						}
					}
					{bone "fxsmoke1"
						{Matrix34
							-0.999391	0	0.0348993
							0	-1	0
							0.0348993	0	0.999391
							-178.868	0	-25.7014
						}
					}
				}
			}
		}
	}
}
{Volume "body1"
	{Polyhedron "body1.vol"}
	{Bone "body"}
	{Matrix34
		0.999391	0	-0.0348993
		0	1	0
		0.0348993	0	0.999391
		-59.8877	-1.0504	-20.2694
	}
}
{Volume "body"
	{Cylinder 24.6275 372.857}
	{Bone "body"}
	{Matrix34
		0	-1	0
		0	0	1
		-1	0	0
		-6.91841	-0.146674	-24.5067
	}
}
