;Exported by: misan
;Date:        Sun Jan 21 07:52:26 2024
;File:        D:\Cold War\ModelWIP\West Germany\HS30\HS30 PzMrs 52-3.max
{Skeleton
	{bone "basis"
		{Orientation
			1	0	0
			0	-1	0
			0	0	1
		}
		{bone "body"
			{parameters "id=body;"}
			{Position -0.519913	0.0078587	18.8831}
			{VolumeView "body.ply"}
			{bone revolute "wheell1"
				{parameters "id=trackleft;Radius=0.3;"}
				{Matrix34
					-1	0	0
					0	0	1
					0	1	0
					48.0068	20.4764	-6.5067
				}
				{VolumeView "wheell1.ply"}
			}
			{bone revolute "wheell8"
				{parameters "id=trackleft;Radius=0.12;"}
				{Matrix34
					-1	0	0
					0	0	1
					0	1	0
					24.1083	21.1656	-4.55758
				}
				{VolumeView "wheell8.ply"}
			}
			{bone revolute "wheell9"
				{parameters "id=trackleft;Radius=0.12;"}
				{Matrix34
					-1	0	0
					0	0	1
					0	1	0
					8.3035	21.1656	-4.55758
				}
				{VolumeView "wheell9.ply"}
			}
			{bone revolute "wheell10"
				{parameters "id=trackleft;Radius=0.12;"}
				{Matrix34
					-1	0	0
					0	0	1
					0	1	0
					-21.1672	21.1656	-4.55758
				}
				{VolumeView "wheell10.ply"}
			}
			{bone revolute "wheell7"
				{parameters "id=trackleft;Radius=0.3;"}
				{Matrix34
					-1	0	0
					0	0	1
					0	1	0
					-41.1668	20.3807	-7.10975
				}
				{VolumeView "wheell7.ply"}
			}
			{bone revolute "wheelr1"
				{parameters "id=wheelright;Radius=0.3;"}
				{Matrix34
					-1	0	0
					0	0	1
					0	1	0
					48.0068	-20.3389	-6.5067
				}
				{VolumeView "wheelr1.ply"}
			}
			{bone revolute "wheelr8"
				{parameters "id=wheelright;Radius=0.12;"}
				{Matrix34
					-1	0	0
					0	0	1
					0	1	0
					24.1083	-21.0361	-4.55758
				}
				{VolumeView "wheelr8.ply"}
			}
			{bone revolute "wheelr9"
				{parameters "id=wheelright;Radius=0.12;"}
				{Matrix34
					-1	0	0
					0	0	1
					0	1	0
					8.3035	-21.0361	-4.55758
				}
				{VolumeView "wheelr9.ply"}
			}
			{bone revolute "wheelr10"
				{parameters "id=wheelright;Radius=0.12;"}
				{Matrix34
					-1	0	0
					0	0	1
					0	1	0
					-21.1672	-21.0361	-4.55758
				}
				{VolumeView "wheelr10.ply"}
			}
			{bone revolute "wheelr7"
				{parameters "id=wheelright;Radius=0.3;"}
				{Matrix34
					-1	0	0
					0	0	1
					0	1	0
					-41.1668	-20.0493	-7.10975
				}
				{VolumeView "wheelr7.ply"}
			}
			{bone "engine"
				{parameters "id=engine;"}
				{Matrix34
					1	0	0
					0	0	1
					0	-1	0
					-32.8084	1.45128e-05	1.04996
				}
				{VolumeView "engine.ply"}
				{bone "detail2"
					{Matrix34
						1	0	0
						0	0	-1
						0	1	0
						-12.8616	2.38479	-16.905
					}
					{VolumeView "detail2.ply"}
				}
				{bone "detail3"
					{Position -13.8269	5.56267	11.2056}
					{VolumeView "detail3.ply"}
				}
				{bone "fxfire1"
					{Matrix34
						1	0	0
						0	0	-1
						0	1	0
						2.85987	3.90719	8.56983
					}
				}
			}
			{bone "detail1"
				{parameters "id=body;"}
				{Position 24.0736	-22.6786	5.18808}
				{VolumeView "detail1.ply"}
			}
			{bone "smoke_shot6"
				{Matrix34
					-0.633022	0.111619	-0.766044
					-0.173648	-0.984808	0
					-0.754407	0.133022	0.642788
					48.7246	-12.5676	7.77529
				}
			}
			{bone "smoke_shot7"
				{Matrix34
					-0.582564	0.271654	-0.766044
					-0.422618	-0.906308	0
					-0.694272	0.323744	0.642788
					48.7246	-15.4073	7.77529
				}
			}
			{bone "smoke_shot1"
				{Matrix34
					-0.642788	0	-0.766044
					0	-1	0
					-0.766044	0	0.642788
					48.7246	9.88569	7.77529
				}
			}
			{bone "smoke_shot2"
				{Matrix34
					-0.633022	-0.111619	-0.766044
					0.173649	-0.984808	0
					-0.754406	-0.133023	0.642788
					48.7246	12.5385	7.77529
				}
			}
			{bone "smoke_shot8"
				{Matrix34
					-0.45452	0.454519	-0.766044
					-0.707107	-0.707107	0
					-0.541675	0.541675	0.642788
					48.7246	-18.3718	7.77529
				}
			}
			{bone "smoke_shot3"
				{Matrix34
					-0.582563	-0.271654	-0.766044
					0.422619	-0.906308	0
					-0.694272	-0.323745	0.642788
					48.7246	15.4287	7.77529
				}
			}
			{bone "smoke_shot4"
				{Matrix34
					-0.454519	-0.45452	-0.766045
					0.707107	-0.707107	0
					-0.541675	-0.541675	0.642788
					48.7246	18.2793	7.77529
				}
			}
			{bone "smoke_shot5"
				{Matrix34
					-0.642788	0	-0.766044
					0	-1	0
					-0.766044	0	0.642788
					48.7246	-9.90066	7.77529
				}
			}
			{bone "visor2"
				{Position 37.6244	10.3506	10.2705}
			}
			{bone "fxsmoke1"
				{Matrix34
					0	0	1
					0	1	0
					-1	0	0
					-53.0857	-3.8751	8.41209
				}
			}
			{bone "headlightr"
				{Position 53.6032	-12.8338	2.81375}
			}
			{bone "headlightl"
				{Position 53.6032	12.7568	2.81375}
			}
			{bone "fxstop2"
				{Matrix34
					-1	0	0
					0	-1	0
					0	0	1
					-52.2711	-22.3647	0.687624
				}
			}
			{bone "fxstop1"
				{Matrix34
					-1	0	0
					0	-1	0
					0	0	1
					-52.2711	22.3368	0.687624
				}
			}
			{bone "enumerator2"
				{Matrix34
					-1	0	0
					0	-0.573576	0.819152
					0	0.819152	0.573576
					-20.4647	21.4913	6.38039
				}
				{VolumeView "enumerator2.ply"}
			}
			{bone "enumerator1"
				{Matrix34
					1	0	0
					0	0.573576	0.819152
					0	-0.819152	0.573576
					-20.4647	-21.4986	6.38039
				}
				{VolumeView "enumerator1.ply"}
			}
			{bone "52-3"
				{parameters "id=body;"}
				{VolumeView "52-3.ply"}
				{bone "hatchleft_arms"
					{parameters "id=body;"}
					{Matrix34
						1	0	0
						0	0	1
						0	-1	0
						10.1419	11.0296	11.4383
					}
					{VolumeView "hatchleft_arms.ply"}
					{bone "hatchleft"
						{parameters "id=body;"}
						{Position -0.0388346	0.0373592	6.21963}
						{VolumeView "hatchleft.ply"}
					}
				}
				{bone "hatchright_arms"
					{parameters "id=body;"}
					{Matrix34
						1	0	0
						0	0	1
						0	-1	0
						10.1419	-11.0415	11.4383
					}
					{VolumeView "hatchright_arms.ply"}
					{bone "hatchright"
						{parameters "id=body;"}
						{Position -0.0388489	0.0373459	-6.29224}
						{VolumeView "hatchright.ply"}
					}
				}
				{bone "krh36"
					{parameters "id=body;"}
					{Position 1.83564	-0.0078587	-2.90946}
					{VolumeView "krh36.ply"}
					{bone "charger"
						{Matrix34
							0.866025	-0.5	0
							0.5	0.866025	0
							0	0	1
							12.616	12.8089	-5.3036
						}
					}
					{bone revolute "foresight"
						{limits -25 20}
						{Matrix34
							0.573577	0	0.819152
							-0.819152	0	0.573577
							0	-1	0
							13.1624	0	18.1729
						}
					}
					{bone "gunner"
						{Matrix34
							-0.104528	0.994522	0
							-0.994522	-0.104528	0
							0	0	1
							4.85685	-9.9796	-5.3036
						}
					}
				}
				{bone "cover_rear"
					{parameters "id=body;"}
					{Matrix34
						-1	0	0
						0	-1	0
						0	0	1
						-7.12391	-17.4678	12.4962
					}
					{VolumeView "cover_rear.ply"}
				}
				{bone "hatchcenter"
					{parameters "id=body;"}
					{Position -1.18698	-0.00287656	12.3728}
					{VolumeView "hatchcenter.ply"}
				}
				{bone "cover_driver"
					{parameters "id=body;"}
					{Position 29.0171	19.2491	10.0335}
					{VolumeView "cover_driver.ply"}
				}
				{bone "mgun_mount"
					{Position 29.0706	-13.3718	9.59599}
					{VolumeView "mgun_mount.ply"}
					{bone revolute "mgun_rot_h"
						{limits -45 7}
						{Position 4.95911e-05	-0.00669098	2.89001}
						{VolumeView "mgun_rot_h.ply"}
						{bone revolute "mgun_rot_h2"
							{limits -5 5}
							{Position 7.91878	0.0445099	1.73938}
							{bone revolute "mgun_rot_v"
								{limits -10 8}
								{Matrix34
									1	0	0
									0	0	1
									0	-1	0
									-0.331757	-0.0485249	1.13639
								}
								{bone "mgun_help"
									{Position -10.49	-0.805084	-0.00542068}
								}
							}
							{bone "shield1"
								{parameters "id=shield1;"}
								{Position -1.31109	-0.0314713	1.97478}
								{VolumeView "shield1.ply"}
								{bone "shield2"
									{parameters "id=shield2;"}
									{Matrix34
										0.997564	0	0.0697561
										0	1	0
										-0.0697561	0	0.997564
										3.01255	0	-4.58845
									}
									{VolumeView "shield2.ply"}
								}
							}
						}
						{bone "gunner2"
							{Position -11.6409	0.425143	-20.7711}
						}
					}
				}
			}
			{bone "fxfire5"
				{Position 9.96842	-0.0078587	-1.37947}
			}
		}
		{bone "wheelsl"
			{Position 0	15.7886	6.31093}
			{bone "fxtracel1"
				{Matrix34
					0	-1	0
					0	0	1
					-1	0	0
					29.7169	5.34943	-6.25369
				}
			}
			{bone "fxtracel2"
				{Matrix34
					0	-1	0
					0	0	1
					-1	0	0
					0.0263317	5.34943	-6.25369
				}
			}
			{bone "fxtracel3"
				{Matrix34
					0	-1	0
					0	0	1
					-1	0	0
					-30.1016	5.34943	-6.25369
				}
			}
			{bone "trackl"
				{parameters "id=trackleft;"}
				{Matrix34
					1	0	0
					0	0	1
					0	-1	0
					2.98027	5.39277	3.18984
				}
				{VolumeView "trackl.ply"}
			}
			{bone prizmatic "suspension_l5"
				{limits -0.1 0.1}
				{Position -29.8142	-0.00213051	0.903819}
				{bone revolute "wheell6"
					{parameters "id=trackleft;Radius=0.3;"}
					{Matrix34
						-1	0	0
						0	0	1
						0	1	0
						-0.00354767	5.56342	0.0781002
					}
					{VolumeView "wheell6.ply"}
				}
			}
			{bone prizmatic "suspension_l4"
				{limits -0.1 0.1}
				{Position -14.2156	-0.00213051	0.903819}
				{bone revolute "wheell5"
					{parameters "id=trackleft;Radius=0.3;"}
					{Matrix34
						-1	0	0
						0	0	1
						0	1	0
						0.0123119	5.56342	0.0781002
					}
					{VolumeView "wheell5.ply"}
				}
			}
			{bone prizmatic "suspension_l3"
				{limits -0.1 0.1}
				{Position 0.106016	-0.00213051	0.903819}
				{bone revolute "wheell4"
					{parameters "id=trackleft;Radius=0.3;"}
					{Matrix34
						-1	0	0
						0	0	1
						0	1	0
						0.0154293	5.56342	0.0781002
					}
					{VolumeView "wheell4.ply"}
				}
			}
			{bone prizmatic "suspension_l2"
				{limits -0.1 0.1}
				{Position 15.4892	-0.00213051	0.903819}
				{bone revolute "wheell3"
					{parameters "id=trackleft;Radius=0.3;"}
					{Matrix34
						-1	0	0
						0	0	1
						0	1	0
						-0.00302887	5.56342	0.0781002
					}
					{VolumeView "wheell3.ply"}
				}
			}
			{bone prizmatic "suspension_l1"
				{limits -0.1 0.1}
				{Position 31.6618	-0.00213051	0.903819}
				{bone revolute "wheell2"
					{parameters "id=trackleft;Radius=0.3;"}
					{Matrix34
						-1	0	0
						0	0	1
						0	1	0
						-0.000663757	5.56342	0.0781002
					}
					{VolumeView "wheell2.ply"}
				}
			}
		}
		{bone "wheelsr"
			{Position 0	-15.7213	6.31093}
			{bone "fxtracer1"
				{Matrix34
					0	-1	0
					0	0	1
					-1	0	0
					29.7169	-5.32148	-6.25369
				}
			}
			{bone "fxtracer2"
				{Matrix34
					0	-1	0
					0	0	1
					-1	0	0
					0.0263303	-5.32148	-6.25369
				}
			}
			{bone "fxtracer3"
				{Matrix34
					0	-1	0
					0	0	1
					-1	0	0
					-30.1016	-5.32148	-6.25369
				}
			}
			{bone "trackr"
				{parameters "id=wheelright;"}
				{Matrix34
					1	0	0
					0	0	1
					0	-1	0
					2.98027	-5.33231	3.18984
				}
				{VolumeView "trackr.ply"}
			}
			{bone prizmatic "suspension_r1"
				{limits -0.1 0.1}
				{Position 31.6618	0.06991	0.903819}
				{bone revolute "wheelr2"
					{parameters "id=wheelright;Radius=0.3;"}
					{Matrix34
						-1	0	0
						0	0	1
						0	1	0
						-0.000663757	-5.58638	0.0780983
					}
					{VolumeView "wheelr2.ply"}
				}
			}
			{bone prizmatic "suspension_r2"
				{limits -0.1 0.1}
				{Position 15.4892	0.06991	0.903819}
				{bone revolute "wheelr3"
					{parameters "id=wheelright;Radius=0.3;"}
					{Matrix34
						-1	0	0
						0	0	1
						0	1	0
						-0.00302887	-5.58638	0.0780983
					}
					{VolumeView "wheelr3.ply"}
				}
			}
			{bone prizmatic "suspension_r3"
				{limits -0.1 0.1}
				{Position 0.106015	0.06991	0.903819}
				{bone revolute "wheelr4"
					{parameters "id=wheelright;Radius=0.3;"}
					{Matrix34
						-1	0	0
						0	0	1
						0	1	0
						0.015429	-5.58638	0.0780983
					}
					{VolumeView "wheelr4.ply"}
				}
			}
			{bone prizmatic "suspension_r4"
				{limits -0.1 0.1}
				{Position -14.2156	0.06991	0.903819}
				{bone revolute "wheelr5"
					{parameters "id=wheelright;Radius=0.3;"}
					{Matrix34
						-1	0	0
						0	0	1
						0	1	0
						0.01231	-5.58638	0.0780983
					}
					{VolumeView "wheelr5.ply"}
				}
			}
			{bone prizmatic "suspension_r5"
				{limits -0.1 0.1}
				{Position -29.8142	0.06991	0.903819}
				{bone revolute "wheelr6"
					{parameters "id=wheelright;Radius=0.3;"}
					{Matrix34
						-1	0	0
						0	0	1
						0	1	0
						-0.00354385	-5.58638	0.0780983
					}
					{VolumeView "wheelr6.ply"}
				}
			}
		}
		{bone "emit2"
			{Matrix34
				0	1	0
				-1	0	0
				0	0	1
				7.2426	-42.251	0
			}
		}
		{bone "emit0"
			{Matrix34
				0	-1	0
				1	0	0
				0	0	1
				34.4841	38.9966	0
			}
		}
		{bone "emit1"
			{Matrix34
				0.087156	-0.996195	0
				0.996195	0.087156	0
				0	0	1
				5.54691	40.9758	0
			}
		}
	}
}