;Exported by: Administrator
;Date:        Mon Oct 31 00:02:34 2016
;File:        E:\大头叔叔解放军\大头原创50解放军坦克兵\datou-50pla-tanke.max
{Skeleton
	{bone revolute "basis"
		{limits -30 30}
		{speed 0.1}
		{Orientation
			1	0	0
			0	-1	0
			0	0	1
		}
		{bone "body"
			{Matrix34
				0	0	1
				0	-1	0
				1	0	0
				0	0.0344553	19.9224
			}
			{bone "foot1l"
				{Matrix34
					-0.993111	-0.0601053	0.100586
					0.100278	0.00813626	0.994926
					0.0606188	-0.998159	0.00205299
					-0.143509	-2.13095	-0.488995
				}
				{bone "foot2l"
					{Matrix34
						0.959232	-0.282621	-0.000149559
						0.282621	0.959232	-5.65043e-005
						0.000159413	1.18064e-005	1
						9.37838	-0.0471725	0
					}
					{bone "bone06"
						{Matrix34
							0.22138	0.973964	0.0488401
							-0.972284	0.216582	0.0880677
							0.0751968	-0.0669829	0.994916
							8.74023	0.113252	0.00567889
						}
					}
					{bone "foot3l"
						{Matrix34
							0.109991	0.968328	0.224149
							0.0345016	-0.229101	0.972791
							0.993333	-0.0992653	-0.0586081
							9.2003	-0.34629	-0.0729973
						}
						{bone "bone07"
							{Position 2.60015	0	0}
						}
					}
				}
			}
			{bone "foot1r"
				{Matrix34
					-0.992812	0.0756357	0.0927591
					0.0922938	-0.00963186	0.995685
					0.0762027	0.997089	0.00258193
					-0.143518	2.17103	-0.488755
				}
				{bone "foot2r"
					{Matrix34
						0.963729	-0.266884	-0.000179142
						0.266884	0.963729	-6.74678e-005
						0.000190847	1.71093e-005	1
						9.37831	-0.047232	0
					}
					{bone "bone03"
						{Matrix34
							0.221381	0.973964	0.04884
							-0.972284	0.216582	0.0880676
							0.075197	-0.0669829	0.994916
							8.74023	0.113252	0.00568008
						}
					}
					{bone "foot3r"
						{Matrix34
							0.121781	0.963172	0.239726
							-0.045329	0.246668	-0.968039
							-0.991521	0.107023	0.073699
							9.2003	-0.346289	-0.0729959
						}
						{bone "bone05"
							{Position 2.60015	0	0}
						}
					}
				}
			}
			{bone revolute "ik_leftright"
				{limits -20 20}
				{speed 0.1}
				{Matrix34
					0	0	1
					0	-1	0
					1	0	0
					1.90368	0.0344548	0
				}
				{bone revolute "ik_updown"
					{limits -40 20}
					{speed 0.1}
					{Matrix34
						1	0	0
						0	0	1
						0	-1	0
						0	0	1.66801
					}
					{bone "head"
						{Matrix34
							1	0	0
							0	0	-1
							0	1	0
							-0.05	7.25	0
						}
						{bone "visor"
							{Matrix34
								1	0	0
								0	1	0
								0	0	1
								2.31916	0	2.33291
							}
						}
					}
					{bone "gun_back"
						{Matrix34
							0.0064783	0.996053	0.0885295
							-0.106389	0.0887156	-0.990359
							-0.994303	-0.00300279	0.106544
							-4.16774	-4.2536	2.42593
						}
					}
					{bone "clavicle_right"
						{Position -0.795348	6.12487	0.0446857}
						{bone "hand1r"
							{Matrix34
								0.0199894	-0.797603	0.602852
								0.895515	-0.253841	-0.365538
								0.444582	0.54717	0.709191
								0.0503405	-0.225973	2.95337
							}
							{bone "hand2r"
								{Matrix34
									0.986468	0.163953	0
									-0.163953	0.986468	0
									0	0	1
									6.26812	0	0
								}
								{bone "hand3r"
									{Matrix34
										0.982611	-0.185677	0
										0.185677	0.982611	0
										0	0	1
										5.19218	0	0
									}
								}
								{bone "right_hand"
									{Matrix34
										0.997179	0.0750639	0.000306278
										-0.0690742	0.915993	0.395203
										0.029385	-0.394109	0.918594
										6.26416	1.39944	0.337034
									}
								}
								{bone "hand_rot1r"
									{Matrix34
										0.00333587	-0.999958	0.00855804
										-0.999992	-0.00331792	0.00210735
										-0.00207868	-0.0085649	-0.999961
										5.19225	0	0
									}
									{bone "palm1r"
										{Matrix34
											-0.987462	-0.121604	-0.100652
											-0.0703693	-0.231655	0.97025
											-0.141302	0.965167	0.220194
											0.12139	-0.163001	0.149549
										}
										{bone "palm2r_hide"
											{Matrix34
												-0.00761925	0.507054	-0.861881
												0.00254699	0.861913	0.50705
												0.999968	0.00166926	-0.00786111
												0.146145	0.242287	-1.25751
											}
											{bone "palm3r_hide"
												{Matrix34
													0.576833	0.816862	0
													-0.816862	0.576833	0
													0	0	1
													0.581881	-0.000115395	0
												}
												{bone "palm4r_hide"
													{Matrix34
														1	0	0
														0	1	0
														0	0	1
														0.53446	0	0
													}
												}
											}
										}
										{bone "palm2r"
											{Matrix34
												-0.00762096	0.507054	-0.86188
												0.00254615	0.861913	0.50705
												0.999968	0.00166757	-0.00786005
												0.146145	0.242287	-1.25751
											}
											{bone "palm3r"
												{Matrix34
													0.576833	0.816862	0
													-0.816862	0.576832	0
													0	0	1
													0.581881	-0.000115395	0
												}
											}
										}
									}
								}
							}
						}
					}
					{bone "clavicle_left"
						{Position -0.795276	6.12487	-0.0446693}
						{bone "hand1l"
							{Matrix34
								-0.0460628	-0.75198	-0.657574
								0.910574	-0.302294	0.281909
								-0.410771	-0.585785	0.698659
								0.0503408	-0.225973	-2.95274
							}
							{bone "hand2l"
								{Matrix34
									0.909459	0.415792	0
									-0.415793	0.909459	0
									0	0	1
									6.26813	0	0
								}
								{bone "hand3l"
									{Matrix34
										0.982611	-0.185677	0
										0.185676	0.982611	0
										0	0	1
										5.19218	0	0
									}
								}
								{bone "left_hand"
									{Matrix34
										0.275672	0.823505	-0.495827
										0.00418857	-0.516838	-0.856073
										-0.961242	0.233919	-0.145927
										5.99778	-0.667303	0.409925
									}
								}
								{bone "hand_rot1l"
									{Matrix34
										0.00130219	-0.999931	0.0116371
										-0.999999	-0.00131422	-0.00103858
										0.00105357	-0.0116362	-0.999932
										5.25744	-0.000656605	-0.00161934
									}
									{bone "palm1l"
										{Matrix34
											0.965404	0.249251	-0.0766088
											-0.0261253	-0.199862	-0.979476
											-0.259446	0.947591	-0.186435
											0.0886893	-0.337658	-0.09161
										}
										{bone "palm2l"
											{Matrix34
												-0.00577766	0.491339	-0.870949
												-0.00434556	-0.870968	-0.491321
												-0.999974	0.000947021	0.00716652
												-0.0738363	0.242493	-1.26342
											}
											{bone "palm3l"
												{Matrix34
													0.578449	-0.815719	0
													0.815719	0.578449	0
													0	0	1
													0.578551	0.000165939	0
												}
											}
										}
										{bone "palm2l_hide"
											{Matrix34
												-0.00577789	0.491339	-0.870949
												-0.00434506	-0.870967	-0.491322
												-0.999974	0.000947528	0.00716653
												-0.0738368	0.242493	-1.26342
											}
											{bone "palm3l_hide"
												{Matrix34
													0.578448	-0.815718	0
													0.815719	0.578449	0
													0	0	1
													0.578552	0.000165939	0
												}
												{bone "palm4l_hide"
													{Matrix34
														1	0	0
														0	1	0
														0	0	1
														0.511902	-3.43323e-005	0
													}
												}
											}
										}
									}
								}
							}
						}
					}
				}
			}
			{bone revolute "placement"
				{Matrix34
					0	1	0
					-1	0	0
					0	0	1
					0.783108	0	0
				}
			}
		}
		{bone "ik_chain05"
			{Position 0.245003	-9.55341	20.0921}
		}
		{bone "ik_chain03"
			{Matrix34
				1	0	0
				0	-1	0
				0	0	1
				-1.09561	3.2589	1.86587
			}
		}
		{bone "ik_chain04"
			{Matrix34
				1	0	0
				0	-1	0
				0	0	1
				3.29347	4.46792	0.0514984
			}
		}
		{bone "ik_chain02"
			{Position 3.29347	-4.8356	0.0514994}
		}
		{bone "ik_chain01"
			{Position -1.09561	-3.51128	1.86587}
		}
		{bone "ik_chain06"
			{Position 0.714638	9.61567	20.4759}
		}
		{bone revolute "foresight2rot"
			{limits -20 20}
			{speed 0.1}
			{Position 13.7429	0.0246876	27.5947}
		}
		{bone "palm_ik_holder_right02"
			{Matrix34
				0.166541	-0.534763	-0.828428
				0.88012	0.459431	-0.119637
				0.444582	-0.709191	0.54717
				-0.619712	-6.7768	24.3935
			}
			{bone "palm_ik_holder_right01"
				{Matrix34
					0.00333642	-0.999958	0.00855836
					-0.999992	-0.00331813	0.00210705
					-0.00207883	-0.00856479	-0.999961
					5.19224	0	0
				}
				{bone "palm_ik_holder_right"
					{Matrix34
						-0.987462	-0.121604	-0.100651
						-0.0703696	-0.231655	0.97025
						-0.141303	0.965168	0.220194
						0.119855	-0.164879	0.148729
					}
					{bone "ik_chain07"
						{Matrix34
							0.999955	0.00324081	-0.00886278
							2.78279e-005	0.938189	0.346125
							0.0094368	-0.346109	0.938147
							0.138651	1.07072	-1.80207
						}
					}
				}
			}
		}
		{bone "palm_ik_holder_left02"
			{Matrix34
				0.336718	0.480821	-0.809588
				0.847283	-0.529799	0.0377436
				-0.410771	-0.698659	-0.585784
				-1.03366	7.11916	24.6795
			}
			{bone "palm_ik_holder_left01"
				{Matrix34
					0.00130206	-0.999932	0.0116374
					-0.999999	-0.00131394	-0.00103843
					0.00105369	-0.011636	-0.999932
					5.25744	-0.000658274	-0.00162125
				}
				{bone "palm_ik_holder_left"
					{Matrix34
						0.965404	0.24925	-0.0766092
						-0.0261247	-0.199861	-0.979476
						-0.259446	0.947591	-0.186436
						0.0856133	-0.338799	-0.0894661
					}
					{bone "ik_chain08"
						{Matrix34
							0.999967	-0.00286259	0.00758426
							0.000204444	0.944171	0.329455
							-0.00810458	-0.329442	0.944141
							-0.0736456	1.03671	-1.81879
						}
					}
				}
			}
		}
		{bone "skin"
			{Matrix34
				0.906308	0	-0.422618
				0	-1	0
				0.422618	0	0.906308
				0.992398	36.331	26.9396
			}
			{VolumeView "skin.ply"}
		}
	}
}
