;Exported by: ubrashaev
;Date:        Fri Mar 11 23:28:13 2016
;File:        E:\work\0.KRIS\vehicles\ural4320\ural_xx_export.max
{Skeleton
	{bone "basis"
		{Orientation
			1	0	0
			0	-1	0
			0	0	1
		}
		{bone "body"
			{parameters "ID=body;"}
			{Position -1.62541	0.0721168	12.8599}
			{VolumeView "body.ply"}
			{bone "part6"
				{Matrix34
					-0.859307	0.51146	0
					-0.51146	-0.859307	0
					0	0	1
					35.15	19.1542	18.7679
				}
				{VolumeView "part6.ply"}
			}
			{bone "part8"
				{Matrix34
					-0.470437	-0.882433	0
					0.882433	-0.470437	0
					0	0	1
					34.9614	-18.5473	18.3562
				}
				{VolumeView "part8.ply"}
				{bone "part7"
					{Matrix34
						-0.99828	-0.0586213	-0.0012388
						0.0586343	-0.998057	-0.0210913
						0	-0.0211277	0.999777
						8.44067	-0.171558	-7.07953
					}
				}
			}
			{bone "engine"
				{parameters "ID=engine;"}
				{Matrix34
					-0.982452	0	-0.186514
					0	-1	0
					-0.186514	0	0.982452
					41.4677	0.282208	27.7644
				}
				{VolumeView "engine.ply"}
			}
			{bone "part1"
				{Position 10.0718	12.351	15.0902}
				{VolumeView "part1.ply"}
			}
			{bone "part2"
				{Position 6.13841	18.5094	6.93811}
				{VolumeView "part2.ply"}
			}
			{bone "part3"
				{Position -19.0116	20.5004	18.7635}
				{VolumeView "part3.ply"}
			}
			{bone "part5"
				{VolumeView "part5.ply"}
			}
		}
				{bone revolute "pivot_back"
			{Position -52.5377	0.0148638	11.6022}
		}
		{bone "pivot_front"
			{Position 44.9914	0.000766686	12.0777}
		}
	}
}
{Volume "body1"
	{Polyhedron "body1.vol"}
	{Bone "body"}
	{Position 42.1325	-0.0720863	0.337561}
}
{Volume "body2"
	{Polyhedron "body2.vol"}
	{Bone "body"}
	{Matrix34
		-1	0	0
		0	0	1
		0	1	0
		-0.895354	-4.9228	14.0164
	}
}
{Volume "body"
	{Polyhedron "body.vol"}
	{Bone "body"}
	{Position 29.4931	-0.0720821	-1.12479}
}
{Volume "part1"
	{Box 7.52877 13.7784 7.29558}
	{Bone "part1"}
	{Position 0.0438786	0.0109043	-0.360224}
}
{Volume "part2"
	{Box 12.7989 16.5341 8.90644}
	{Bone "part2"}
	{Matrix34
		0	1	0
		-1	0	0
		0	0	1
		0.22509	-0.349058	-0.776958
	}
}
{Volume "part3"
	{Box 37.4803 5.71084 1.52914}
	{Bone "part3"}
	{Position 0	-0.505489	4.02987}
}
{Volume "part5"
	{Box 77.8169 0.499152 2.39604}
	{Bone "part5"}
	{Position -33.8059	-22.746	31.7175}
}
{Volume "part6"
	{Box 16.3314 3.39948 25.0745}
	{Bone "part6"}
	{Matrix34
		-0.998194	0.0600482	-0.00176888
		-0.0600743	-0.997761	0.0293917
		0	0.0294449	0.999566
		8.3042	0.432489	5.19714
	}
}
