;Exported by:	 TigerF
;Date:			 17.01.2021 12:04:34
;File:			 D:\PROGRAMS\3ds_max\3dsmax9_saves\scenes\Early WW2 tanks\russian\bs3\100mm_BS-3_xx.max
{skeleton
	{bone revolute "basis"
		{orientation
			1 	 0 	 0
			0 	 -1 	 0
			0 	 0 	 1
		}
		{bone "body"
			{parameters "id=body;"}
			{matrix34
				0.9994 	 -0.0051 	 -0.0345
				-0.0012 	 0.9835 	 -0.1811
				0.0349 	 0.181 	 0.9829
				0.0005 	 0.0003 	 3.364
			}
			{VolumeView "body.ply"}
			{bone "part1"
				{parameters "id=part1;"}
				{matrix34
					0.9984 	 0.0151 	 -0.0537
					-0.0051 	 0.9835 	 0.181
					0.0556 	 -0.1805 	 0.982
					-10.5475 	 10.1178 	 1.75
				}
				{VolumeView "part1.ply"}
			}
			{bone "part2"
				{parameters "id=part2;"}
				{matrix34
					0.9994 	 -0.0012 	 0.0349
					-0.0051 	 0.9835 	 0.181
					-0.0345 	 -0.1811 	 0.9829
					-10.5475 	 -10.1184 	 1.75
				}
				{VolumeView "part2.ply"}
			}
			{bone "part3"
				{parameters "id=part3;"}
				{matrix34
					0.9994 	 -0.0012 	 0.0349
					-0.0051 	 0.9835 	 0.181
					-0.0345 	 -0.1811 	 0.9829
					-4.0107 	 0.5857 	 13.1694
				}
				{VolumeView "part3.ply"}
			}
			{bone revolute "part4"
				{parameters "id=part4;"}
				{matrix34
					0.9994 	 -0.0012 	 0.0349
					-0.0051 	 0.9835 	 0.181
					-0.0345 	 -0.1811 	 0.9829
					-6.9595 	 24.5788 	 5.6031
				}
				{LODView
					{VolumeView "part4.ply"}
					{VolumeView "part4_lod1.ply"}
				}
			}
			{bone "part5"
				{parameters "id=part5;"}
				{matrix34
					0.9994 	 -0.0012 	 0.0349
					-0.0051 	 0.9835 	 0.181
					-0.0345 	 -0.1811 	 0.9829
					-7.8444 	 5.1773 	 14.32
				}
				{VolumeView "part5.ply"}
			}
			{bone "part6"
				{parameters "id=part6;"}
				{matrix34
					0.9994 	 -0.0012 	 0.0349
					-0.0051 	 0.9835 	 0.181
					-0.0345 	 -0.1811 	 0.9829
					0.1054 	 -18.5364 	 -3.6671
				}
				{LODView
					{VolumeView "part6.ply"}
					{VolumeView "part6_lod1.ply"}
				}
			}
			{bone "part7"
				{parameters "id=part7;"}
				{matrix34
					0.9994 	 -0.0012 	 0.0349
					-0.0051 	 0.9835 	 0.181
					-0.0345 	 -0.1811 	 0.9829
					-3.7654 	 0.799 	 12.4292
				}
				{VolumeView "part7.ply"}
			}
		}
	}
}
{obstacle "obstacle"
	{obb2
		{center 0.0865221 0.602309}
		{extent 9.19674 23.0682}
		{axis 1 0}
	}
	{rotate}
}
{volume "barrel3"
	{box 52.7466 3.71725 6.78463}
	{bone "body"}
	{matrix34
		0.9512 	 0.3005 	 -0.0701
		0.0565 	 0.0538 	 0.997
		0.3033 	 -0.9523 	 0.0342
		-5.9177 	 -0.0388 	 7.1681
	}
}
{volume "body1"
	{polyhedron "body1.vol"}
	{bone "body"}
	{Position -5.4429 	 0.007 	 2.6645}
}
{volume "body2"
	{polyhedron "body2.vol"}
	{bone "body"}
	{Position -3.122 	 0.37 	 8.0801}
}
{volume "part1"
	{box 73.0832 4.29021 3.54934}
	{bone "part1"}
	{matrix34
		0.9636 	 -0.2162 	 0.157
		-0.1408 	 0.0886 	 0.9861
		-0.2271 	 -0.9723 	 0.0549
		-35.5865 	 7.525 	 -2.8165
	}
}
{volume "part2"
	{box 73.0832 4.29021 3.54934}
	{bone "part2"}
	{matrix34
		0.9426 	 0.3226 	 0.0867
		-0.0996 	 0.0237 	 0.9947
		0.3188 	 -0.9462 	 0.0545
		-34.0447 	 -11.5866 	 -0.2477
	}
}
{volume "part3"
	{polyhedron "part3.vol"}
	{bone "part3"}
	{Position -0.2745 	 -0.3345 	 -1.0733}
}
{volume "part4"
	{cylinder 6.17011 8.42146}
	{bone "part4"}
	{matrix34
		0.9992 	 0.0072 	 -0.0387
		-0.0083 	 0.9996 	 -0.0287
		0.0385 	 0.029 	 0.9988
		0.0277 	 -0.2294 	 -0.1089
	}
}
{volume "part5"
	{cylinder 1.46744 13.6879}
	{bone "part5"}
	{matrix34
		0.8413 	 -0.0002 	 0.5405
		-0.0138 	 0.9997 	 0.0219
		-0.5404 	 -0.0259 	 0.841
		-0.4001 	 0.0437 	 0.7672
	}
}
{volume "part6"
	{cylinder 6.4411 8.61546}
	{bone "part6"}
	{matrix34
		-1 	 0 	 0
		0 	 0.265 	 0.9643
		0 	 0.9643 	 -0.265
		-0.0303 	 -0.0836 	 -0.2119
	}
}
{volume "part7"
	{cylinder 1.8744 104.496}
	{bone "part7"}
	{matrix34
		-0.3145 	 0.7354 	 -0.6002
		-0.0366 	 0.6224 	 0.7818
		0.9485 	 0.2679 	 -0.1689
		22.1021 	 6.2389 	 -3.8945
	}
}
{volume "shield_lower"
	{box 0.320454 7.38708 22.1122}
	{bone "body"}
	{matrix34
		0.2941 	 -0.1712 	 0.9403
		-0.9544 	 0 	 0.2985
		-0.0511 	 -0.9852 	 -0.1634
		4.4231 	 0.1434 	 -1.3117
	}
}
