;Exported by:	 TigerF
;Date:			 22.05.2018 20:13:04
;File:			 D:\PROGRAMS\3ds_max\3dsmax9_saves\scenes\Early WW2 tanks\germany\sdkfz10\ammo_trailer_x.max
{skeleton
	{bone "basis"
		{parameters "wheelradius=0.38;"}
		{orientation
			1 	 0 	 0
			0 	 -1 	 0
			0 	 0 	 1
		}
		{bone "link1"
			{matrix34
				-1 	 0 	 0
				0 	 0 	 1
				0 	 1 	 0
				-28.668 	 0 	 12.8334
			}
		}
		{bone "body"
			{parameters "id=body;"}
			{animation
				{sequence "break" {file "body_b.anm"}{speed 0.7}}
			}
			{matrix34
				0.9962 	 0 	 0.0872
				0 	 1 	 0
				-0.0872 	 0 	 0.9962
				1.057 	 0.0002 	 8.5204
			}
			{VolumeView "body.ply"}
			{bone "box"
				{parameters "id=box;"}
				{Position 14.2848 	 0.0002 	 2.9571}
				{VolumeView "box.ply"}
			}
			{bone "1"
				{matrix34
					0.7986 	 0 	 -0.6018
					0 	 1 	 0
					0.6018 	 0 	 0.7986
					-17.8668 	 0.0011 	 0.5865
				}
				{VolumeView "1.ply"}
			}
		}
		{bone "pivot_front"
			{Position -2.9539 	 0 	 8.7737}
			{bone revolute "roller_01_joint"
				{parameters "id=wheelleft;"}
				{limits -12 12}
				{matrix34
					1 	 0 	 0
					0 	 0 	 1
					0 	 -1 	 0
					-0.0454 	 12.4148 	 -1.4716
				}
				{bone "roller_01"
					{parameters "radius=0.38;id=wheelleft;"}
					{Position 4.0094 	 -0.3208 	 0}
					{bone revolute "wheelleft"
						{parameters "id=wheelleft;radius=0.38;"}
						{matrix34
							1 	 0 	 0
							0 	 -1 	 0
							0 	 0 	 -1
							0.0422 	 0.0224 	 -3.9344
						}
						{VolumeView "wheelleft.ply"}
					}
				}
			}
			{bone revolute "roller_02_joint"
				{parameters "id=wheelright;"}
				{limits -12 12}
				{matrix34
					1 	 0 	 0
					0 	 0 	 1
					0 	 -1 	 0
					-0.0454 	 -13.6221 	 -1.4716
				}
				{bone "roller_02"
					{parameters "radius=0.38;id=wheelright;"}
					{Position 4.0094 	 -0.3208 	 0}
					{bone revolute "wheelright"
						{parameters "id=wheelright;radius=0.38;"}
						{matrix34
							1 	 0 	 0
							0 	 -1 	 0
							0 	 0 	 -1
							0.0422 	 0.0224 	 2.7845
						}
						{VolumeView "wheelright.ply"}
					}
				}
			}
		}
		{bone "springr"
			{parameters "id=body;"}
			{matrix34
				0.9962 	 0 	 0.0872
				0 	 1 	 0
				-0.0872 	 0 	 0.9962
				-3.0946 	 -13.1146 	 8.4597
			}
			{VolumeView "springr.ply"}
		}
		{bone "springl"
			{parameters "id=body;"}
			{matrix34
				0.9962 	 0 	 0.0872
				0 	 1 	 0
				-0.0872 	 0 	 0.9962
				-3.0947 	 13.0798 	 8.4597
			}
			{VolumeView "springl.ply"}
		}
	}
}
{volume "wheelleft"
	{cylinder 7.27818 4.04148}
	{bone "wheelleft"}
	{matrix34
		1 	 0 	 0
		0 	 -1 	 0
		0 	 0 	 -1
		0 	 0 	 -0.2278
	}
}
{volume "wheelright"
	{cylinder 7.27818 4.04148}
	{bone "wheelright"}
	{matrix34
		1 	 0 	 0
		0 	 -1 	 0
		0 	 0 	 -1
		0 	 0 	 0.0265
	}
}
