;Exported by: misan
;Date:        Mon Dec 13 09:24:07 2021
;File:        D:\Cold War\Models\M37\M37 Eng_x.max
{Skeleton
	{bone "basis"
		{Orientation
			1	0	0
			0	-1	0
			0	0	1
		}
		{bone "body"
			{parameters "id=body;"}
			{Position 2.19862	-0.531912	9.424}
			{VolumeView "body.ply"}
			{bone "engine"
				{parameters "id=engine;"}
				{Matrix34
					0.965926	0	0.258819
					0	1	0
					-0.258819	0	0.965926
					12.7135	0	18.2509
				}
				{VolumeView "engine.ply"}
				{bone "detail7"
					{parameters "ID=body;"}
					{Position 9.86518	0.386017	0.882467}
					{VolumeView "detail7.ply"}
				}
			}
			{bone "motor"
				{Position 22.2142	-0.012895	10.4974}
				{VolumeView "motor.ply"}
			}
			{bone "fxfire1"
				{Matrix34
					0	0	1
					0	1	0
					-1	0	0
					23.4483	0.241183	11.3913
				}
			}
			{bone "cabin"
				{parameters "id=body;"}
				{Position 0.0358109	0	10.4508}
				{VolumeView "cabin.ply"}
				{bone "doorl"
					{parameters "id=body;"}
					{Matrix34
						1	0	0
						0	1	-0.0001643
						0	-0.000164658	1
						8.36844	14.9453	0.234764
					}
					{VolumeView "doorl.ply"}
					{bone "detail4"
						{parameters "id=body;"}
						{Matrix34
							1	0	0
							0	1	0.000164568
							0	0.000164121	1
							-7.91661	3.24091	0.680546
						}
						{VolumeView "detail4.ply"}
					}
				}
				{bone "doorr"
					{parameters "id=body;"}
					{Position 8.36844	-14.9724	0.234764}
					{VolumeView "doorr.ply"}
				}
				{bone "detail1"
					{parameters "id=body;"}
					{Position 11.6697	-16.647	4.31894}
					{VolumeView "detail1.ply"}
				}
				{bone "detail6"
					{parameters "id=body;"}
					{Position -0.016098	0	0}
					{VolumeView "detail6.ply"}
				}
				{bone "glass"
					{parameters "id=glass;"}
					{Position 8.67896	0	13.1361}
					{VolumeView "glass.ply"}
				}
			}
			{bone "bodyback"
				{parameters "id=body;"}
				{Position -30.1657	0	9.13637}
				{VolumeView "bodyback.ply"}
				{bone "detail2"
					{Position 0.505802	0	12.4314}
					{VolumeView "detail2.ply"}
				}
				{bone "detail3"
					{parameters "id=body;"}
					{Position 0.180923	0	17.4326}
					{VolumeView "detail3.ply"}
				}
				{bone "detail5"
					{parameters "id=body;"}
					{Position 14.9814	-0.162915	11.6972}
					{VolumeView "detail5.ply"}
				}
				{bone "fence"
					{parameters "ID=body;"}
					{Matrix34
						0	-1	0
						0.984808	0	-0.173648
						0.173648	0	0.984808
						-8.38752	10.7877	6.59214
					}
					{VolumeView "fence.ply"}
				}
				{bone "detail8"
					{parameters "ID=body;"}
					{Position 5.15149	18.7961	4.19856}
					{VolumeView "detail8.ply"}
				}
				{bone "detail9"
					{parameters "ID=body;"}
					{Matrix34
						-0.707107	0	-0.707107
						0	-1	0
						-0.707107	0	0.707107
						-20.5214	-0.554679	2.2065
					}
					{VolumeView "detail9.ply"}
				}
				{bone "detail10"
					{parameters "ID=body;"}
					{Position -5.28769	-18.5853	4.67831}
					{VolumeView "detail10.ply"}
				}
				{bone "jerrycans"
					{parameters "ID=body;"}
					{Position 15.9923	-11.3931	3.38332}
					{VolumeView "jerrycans.ply"}
				}
				{bone "boxes"
					{parameters "ID=body;"}
					{Matrix34
						0.258819	-0.965926	0
						0.965926	0.258819	0
						0	0	1
						2.98362	-2.09005	0.90239
					}
					{VolumeView "boxes.ply"}
				}
			}
		}
		{bone "pivot_back"
			{Position -25.8776	-0.531912	9.424}
			{VolumeView "pivot_back.ply"}
			{bone "spring_l"
				{Position -0.959511	12.4954	0.00738525}
				{bone "wheelleft2"
					{parameters "id=wheelleft2;"}
					{Matrix34
						-0.97344	0.226729	0.0317592
						0.0424918	0.0529691	0.997692
						0.182666	0.981914	-0.0497875
						0.00934982	2.49075	-0.00738335
					}
					{VolumeView "wheelleft2.ply"}
				}
			}
			{bone "spring_r"
				{Position -0.959511	-12.2733	0.00738335}
				{bone "wheelright2"
					{parameters "id=wheelright2;"}
					{Matrix34
						-0.983324	0.101788	0.150708
						0.136773	-0.157333	0.978028
						0.0999417	0.988424	0.114151
						0.00934982	-2.5388	-0.00738335
					}
					{VolumeView "wheelright2.ply"}
				}
			}
		}
		{bone "pivot_front"
			{Position 24.4595	-0.531912	9.424}
			{VolumeView "pivot_front.ply"}
			{bone "steer_r1"
				{Matrix34
					-1	0	0
					0	1	0
					0	0	-1
					1.09166	-12.283	0.00513268
				}
				{bone "wheelright1"
					{parameters "id=wheelright1;"}
					{Matrix34
						0.973138	-0.225983	0.0439883
						0.0662858	0.0920457	-0.993546
						0.220475	0.969773	0.104553
						-0.0271187	-0.00468636	0.00513172
					}
					{VolumeView "wheelright1.ply"}
				}
			}
			{bone "steer_l1"
				{Matrix34
					-1	0	0
					0	1	0
					0	0	-1
					1.09166	13.3469	0.00513268
				}
				{bone "wheelleft1"
					{parameters "id=wheelleft1;"}
					{Matrix34
						0.970573	0.139165	0.196524
						0.210152	-0.0910228	-0.973422
						-0.117578	0.986077	-0.11759
						-0.0271301	-0.877739	0.00513458
					}
					{VolumeView "wheelleft1.ply"}
				}
			}
		}
	}
}
{Volume "wheelleft1"
	{Cylinder 9.42532 4.91914}
	{Bone "wheelleft1"}
	{Matrix34
		-0.687213	0	0
		0	0.687213	0
		0	0	-1
		0.0755158	0.036229	2.47548
	}
}
{Volume "wheelleft2"
	{Cylinder 9.42532 4.91914}
	{Bone "wheelleft2"}
	{Matrix34
		-0.690669	0	0
		0	0.687401	0
		0	0	-0.995709
		-0.0995293	0.0362381	-0.0413468
	}
}
{Volume "wheelright1"
	{Cylinder 9.42532 4.91914}
	{Bone "wheelright1"}
	{Matrix34
		-0.687214	0	0
		0	0.687213	0
		0	0	-1
		0.0755101	0.0362292	-2.5084
	}
}
{Volume "wheelright2"
	{Cylinder 9.42532 4.91914}
	{Bone "wheelright2"}
	{Matrix34
		-0.687906	0	0
		0	0.688871	0
		0	0	-0.997238
		-0.0991267	0.03631	0.0159273
	}
}
