;Exported by: aeste
;Date:        Sat Aug 24 06:54:02 2024
;File:        E:\Cold War\ModelWIP\China\Type 63 Launcher\Type 63 Launcher.max
{Skeleton
	{animation
		{sequence "close" {speed 0.3}}
		{sequence "fire" {speed 0.3}}
	}
	{bone revolute "basis"
		{Orientation
			1	0	0
			0	-1	0
			0	0	1
		}
		{bone "body"
			{Position -0.0441877	0.00109601	7.28133}
			{VolumeView "body.ply"}
			{bone revolute "turret"
				{Position -1.95934	0	3.91868}
				{VolumeView "turret.ply"}
				{bone revolute "gun"
					{parameters "id=gun;"}
					{Matrix34
						1	0	0
						0	0	1
						0	-1	0
						-3.10272	0	7.3475
					}
					{VolumeView "gun.ply"}
					{bone "shooter11"
						{Matrix34
							1	0	0
							0	0	-1
							0	1	0
							13.2159	-2.5746	-4.37554
						}
						{bone "rocket11"
							{Position -16.2023	-0.00177765	-0.0202274}
							{VolumeView "rocket11.ply"}
						}
					}
					{bone "shooter10"
						{Matrix34
							1	0	0
							0	0	-1
							0	1	0
							13.2159	-2.5746	-1.47715
						}
						{bone "rocket10"
							{Position -16.2023	-0.00177765	-0.0202274}
							{VolumeView "rocket10.ply"}
						}
					}
					{bone "shooter09"
						{Matrix34
							1	0	0
							0	0	-1
							0	1	0
							13.2159	-2.5746	1.47133
						}
						{bone "rocket09"
							{Position -16.2023	-0.00177765	-0.0202274}
							{VolumeView "rocket09.ply"}
						}
					}
					{bone "shooter08"
						{Matrix34
							1	0	0
							0	0	-1
							0	1	0
							13.2159	-2.5746	4.37038
						}
						{bone "rocket08"
							{Position -16.2023	-0.00177765	-0.0202274}
							{VolumeView "rocket08.ply"}
						}
					}
					{bone "shooter07"
						{Matrix34
							1	0	0
							0	0	-1
							0	1	0
							13.2159	0.393574	-4.37554
						}
						{bone "rocket07"
							{Position -16.2023	-0.00177765	-0.0297966}
							{VolumeView "rocket07.ply"}
						}
					}
					{bone "shooter06"
						{Matrix34
							1	0	0
							0	0	-1
							0	1	0
							13.2159	0.393572	-1.47715
						}
						{bone "rocket06"
							{Position -16.2023	-0.00177765	-0.0297966}
							{VolumeView "rocket06.ply"}
						}
					}
					{bone "shooter05"
						{Matrix34
							1	0	0
							0	0	-1
							0	1	0
							13.2159	0.393572	1.47133
						}
						{bone "rocket05"
							{Position -16.2023	-0.00177765	-0.0297966}
							{VolumeView "rocket05.ply"}
						}
					}
					{bone "shooter04"
						{Matrix34
							1	0	0
							0	0	-1
							0	1	0
							13.2159	0.393572	4.37038
						}
						{bone "rocket04"
							{Position -16.2023	-0.00177765	-0.0297966}
							{VolumeView "rocket04.ply"}
						}
					}
					{bone "shooter03"
						{Matrix34
							1	0	0
							0	0	-1
							0	1	0
							13.2159	3.30933	-4.37554
						}
						{bone "rocket03"
							{Position -16.2023	-0.00177765	-0.00207901}
							{VolumeView "rocket03.ply"}
						}
					}
					{bone "shooter02"
						{Matrix34
							1	0	0
							0	0	-1
							0	1	0
							13.2159	3.30933	-1.47715
						}
						{bone "rocket02"
							{Position -16.2023	-0.00177765	-0.00207901}
							{VolumeView "rocket02.ply"}
						}
					}
					{bone "shooter01"
						{Matrix34
							1	0	0
							0	0	-1
							0	1	0
							13.2159	3.30933	1.47133
						}
						{bone "rocket01"
							{Position -16.2023	-0.00177765	-0.00207901}
							{VolumeView "rocket01.ply"}
						}
					}
					{bone "shooter00"
						{Matrix34
							1	0	0
							0	0	-1
							0	1	0
							13.2159	3.30932	4.37037
						}
						{bone "rocket00"
							{Position -16.2023	-0.00177765	-0.00207901}
							{VolumeView "rocket00.ply"}
						}
					}
					{bone "foresight"
						{Matrix34
							1	0	0
							0	0	-1
							0	1	0
							13.2046	0.378668	0.00109673
						}
					}
					{bone "fxsmoke1"
						{Matrix34
							-1	0	0
							0	0	1
							0	1	0
							-4.02524	0.382895	0.00109673
						}
					}
				}
			}
			{bone "leg1"
				{Matrix34
					0.695772	-0.369949	-0.615662
					0.469472	0.882948	0
					0.543597	-0.289036	0.788011
					4.89836	-9.3069	2.10331
				}
				{VolumeView "leg1.ply"}
			}
			{bone "leg2"
				{Matrix34
					0.735148	0.312052	-0.601815
					-0.390731	0.920505	0
					0.553974	0.235148	0.798636
					4.89836	9.30688	2.10331
				}
				{VolumeView "leg2.ply"}
			}
			{bone "latch"
				{Position -40.1665	0	-6.2699}
				{VolumeView "latch.ply"}
			}
			{bone "link1"
				{Matrix34
					-1	0	0
					0	-1	0
					0	0	1
					-41.8273	-0.00109601	-6.28153
				}
			}
			{bone "pipe"
				{Matrix34
					0.963598	-0.258107	0.0697142
					0.258901	0.965901	-0.00243451
					-0.0667087	0.0203949	0.997564
					-4.89158	8.88015	5.07528
				}
			}
			{bone "seat4"
				{Matrix34
					-0.133782	-0.990268	-0.0383614
					0.951907	-0.139174	0.272955
					-0.275637	0	0.961262
					-23.4284	-4.04409	-15.9876
				}
			}
			{bone "seat3"
				{Matrix34
					-0.133782	0.990268	-0.0383614
					-0.951907	-0.139173	-0.272955
					-0.275638	0	0.961262
					-29.0176	2.21574	-18.4642
				}
			}
			{bone "seat2"
				{Matrix34
					-0.166921	-0.984808	-0.047864
					0.946658	-0.173648	0.27145
					-0.275637	0	0.961262
					-11.1667	-8.03634	-11.8537
				}
			}
			{bone "seat1"
				{Matrix34
					-0.183418	0.981627	-0.0525941
					-0.943601	-0.190809	-0.270573
					-0.275637	0	0.961262
					-9.10401	8.32686	-11.5419
				}
			}
		}
		{bone "pivot_front"
			{Position -0.0760105	0	7.26152}
			{bone prizmatic "suspension_r1"
				{Position 0	-11.4148	0}
				{bone revolute "wheelr"
					{parameters "id=wheelright;Radius=0.50;Support;"}
					{Matrix34
						1	0	0
						0	0	-1
						0	1	0
						0.0318239	-2.12467	0.0198193
					}
					{VolumeView "wheelr.ply"}
				}
			}
			{bone prizmatic "suspension_l1"
				{Position 0	11.3717	0}
				{bone revolute "wheell"
					{parameters "id=wheelleft;Radius=0.50;Support;"}
					{Matrix34
						1	0	0
						0	0	-1
						0	1	0
						0.0318228	2.10686	0.0198183
					}
					{VolumeView "wheell.ply"}
				}
			}
			{bone "fxtracel1"
				{Position 0.0760105	12.959	-7.26152}
			}
			{bone "fxtracer1"
				{Position 0.0760105	-13.0329	-7.26152}
			}
		}
		{bone "charger2"
			{Position -41.2085	25.722	0}
		}
		{bone "charger"
			{Position -40.4821	-29.4053	0}
		}
		{bone "commander"
			{Position -12.1538	-25.1241	0}
		}
		{bone "gunner"
			{Matrix34
				0.990268	-0.139173	0
				0.139173	0.990268	0
				0	0	1
				-19.0118	14.6606	0
			}
		}
		{bone "driver4"
			{Position -39.5246	9.6334	0}
		}
		{bone "driver3"
			{Position -39.0012	-10.438	0}
		}
		{bone "driver2"
			{Position -11.1678	-16.1525	0}
		}
		{bone "driver1"
			{Position -13.3341	17.0074	0}
		}
		{bone "emit4"
			{Matrix34
				0.848048	0.529919	0
				-0.529919	0.848048	0
				0	0	1
				-46.6289	-31.8464	0
			}
		}
		{bone "emit3"
			{Matrix34
				0.669131	-0.743145	0
				0.743145	0.669131	0
				0	0	1
				-42.0528	27.1983	0
			}
		}
		{bone "emit2"
			{Matrix34
				0.0697564	0.997564	0
				-0.997564	0.0697564	0
				0	0	1
				-12.1958	-29.9957	0
			}
		}
		{bone "emit1"
			{Matrix34
				-0.156435	-0.987688	0
				0.987688	-0.156435	0
				0	0	1
				-16.0156	22.3044	0
			}
		}
	}
}
{Obstacle "obstacle"
	{Obb2
		{Center -0.037272 0.0775771}
		{Extent 7.60591 14.9434}
		{Axis -1 0}
	}
	{Rotate}
}
{Obstacle "obstacle2"
	{Obb2
		{Center -23.82 -5.00829}
		{Extent 19.1275 2.05807}
		{Axis -0.965926 0.258819}
	}
	{Rotate}
}
{Obstacle "obstacle3"
	{Obb2
		{Center -23.82 5.46998}
		{Extent 19.1275 2.05807}
		{Axis -0.965926 -0.258819}
	}
	{Rotate}
}
{Obstacle "openl"
	{Obb2
		{Center 10.3244 -11.5843}
		{Extent 6.89006 1.38696}
		{Axis -0.927184 0.374607}
	}
	{Tags  "open"}
	{Rotate}
}
{Obstacle "openr"
	{Obb2
		{Center 9.94919 12.0454}
		{Extent 6.89006 1.38696}
		{Axis -0.891006 -0.453991}
	}
	{Tags  "open"}
	{Rotate}
}
{Volume "body1"
	{Box 8.91924 19.0065 3.39781}
	{Bone "body"}
	{Position -1.4752	-0.0655906	1.83741}
}
{Volume "body2"
	{Box 2.5 2.5 17.2014}
	{Bone "body"}
	{Matrix34
		0	-1	0
		0	0	1
		-1	0	0
		-3.36953	8.94648	2.16671
	}
}
{Volume "body3"
	{Box 2.5 2.5 17.2015}
	{Bone "body"}
	{Matrix34
		0	-1	0
		0	0	1
		-1	0	0
		-3.3696	-8.90546	2.16671
	}
}
{Volume "body4"
	{Cylinder 0.744293 27.8599}
	{Bone "body"}
	{Matrix34
		0.235985	-0.965914	0.1064
		-0.344489	0.0192275	0.938594
		-0.908647	-0.258147	-0.328209
		-24.8483	4.9288	-2.03145
	}
}
{Volume "body5"
	{Cylinder 0.744293 27.8599}
	{Bone "body"}
	{Matrix34
		0.245107	0.96364	0.1064
		0.344658	0.0159688	-0.938593
		-0.906164	0.266727	-0.328212
		-24.8137	-5.07325	-2.0315
	}
}
{Volume "gun1"
	{Box 11.8673 9.08211 8.35555}
	{Bone "gun"}
	{Matrix34
		0	0	1
		0	1	0
		-1	0	0
		0.928472	0.336233	-0.088501
	}
}
{Volume "gun2"
	{Box 11.504 8.67847 17.0711}
	{Bone "gun"}
	{Matrix34
		0	0	1
		0	1	0
		-1	0	0
		4.56653	0.376597	-0.0279522
	}
}
{Volume "leg1"
	{Cylinder 0.801222 14.5496}
	{Bone "leg1"}
	{Matrix34
		-0.000277324	0.920202	-0.391445
		-0.0326709	0.391227	0.919714
		0.999466	0.0130441	0.0299548
		7.36719	0.146127	0.284475
	}
}
{Volume "leg2"
	{Cylinder 0.801222 14.5496}
	{Bone "leg2"}
	{Matrix34
		0.0236891	0.930856	-0.364616
		0.0226244	0.364126	0.931075
		0.999463	-0.0303056	-0.0124341
		7.45938	-0.0021689	0.0430342
	}
}
{Volume "turret"
	{Polyhedron "turret.vol"}
	{Bone "turret"}
	{Position -1.18434	0.249961	3.84906}
}
{Volume "wheelleft"
	{Cylinder 7.52761 3.07868}
	{Bone "wheell"}
	{Matrix34
		1	0	0
		0	-1	0
		0	0	-1
		-0.00462122	0.0353589	-0.512954
	}
}
{Volume "wheelright"
	{Cylinder 7.52761 3.07868}
	{Bone "wheelr"}
	{Matrix34
		1	0	0
		0	-1	0
		0	0	-1
		-0.00462122	0.035356	0.577404
	}
}
