;Exported by: misan
;Date:        Wed Jul  3 07:05:55 2024
;File:        D:\Cold War\ModelWIP\West Germany\Kanonenjagdpanzer\KanJpz_xx.max
{Skeleton
	{bone revolute "basis"
		{Orientation
			1	0	0
			0	-1	0
			0	0	1
		}
		{bone "body"
			{parameters "id=body;"}
			{Position -2.63276	-0.0879293	0.13199}
			{VolumeView "body.ply"}
			{bone "cover3"
				{parameters "id=body;"}
				{Matrix34
					0.980111	0	-0.198448
					0.0264282	-0.991093	0.130526
					-0.196681	-0.133174	-0.971381
					34.4929	6.04898	35.1629
				}
				{VolumeView "cover3.ply"}
			}
			{bone "cover2"
				{parameters "id=body;"}
				{Matrix34
					-0.562085	0.82708	0
					-0.82708	-0.562085	0
					0	0	1
					2.16667	-8.94083	37.2366
				}
				{VolumeView "cover2.ply"}
			}
			{bone "cover1_hinge"
				{parameters "id=body;"}
				{Matrix34
					-0.739	0	0.673706
					0	1	0
					-0.673706	0	-0.739
					11.8138	10.4624	36.9478
				}
				{VolumeView "cover1_hinge.ply"}
				{bone "cover1"
					{parameters "id=body;"}
					{Position 2.42581	-0.610855	-0.642166}
					{VolumeView "cover1.ply"}
				}
			}
			{bone "fxsmoke1"
				{Matrix34
					0	0	1
					0	1	0
					-1	0	0
					-30.4288	2.12223	32.4352
				}
			}
			{bone "fxfire3"
				{Position 7.44426	-6.34968	27.097}
			}
			{bone "fxfire1"
				{Position -17.5892	-14.7821	27.097}
			}
			{bone "fxfire3_2"
				{Position 18.1295	9.80077	27.097}
			}
			{bone revolute "gun_rot"
				{Matrix34
					0.995971	0	-0.0896721
					0.0896721	0	0.995971
					0	-1	0
					46.9516	0.0879294	21.7791
				}
				{bone revolute "mantlet"
					{parameters "id=gun_rot;"}
					{limits -15 15}
					{Matrix34
						0.997014	0	0.0772273
						0.0772273	0	-0.997014
						0	1	0
						4.09555	2.79733	1.09494
					}
					{VolumeView "mantlet.ply"}
					{bone "gun"
						{parameters "id=gun;"}
						{Position 10.8997	-3.26633e-05	3.13007}
						{VolumeView "gun.ply"}
						{bone "foresight1"
							{Position 46.901	-0.0247681	-0.00625229}
						}
					}
					{bone "ir"
						{parameters "id=shield2;"}
						{Position 3.03039	-0.0162594	8.98371}
						{VolumeView "ir.ply"}
						{bone "shield2"
							{Position 3.40837	0.0222323	3.28002}
						}
					}
				}
				{bone "mantlet_cover"
					{parameters "id=gun_rot;"}
					{Matrix34
						1	0	0
						0	0	-1
						0	1	0
						4.91793	3.45774	1.00613
					}
					{VolumeView "mantlet_cover.ply"}
				}
			}
			{bone revolute "wheell1"
				{parameters "id=trackleft;Radius=0.33;"}
				{Matrix34
					1	0	0
					0	0	-1
					0	1	0
					52.9855	22.9873	14.3675
				}
				{VolumeView "wheell1.ply"}
			}
			{bone revolute "wheelr1"
				{parameters "id=trackright;Radius=0.33;"}
				{Matrix34
					1	0	0
					0	0	-1
					0	1	0
					52.9855	-23.2316	14.3675
				}
				{VolumeView "wheelr1.ply"}
			}
			{bone revolute "wheelr10"
				{parameters "id=trackright;Radius=0.15;"}
				{Matrix34
					1	0	0
					0	0	-1
					0	1	0
					-19.68	-22.7807	18.1018
				}
				{VolumeView "wheelr10.ply"}
			}
			{bone revolute "wheelr9"
				{parameters "id=trackright;Radius=0.15;"}
				{Matrix34
					1	0	0
					0	0	-1
					0	1	0
					13.5992	-22.7807	18.1018
				}
				{VolumeView "wheelr9.ply"}
			}
			{bone revolute "wheelr8"
				{parameters "id=trackright;Radius=0.15;"}
				{Matrix34
					1	0	0
					0	0	-1
					0	1	0
					30.4359	-22.7807	18.1018
				}
				{VolumeView "wheelr8.ply"}
			}
			{bone revolute "wheelr7"
				{parameters "id=trackright;Radius=0.35;"}
				{Matrix34
					1	0	0
					0	0	-1
					0	1	0
					-42.9858	-22.5644	14.5849
				}
				{VolumeView "wheelr7.ply"}
			}
			{bone revolute "wheell10"
				{parameters "id=trackleft;Radius=0.15;"}
				{Matrix34
					1	0	0
					0	0	-1
					0	1	0
					-19.68	22.8533	18.1018
				}
				{VolumeView "wheell10.ply"}
			}
			{bone revolute "wheell9"
				{parameters "id=trackleft;Radius=0.15;"}
				{Matrix34
					1	0	0
					0	0	-1
					0	1	0
					13.5992	22.8533	18.1018
				}
				{VolumeView "wheell9.ply"}
			}
			{bone revolute "wheell8"
				{parameters "id=trackleft;Radius=0.15;"}
				{Matrix34
					1	0	0
					0	0	-1
					0	1	0
					30.4359	22.8533	18.1018
				}
				{VolumeView "wheell8.ply"}
			}
			{bone revolute "wheell7"
				{parameters "id=trackleft;Radius=0.35;"}
				{Matrix34
					1	0	0
					0	0	-1
					0	1	0
					-42.9858	22.637	14.5849
				}
				{VolumeView "wheell7.ply"}
			}
			{bone revolute "mgun_turret"
				{parameters "id=body;"}
				{limits -35 35}
				{Matrix34
					0.8675	0.497438	0
					-0.497438	0.8675	0
					0	0	1
					24.0265	9.53819	38.2164
				}
				{VolumeView "mgun_turret.ply"}
				{bone revolute "mgun_vrot"
					{parameters "id=body;"}
					{limits -10 35}
					{Matrix34
						0.889159	0	-0.457598
						0.457598	0	0.889159
						0	-1	0
						4.94759	-0.01546	4.53157
					}
					{VolumeView "mgun_vrot.ply"}
					{bone "mgun_helper"
						{Position -3.95223	-0.00653076	-0.0035193}
					}
				}
			}
			{bone "gunner2"
				{Position 17.1727	9.25677	21.729}
			}
			{bone "engine"
				{parameters "id=engine;"}
				{Position -0.00024271	0	1.00434e-05}
				{VolumeView "engine.ply"}
				{bone "box"
					{parameters "id=shield1;"}
					{VolumeView "box.ply"}
				}
				{bone "smoke_launchers"
					{parameters "id=engine;"}
					{Position -18.0621	5.57694	34.5135}
					{VolumeView "smoke_launchers.ply"}
				}
			}
			{bone "trackl"
				{parameters "id=trackleft;"}
				{Position 5.24745	22.6292	10.8987}
				{VolumeView "trackl.ply"}
			}
			{bone "trackr"
				{parameters "id=trackright;"}
				{Position 5.24745	-22.4814	10.8987}
				{VolumeView "trackr.ply"}
				{bone revolute "wheelr2"
					{parameters "id=trackright;Radius=0.30;"}
					{Matrix34
						0.996427	-0.0578959	0.0614903
						0.0516151	-0.158837	-0.985955
						0.0668497	0.985606	-0.155281
						32.6563	-0.585825	-3.60456
					}
					{VolumeView "wheelr2.ply"}
				}
				{bone revolute "wheelr3"
					{parameters "id=trackright;Radius=0.30;"}
					{Matrix34
						0.958642	0.259157	-0.117654
						-0.0797014	-0.152402	-0.9851
						-0.273226	0.953735	-0.125444
						15.8684	-0.585833	-3.60456
					}
					{VolumeView "wheelr3.ply"}
				}
				{bone revolute "wheelr4"
					{parameters "id=trackright;Radius=0.30;"}
					{Matrix34
						0.997355	-0.0449362	0.0571226
						0.0486354	-0.171397	-0.984001
						0.0540079	0.984177	-0.168758
						-0.907691	-0.585838	-3.60456
					}
					{VolumeView "wheelr4.ply"}
				}
				{bone revolute "wheelr5"
					{parameters "id=trackright;Radius=0.30;"}
					{Matrix34
						0.996181	-0.084191	-0.0231178
						0.00190161	0.285647	-0.958333
						0.0872866	0.95463	0.284716
						-17.4438	-0.58584	-3.60456
					}
					{VolumeView "wheelr5.ply"}
				}
				{bone revolute "wheelr6"
					{parameters "id=trackright;Radius=0.30;"}
					{Matrix34
						0.948119	0.288335	-0.133912
						-0.0910349	-0.157346	-0.983339
						-0.304602	0.944513	-0.122934
						-34.6751	-0.585848	-3.60456
					}
					{VolumeView "wheelr6.ply"}
				}
			}
		}
		{bone "emit2"
			{Matrix34
				0	1	0
				-1	0	0
				0	0	1
				2.96948	-42.251	0
			}
		}
		{bone "emit1"
			{Matrix34
				0.087156	-0.996195	0
				0.996195	0.087156	0
				0	0	1
				10.3502	40.9758	0
			}
		}
		{bone "emit0"
			{Matrix34
				0	-1	0
				1	0	0
				0	0	1
				34.4841	38.9966	0
			}
		}
	}
}
{Volume "ammo"
	{Box 18.2064 19.5775 10.8285}
	{Bone "body"}
	{Position 6.55286	3.60711	17.566}
}
{Volume "body1"
	{Polyhedron "body1.vol"}
	{Bone "body"}
	{Position 23.7344	-0.0729754	29.4138}
}
{Volume "body2"
	{Polyhedron "body2.vol"}
	{Bone "body"}
	{Position 4.88452	0.00568031	19.7787}
}
{Volume "body3"
	{Polyhedron "body3.vol"}
	{Bone "body"}
	{Position -23.314	-0.033641	27.0574}
}
{Volume "body4"
	{Polyhedron "body4.vol"}
	{Bone "body"}
	{Position 4.84498	-0.0336536	12.2127}
}
{Volume "engine"
	{Box 20.7344 19.8659 14.5466}
	{Bone "body"}
	{Position -18.4191	2.30937	20.2396}
}
{Volume "fuel"
	{Box 26.1203 6.08628 14.438}
	{Bone "body"}
	{Position -18.4321	15.8426	21.8759}
}
{Volume "gun"
	{Cylinder 2.0204 87.4665}
	{Bone "gun"}
	{Matrix34
		0	-1	0
		0	0	1
		-1	0	0
		3.62896	0.134732	-0.03806
	}
}
{Volume "hole1"
	{Box 74.0816 5.98476 9.64517}
	{Bone "trackr"}
	{Matrix34
		1	0	0
		0	0	1
		0	-1	0
		-0.824696	-0.00882196	5.99958
	}
}
{Volume "hole2"
	{Box 74.0816 5.98476 9.64517}
	{Bone "trackl"}
	{Matrix34
		1	0	0
		0	0	1
		0	-1	0
		-0.824693	-0.127739	5.99959
	}
}
{Volume "mantlet"
	{Polyhedron "mantlet.vol"}
	{Bone "mantlet"}
	{Position 4.28082	-0.285241	1.85364}
}
{Volume "shield1"
	{Box 7.14255 10.3659 8.81884}
	{Bone "box"}
	{Matrix34
		0	-1	0
		0.669131	0	0.743145
		-0.743145	0	0.669131
		-43.2694	-8.79398	30.5566
	}
}
{Volume "trackleft"
	{Polyhedron "trackleft.vol"}
	{Bone "trackl"}
	{Position -1.374	-0.0483932	0.154339}
}
{Volume "trackright"
	{Polyhedron "trackright.vol"}
	{Bone "trackr"}
	{Position -1.37401	-0.0393295	0.154337}
}
{Volume "transmission"
	{Cylinder 5.98972 30.9221}
	{Bone "body"}
	{Matrix34
		1	0	0
		0	0	1
		0	-1	0
		-40.684	0.0990263	15.6703
	}
}
