;Exported by: doc
;Date:        Tue Jul 02 10:58:17 2019
;File:        Z:\work\0.KRIS\vehicles3\Chris_models\mi8_mg\mi8_mg_export.max
{Skeleton
	{animation
		{sequence "engine_start" {speed 0.6}}
		{sequence "engine_work" {speed 0.6} {resume}}
		{sequence "engine_stop" {speed 0.6}}
		{sequence "doorback" {speed 0.6}}
		{sequence "bug_out_ground" {speed 0.05}}
	}
	{bone "basis"
		{parameters "SteerMax=25;"}
		{Orientation
			1	0	0
			0	-1	0
			0	0	1
		}
		{bone "heli_ani"
			{Position 0	0	0}
		{bone "body"
			{parameters "ID=body;"}
			{Matrix34
				0.99863	0	-0.052336
				0	1	0
				0.052336	0	0.99863
				52.2656	0	0
			}
			{VolumeView "body.ply"}
			{bone "doorleft"
				{parameters "id=body;"}
				{Matrix34
					0.997093	-0.0145855	0.0747802
					0.0145855	0.999894	0.000546352
					-0.0747802	0.000545942	0.9972
					-13.884	25.7905	29.2528
				}
				{VolumeView "doorleft.ply"}
				{bone "window2"
					{parameters "id=body;"}
					{Position -8.43535	-0.881924	10.3737}
					{VolumeView "window2.ply"}
				}
			}
			{bone "backdoor1"
				{parameters "ID=body;"}
				{Matrix34
					0.875654	-0.032165	0.481866
					-0.0321647	0.99168	0.124646
					-0.481866	-0.124646	0.867334
					-111.41	24.5792	30.0087
				}
				{VolumeView "backdoor1.ply"}
				{bone "door_1_1"
					{parameters "id=body;"}
					{Matrix34
						0.618714	-0.732277	-0.284541
						0.623754	0.678082	-0.388761
						0.477623	0.0630484	0.8763
						-8.33511	-17.8304	-13.7752
					}
					{VolumeView "door_1_1.ply"}
				}
			}
			{bone "backdoor2"
				{parameters "ID=body;"}
				{Matrix34
					0.875654	0.0321648	0.481866
					0.0321648	0.99168	-0.124646
					-0.481866	0.124646	0.867334
					-111.41	-24.5792	30.0087
				}
				{VolumeView "backdoor2.ply"}
				{bone "door_2_1"
					{parameters "id=body;"}
					{Matrix34
						-0.679563	-0.714889	0.164706
						0.621731	-0.680393	-0.387963
						0.389415	-0.161243	0.906839
						-8.3351	17.8304	-13.7752
					}
					{VolumeView "door_2_1.ply"}
				}
			}
			{bone revolute "wheer"
				{parameters "ID=wheelr;Radius=0.42;support;"}
				{Position -84.9522	-44.9537	4.2598}
				{VolumeView "wheer.ply"}
			}
			{bone revolute "wheell"
				{parameters "ID=wheell;Radius=0.42;support;"}
				{Position -84.9522	44.9536	4.2598}
				{VolumeView "wheell.ply"}
			}
			{bone revolute "wheelf"
				{parameters "ID=wheelf;Radius=0.3;support;"}
				{Position -0.446926	3.09889	5.91631}
				{VolumeView "wheelf.ply"}
			}
			{bone "seat01"
				{Matrix34
					0	-1	0
					0.99863	0	0.052336
					-0.052336	0	0.99863
					-70.2703	14.9933	16.3457
				}
			}
			{bone "seat02"
				{Matrix34
					0	1	0
					-0.99863	0	-0.0523361
					-0.0523361	0	0.99863
					-99.2818	-15.089	14.8253
				}
			}
			{bone "seat03"
				{Matrix34
					0	-1	0
					0.99863	0	0.052336
					-0.052336	0	0.99863
					-79.2417	14.9933	15.8756
				}
			}
			{bone "seat04"
				{Matrix34
					0	1	0
					-0.99863	0	-0.0523361
					-0.0523361	0	0.99863
					-89.5097	-15.089	15.3374
				}
			}
			{bone "seat05"
				{Matrix34
					0	-1	0
					0.99863	0	0.052336
					-0.052336	0	0.99863
					-89.0598	14.9933	15.361
				}
			}
			{bone "seat06"
				{Matrix34
					0	1	0
					-0.99863	0	-0.0523361
					-0.0523361	0	0.99863
					-79.7757	-15.089	15.8476
				}
			}
			{bone "seat07"
				{Matrix34
					0	-1	0
					0.99863	0	0.052336
					-0.052336	0	0.99863
					-98.6431	14.9933	14.8588
				}
			}
			{bone "seat08"
				{Matrix34
					0	1	0
					-0.99863	0	-0.0523361
					-0.0523361	0	0.99863
					-69.9197	-15.089	16.3641
				}
			}
			{bone "seat10"
				{Matrix34
					0	1	0
					-0.99863	0	-0.0523361
					-0.0523361	0	0.99863
					-60.8728	-15.089	16.8382
				}
			}
			{bone "seat12"
				{Matrix34
					0	1	0
					-0.99863	0	-0.0523361
					-0.0523361	0	0.99863
					-51.2767	-15.089	17.3412
				}
			}
			{bone "seat09"
				{Matrix34
					0	-1	0
					0.99863	0	0.052336
					-0.052336	0	0.99863
					-61.5104	14.9933	16.8048
				}
			}
			{bone "visor"
				{Matrix34
					0.99863	0	0.0523361
					0	1	0
					-0.0523361	0	0.99863
					36.455	-1.13746e-005	42.2922
				}
			}
			{bone "commander"
				{Matrix34
					0.99863	0	0.0523361
					0	1	0
					-0.0523361	0	0.99863
					17.5813	-12.2735	26.1339
				}
			}
			{bone "driver"
				{Matrix34
					0.99863	0	0.0523361
					0	1	0
					-0.0523361	0	0.99863
					17.5813	12.6413	26.1339
				}
			}
			{bone "engine"
				{parameters "ID=engine;"}
				{Position -32.0092	0	70.0401}
				{VolumeView "engine.ply"}
				{bone "rotor"
					{parameters "ID=rotor;"}
					{Matrix34
						-0.0523365	0	0.99863
						-0.706138	0.707107	-0.0370075
						-0.706137	-0.707107	-0.0370074
						-35.0312	-0.288174	19.4843
					}
					{VolumeView "rotor.ply"}
					{bone "propeller"
						{parameters "ID=propeller;"}
						{Matrix34
							0	0	-1
							0	1	0
							1	0	0
							-4.29444	77.4534	88.0624
						}
						{VolumeView "propeller.ply"}
					}
					{bone "propeller1"
						{parameters "ID=propeller1;"}
						{Matrix34
							0	0	-1
							0	1	0
							1	0	0
							-4.25153	-61.1315	100.376
						}
						{VolumeView "propeller1.ply"}
					}
					{bone "propeller2"
						{parameters "ID=propeller2;"}
						{Matrix34
							0	0	-1
							0	1	0
							1	0	0
							-4.28746	-113.577	-28.1286
						}
						{VolumeView "propeller2.ply"}
					}
					{bone "propeller3"
						{parameters "ID=propeller3;"}
						{Matrix34
							0	0	-1
							0	1	0
							1	0	0
							-4.33939	-8.99564	-115.648
						}
						{VolumeView "propeller3.ply"}
					}
					{bone "propeller4"
						{parameters "ID=propeller4;"}
						{Matrix34
							0	0	-1
							0	1	0
							1	0	0
							-4.33324	106.374	-47.121
						}
						{VolumeView "propeller4.ply"}
					}
					{bone "engine_work"
						{Matrix34
							0	-0.461696	-0.887038
							0	0.887038	-0.461697
							1	0	0
							0	-0.134093	-0.134109
						}
						{visibility 0}
						{VolumeView "engine_work.ply"}
					}
				}
				{bone "rotor_b"
					{parameters "ID=rotor_b;"}
					{Matrix34
						0	1	0
						-1	0	0
						0	0	1
						-286.299	-18.5994	3.12363
					}
					{VolumeView "rotor_b.ply"}
					{bone "rotor_working"
						{Matrix34
							0	0.692255	-0.721653
							0	0.721653	0.692255
							1	0	0
							0	0	0
						}
						{visibility 0}
						{VolumeView "rotor_working.ply"}
					}
					{bone "propeller_b"
						{parameters "ID=propeller_b;"}
						{Matrix34
							0	-1	0
							1	0	0
							0	0	1
							4.20453	-18.5993	14.4091
						}
						{VolumeView "propeller_b.ply"}
					}
					{bone "propeller_b1"
						{parameters "ID=propeller_b1;"}
						{Matrix34
							0	-1	0
							1	0	0
							0	0	1
							4.20453	21.1906	8.70461
						}
						{VolumeView "propeller_b1.ply"}
					}
					{bone "propeller_b2"
						{parameters "ID=propeller_b2;"}
						{Matrix34
							0	-1	0
							1	0	0
							0	0	1
							4.20453	-3.66461	-22.549
						}
						{VolumeView "propeller_b2.ply"}
					}
				}
			}
			{bone "pivot_back"
				{Matrix34
					0.99863	0	0.0523361
					0	1	0
					-0.0523361	0	0.99863
					-89.279	-1.03391	11.9808
				}
				{bone "fxtracel2"
					{Position 3.91674	44.9536	-16.6369}
				}
				{bone "fxtracer2"
					{Position 3.91674	-44.9536	-16.6369}
				}
			}
			{bone "pivot_front"
				{Matrix34
					0.99863	0	0.0523361
					0	1	0
					-0.0523361	0	0.99863
					4.6249	-1.03391	16.9021
				}
				{bone "fxtrace1"
					{Position -5.63983	0	-16.6369}
				}
				{bone "support1"
					{Position -84.9522	-44.9537	0}
				}
				{bone "support2"
					{Position -84.9522	44.9536	0}
				}
			}
			{bone "window1"
				{parameters "ID=body;"}
				{Position 35.911	-9.62309	46.6116}
				{VolumeView "window1.ply"}
			}
			{bone "window3"
				{parameters "id=body;"}
				{Position -22.6723	24.5154	38.9241}
				{VolumeView "window3.ply"}
			}
			{bone "window4"
				{parameters "id=body;"}
				{Position -40.3108	24.5154	37.5917}
				{VolumeView "window4.ply"}
			}
			{bone "window5"
				{parameters "id=body;"}
				{Position -58.7803	24.5154	36.1965}
				{VolumeView "window5.ply"}
			}
			{bone "window6"
				{parameters "id=body;"}
				{Position -72.7922	24.5154	35.138}
				{VolumeView "window6.ply"}
			}
			{bone "window7"
				{parameters "id=body;"}
				{Position -92.1106	24.5154	33.6786}
				{VolumeView "window7.ply"}
			}
			{bone "window9"
				{parameters "id=body;"}
				{Position -22.6723	-24.5154	38.9241}
				{VolumeView "window9.ply"}
			}
			{bone "window10"
				{parameters "id=body;"}
				{Position -40.3108	-24.5154	37.5917}
				{VolumeView "window10.ply"}
			}
			{bone "window11"
				{parameters "id=body;"}
				{Position -58.7803	-24.5154	36.1965}
				{VolumeView "window11.ply"}
			}
			{bone "window12"
				{parameters "id=body;"}
				{Position -72.7922	-24.5154	35.138}
				{VolumeView "window12.ply"}
			}
			{bone "window13"
				{parameters "id=body;"}
				{Position -92.1106	-24.5154	33.6786}
				{VolumeView "window13.ply"}
			}
			{bone "window14"
				{parameters "ID=body;"}
				{Position 41.5266	10.9991	33.139}
				{VolumeView "window14.ply"}
			}
			{bone "window15"
				{parameters "ID=body;"}
				{Position 44.6346	0	37.9609}
				{VolumeView "window15.ply"}
			}
			{bone "window16"
				{parameters "ID=body;"}
				{Position 41.5266	-10.9991	33.139}
				{VolumeView "window16.ply"}
			}
			{bone "window17"
				{parameters "ID=body;"}
				{Position 41.0202	0	28.4463}
				{VolumeView "window17.ply"}
			}
			{bone "window18"
				{parameters "ID=body;"}
				{Position 35.911	9.62309	46.6116}
				{VolumeView "window18.ply"}
			}
			{bone "window19"
				{parameters "ID=body;"}
				{Position 38.7447	-0.000139952	47.875}
				{VolumeView "window19.ply"}
			}
			{bone "window20"
				{parameters "ID=body;"}
				{Position 18.9997	22.1456	42.9038}
				{VolumeView "window20.ply"}
			}
			{bone "window21"
				{parameters "ID=body;"}
				{Position 18.9997	-22.1456	42.9038}
				{VolumeView "window21.ply"}
			}
			{bone "window22"
				{parameters "ID=body;"}
				{Position 29.856	17.0618	44.0321}
				{VolumeView "window22.ply"}
			}
			{bone "window23"
				{parameters "ID=body;"}
				{Position 29.856	-17.0618	44.0321}
				{VolumeView "window23.ply"}
			}
			{bone "emit3"
				{parameters "Group=commander;"}
				{Matrix34
					0.99863	0	0.0523361
					0	1	0
					-0.0523361	0	0.99863
					-166.762	14.2482	-8.73961
				}
				{visibility 0}
			}
			{bone "emit5"
				{parameters "Group=commander;"}
				{Matrix34
					0.99863	0	0.0523361
					0	1	0
					-0.0523361	0	0.99863
					-166.762	14.2482	-8.73961
				}
				{visibility 0}
			}
			{bone "emit1"
				{parameters "Group=driver;"}
				{Matrix34
					0	-1	0
					0.99863	0	0.052336
					-0.052336	0	0.99863
					-6.14464	39.6477	-0.322027
				}
				{visibility 0}
			}
			{bone "seat14"
				{Matrix34
					0	1	0
					-0.99863	0	-0.0523361
					-0.0523361	0	0.99863
					-42.0837	-15.089	17.8229
				}
			}
			{bone "seat16"
				{Matrix34
					0	1	0
					-0.99863	0	-0.0523361
					-0.0523361	0	0.99863
					-33.2734	-15.089	18.2847
				}
			}
			{bone "seat11"
				{Matrix34
					0	-1	0
					0.99863	0	0.052336
					-0.052336	0	0.99863
					-53.1998	14.9933	17.2404
				}
			}
			{bone "seat15"
				{Matrix34
					0	-1	0
					0.99863	0	0.052336
					-0.052336	0	0.99863
					-35.0728	14.9933	18.1904
				}
			}
			{bone "seat13"
				{Matrix34
					0	-1	0
					0.99863	0	0.052336
					-0.052336	0	0.99863
					-43.3834	14.9933	17.7548
				}
			}
			{bone "emit4"
				{parameters "Group=commander;"}
				{Matrix34
					0.99863	0	0.0523361
					0	1	0
					-0.0523361	0	0.99863
					-166.762	-14.252	-8.73961
				}
				{visibility 0}
			}
			{bone "emit6"
				{parameters "Group=commander;"}
				{Matrix34
					0.99863	0	0.0523361
					0	1	0
					-0.0523361	0	0.99863
					-166.762	-14.252	-8.73961
				}
				{visibility 0}
			}
			{bone "emit_cargo"
				{Matrix34
					0.99863	0	0.0523361
					0	1	0
					-0.0523361	0	0.99863
					-166.762	0	-8.73961
				}
				{visibility 0}
			}
			;{bone "commander2"
			;	{Matrix34
			;		0.99863	0	0.0523361
			;		0	1	0
			;		-0.0523361	0	0.99863
			;		17.5813	-0.184858	26.1339
			;	}
			;}
			{bone revolute "mgun_rot_h_left"
				{parameters "ID=turret;"}
				{speed 0.03}
				{Matrix34
					0.998158	0	0.0606641
					0	1	0
					-0.0606641	0	0.998158
					-8.48577	24.6809	33.7274
				}
				;{VolumeView "mgun_rot_h_left.ply"}
				{bone revolute "mgun_rot_v_left"
					{parameters "ID=turret;"}
					{limits -20 30}
					{speed 0.03}
					{Matrix34
						0	1	0
						0	0	1
						1	0	0
						0.0251389	0.0103188	3.15341
					}
					;{VolumeView "mgun_rot_v_left.ply"}
					{bone "mgun_left_link"
						{Matrix34
							1	0	0
							0	0.999965	0.00834444
							0	-0.00834443	0.999965
							-7.82155	-0.65303	-0.00544739
						}
					}
					{bone "visor2"
						{Matrix34
							1	0	0
							0	0.00834439	-0.999965
							0	0.999965	0.00834439
							7.0023	0.157276	0.0781975
						}
					}
					{bone "gunner2"
						{Matrix34
							1	0	0
							0	0.00834105	-0.999965
							0	0.999965	0.00834105
							-12.3589	-17.2772	-0.144119
						}
					}
				}
			}
			{bone revolute "mgun_rot_h_right"
				{parameters "ID=turret;"}
				{speed 0.03}
				{Matrix34
					-0.999031	0	-0.0440042
					0	-1	0
					-0.0440042	0	0.999031
					-8.22633	-24.0465	35.2551
				}
				;{VolumeView "mgun_rot_h_right.ply"}
				{bone revolute "mgun_rot_v_right"
					{parameters "ID=turret;"}
					{limits -20 30}
					{speed 0.03}
					{Matrix34
						0	1	0
						0	0	1
						1	0	0
						0.0251389	0.0103188	3.15341
					}
					;{VolumeView "mgun_rot_v_right.ply"}
					{bone "mgun_right_link"
						{Matrix34
							1	0	0
							0	0.999965	0.00834444
							0	-0.00834443	0.999965
							-6.63759	-0.653332	0.0305405
						}
					}
					{bone "visor3"
						{Matrix34
							1	0	0
							0	0.00834439	-0.999965
							0	0.999965	0.00834439
							7.0023	0.157276	0.0781975
						}
					}
				}
				{bone "gunner1"
					{Matrix34
						0	1	0
						-0.999965	0	0.00834122
						0.00834122	0	0.999965
						-0.104218	-13.5881	-15.636
					}
				}
			}
			{bone revolute "dummy_rot_h"
				{limits -20 30}
				{speed 0.03}
				{Matrix34
					0.99863	0	0.0523361
					0	1	0
					-0.0523361	0	0.99863
					-50.0661	0	43.1659
				}
				{bone revolute "dummy_rot_v"
					{limits -20 30}
					{speed 0.03}
					{Matrix34
						1	0	0
						0	0	1
						0	-1	0
						0	0	6.52569
					}
					{bone revolute "dummy"
						{parameters "ID=dummy;"}
						{Position 0	6.90753	0}
					}
					{bone "foresight1"
						{Matrix34
							1	0	0
							0	0	-1
							0	1	0
							0	6.90754	0
						}
					}
				}
			}
		}
		}
	}
}
{Obstacle "body11"
	{Obb2
		{Center -81.0439 -0}
		{Extent 23.4958 25.1778}
		{Axis 1 0}
	}
	{Rotate}
	{Rotate}
}
{Obstacle "body12"
	{Obb2
		{Center 77.7766 -4.48227}
		{Extent 21.7622 26.5097}
		{Axis 1 0}
	}
	{Rotate}
	{Rotate}
}
{Obstacle "body6"
	{Obb2
		{Center -9.50433 -27.8829}
		{Extent 29.9759 6.04898}
		{Axis 1 0}
	}
	{Rotate}
	{Rotate}
}
{Obstacle "body7"
	{Obb2
		{Center 7.26397 27.5534}
		{Extent 47.9039 6.04898}
		{Axis 1 0}
	}
	{Rotate}
	{Rotate}
}
{Obstacle "body"
	{Obb2
		{Center 0.141861 0}
		{Extent 58.1018 24.438}
		{Axis 1 0}
	}
	{Rotate}
	{Rotate}
}
{Volume "body11"
	{Polyhedron "body11.vol"}
	{Bone "body"}
	{Matrix34
		0.99863	0	0.0523361
		0	1	0
		-0.0523361	0	0.99863
		-131.186	0	10.6842
	}
}
{Volume "body12"
	{Polyhedron "body12.vol"}
	{Bone "body"}
	{Matrix34
		0.99863	0	0.0523361
		0	1	0
		-0.0523361	0	0.99863
		27.3298	0	19.3863
	}
}
{Volume "body1"
	{Box 100.254 15.7337 15.5099}
	{Bone "body"}
	{Matrix34
		0.99863	0	0.0523361
		0	1	0
		-0.0523361	0	0.99863
		-246.23	0	47.0856
	}
}
{Volume "body2"
	{Box 40.7185 8.0203 13.2893}
	{Bone "body"}
	{Matrix34
		-0.75471	0	0.656058
		0	1	0
		-0.656058	0	-0.75471
		-305.871	0	58.2232
	}
}
{Volume "body3"
	{Box 67.5927 2.65957 15.2827}
	{Bone "body"}
	{Matrix34
		0	1	0
		0.0523363	0	-0.99863
		-0.99863	0	-0.0523363
		-264.063	0.160149	47.3476
	}
}
{Volume "body4"
	{Box 19.9189 8.98936 9.01679}
	{Bone "body"}
	{Matrix34
		0.99863	0	0.0523355
		0	-1	0
		0.0523355	0	-0.99863
		-190.991	0.160149	38.5494
	}
}
{Volume "body5"
	{Box 92.2335 20.7726 22.7343}
	{Bone "body"}
	{Matrix34
		0.99863	0	0.0523361
		0	1	0
		-0.0523361	0	0.99863
		-153.504	0	52.8548
	}
}
{Volume "body6"
	{Box 59.9518 12.098 11.5476}
	{Bone "body"}
	{Matrix34
		0.99863	0	0.0523361
		0	1	0
		-0.0523361	0	0.99863
		-62.9994	27.8829	21.8421
	}
}
{Volume "body7"
	{Box 95.8077 12.098 11.5476}
	{Bone "body"}
	{Matrix34
		0.99863	0	0.0523361
		0	1	0
		-0.0523361	0	0.99863
		-46.2541	-27.5534	22.7197
	}
}
{Volume "body8"
	{Box 76.2169 21.8743 12.0095}
	{Bone "body"}
	{Matrix34
		0.99863	0	0.0523361
		0	1	0
		-0.0523361	0	0.99863
		-70.5993	0	73.2683
	}
}
{Volume "body9"
	{Box 106.609 25.7289 16.2536}
	{Bone "body"}
	{Matrix34
		0.99863	0	0.0523361
		0	1	0
		-0.0523361	0	0.99863
		-57.9347	0	64.3688
	}
}
{Volume "body"
	{Polyhedron "body.vol"}
	{Bone "body"}
	{Matrix34
		0.99863	0	0.0523361
		0	1	0
		-0.0523361	0	0.99863
		-52.9224	0	13.8746
	}
}
{Volume "engine"
	{Box 55.9377 32.933 22.3812}
	{Bone "engine"}
	{Matrix34
		0.99863	0	0.0523361
		0	1	0
		-0.0523361	0	0.99863
		0.0403737	0	-1.04364
	}
}
{Volume "propeller1"
	{Box 14.6627 3.95148 198.381}
	{Bone "propeller1"}
	{Matrix34
		-0.502406	0.859935	0.0900079
		-0.00950864	0.0985982	-0.995082
		-0.864581	-0.500789	-0.0413592
		0.550049	-1.2121	-0.0790801
	}
}
{Volume "propeller2"
	{Box 14.9634 3.95148 192.508}
	{Bone "propeller2"}
	{Matrix34
		-0.97681	-0.211138	0.0355325
		-0.0431312	0.0314926	-0.998573
		0.209718	-0.97695	-0.0398688
		-0.20644	0.46122	0.780157
	}
}
{Volume "propeller3"
	{Box 14.5296 3.95148 192.508}
	{Bone "propeller3"}
	{Matrix34
		-0.111471	-0.991742	-0.063418
		-0.0379397	0.0680161	-0.996963
		0.993044	-0.108726	-0.045208
		0.708466	0.889708	1.03444
	}
}
{Volume "propeller4"
	{Box 15.0386 3.95148 196.256}
	{Bone "propeller4"}
	{Matrix34
		0.912979	-0.401826	-0.0707511
		-0.0831065	-0.0133765	-0.996451
		0.399454	0.915619	-0.0456067
		-2.47076	1.86375	0.00262213
	}
}
{Volume "propeller_b1"
	{Box 30.5388 1.84467 6.74565}
	{Bone "propeller_b1"}
	{Matrix34
		0.895972	0	-0.44411
		0	1	0
		0.44411	0	0.895972
		-0.0530492	0	-0.348356
	}
}
{Volume "propeller_b2"
	{Box 30.5388 1.84467 6.68319}
	{Bone "propeller_b2"}
	{Matrix34
		-0.0839745	0	0.996468
		0	1	0
		-0.996468	0	-0.0839745
		-0.0854962	0	-0.686282
	}
}
{Volume "propeller_b"
	{Box 30.5388 1.84467 6.87057}
	{Bone "propeller_b"}
	{Matrix34
		-0.824812	0	-0.565407
		0	1	0
		0.565407	0	-0.824812
		0.0521504	0	-0.0583706
	}
}
{Volume "propeller"
	{Box 16.2417 3.95148 198.381}
	{Bone "propeller"}
	{Matrix34
		0.669622	0.74231	0.0241376
		0.0573017	-0.0192334	-0.998172
		-0.740488	0.669782	-0.0554146
		-1.8505	-1.7936	-0.0363965
	}
}
{Volume "rotor_b"
	{Box 6.88976 6.88976 6.88976}
	{Bone "rotor_b"}
	{Matrix34
		0	0.202893	-0.979201
		1	0	0
		0	-0.979201	-0.202893
		3.25095	3.4867e-005	0
	}
}
{Volume "rotor"
	{Box 21.7284 21.5872 17.2044}
	{Bone "rotor"}
	{Matrix34
		0	0	-1
		0	1	0
		1	0	0
		0	0	0
	}
}
{Volume "wheelf"
	{Cylinder 5.89926 9.75603}
	{Bone "wheelf"}
	{Matrix34
		0.99863	0	0.0523361
		-0.0523361	0	0.99863
		0	-1	0
		0.00625624	-3.09889	-0.119302
	}
}
{Volume "wheell"
	{Cylinder 8.32688 5.95118}
	{Bone "wheell"}
	{Matrix34
		0.99863	0	0.0523361
		-0.0523361	0	0.99863
		0	-1	0
		1.15252e-005	0	0
	}
}
{Volume "wheelr"
	{Cylinder 8.32688 5.95118}
	{Bone "wheer"}
	{Matrix34
		0.99863	0	0.0523361
		-0.0523361	0	0.99863
		0	-1	0
		1.15252e-005	1.16825e-005	0
	}
}
{Volume "window10"
	{Box 7.87402 7.87402 2.23657}
	{Bone "window10"}
	{Matrix34
		0.99863	0	0.0523361
		-0.0519461	0.121869	0.991186
		-0.00637815	-0.992546	0.121702
		0.165206	0.065765	-0.0110242
	}
}
{Volume "window11"
	{Box 7.87402 7.87402 2.23657}
	{Bone "window11"}
	{Matrix34
		0.99863	0	0.0523361
		-0.0519461	0.121869	0.991186
		-0.00637815	-0.992546	0.121702
		0.0836515	0.0657574	0.0181773
	}
}
{Volume "window12"
	{Box 7.87402 7.87402 2.23657}
	{Bone "window12"}
	{Matrix34
		0.99863	0	0.0523361
		-0.0519461	0.121869	0.991186
		-0.00637815	-0.992546	0.121702
		0.0667047	0.065765	0.0159037
	}
}
{Volume "window13"
	{Box 7.87402 7.87402 2.23657}
	{Bone "window13"}
	{Matrix34
		0.99863	0	0.0523361
		-0.0519461	0.121869	0.991186
		-0.00637815	-0.992546	0.121702
		0.110043	0.203788	-0.124965
	}
}
{Volume "window14"
	{Box 10.8249 15.0915 2.24641}
	{Bone "window14"}
	{Matrix34
		-0.534282	0.832584	0.146104
		0.228845	-0.0239214	0.973169
		0.81374	0.553382	-0.177752
		-0.0932069	0.0471607	-0.00891657
	}
}
{Volume "window15"
	{Box 11.9188 7.93912 2.23657}
	{Bone "window15"}
	{Matrix34
		0.0062198	0.999976	0.00317335
		-0.0911766	-0.00259308	0.995831
		0.995815	-0.00648321	0.0911583
		0.0969709	0	0.0111128
	}
}
{Volume "window16"
	{Box 10.9082 14.9688 2.24641}
	{Bone "window16"}
	{Matrix34
		0.473764	0.875888	-0.0914842
		0.160931	0.0160258	0.986836
		0.865823	-0.48225	-0.133365
		-0.0931942	-0.0471617	-0.00891142
	}
}
{Volume "window17"
	{Box 10.187 12.7125 2.23657}
	{Bone "window17"}
	{Matrix34
		0.00621933	0.999976	0.00317335
		0.740422	-0.00673793	0.672109
		0.672114	-0.00183045	-0.740446
		0.37656	-0.000397059	-0.812616
	}
}
{Volume "window18"
	{Box 9.20906 14.9938 3.6881}
	{Bone "window18"}
	{Matrix34
		-0.438134	0.886973	-0.146007
		-0.562663	-0.143931	0.814061
		0.701035	0.43882	0.562127
		0.0814154	0.0445165	0.0432698
	}
}
{Volume "window19"
	{Box 9.94252 14.2315 2.23657}
	{Bone "window19"}
	{Matrix34
		0.00621932	0.999976	0.00317335
		-0.618827	0.00135598	0.785526
		0.785502	-0.0068492	0.61882
		0.0728033	0	0.0670694
	}
}
{Volume "window1"
	{Box 8.14961 14.7397 3.90594}
	{Bone "window1"}
	{Matrix34
		0.461559	0.863507	0.203275
		-0.556485	0.103381	0.824402
		0.69086	-0.493628	0.528245
		0.0814295	-0.044517	0.0432774
	}
}
{Volume "window20"
	{Box 13.474 15.7654 2.23657}
	{Bone "window20"}
	{Matrix34
		-0.972771	0.185693	-0.138688
		-0.166773	-0.145292	0.975232
		0.160943	0.971807	0.172304
		0.0428495	0.0879869	0.197949
	}
}
{Volume "window21"
	{Box 13.7522 15.9874 2.23657}
	{Bone "window21"}
	{Matrix34
		0.98595	0.155154	0.0618944
		-0.0782791	0.101817	0.991718
		0.147568	-0.982629	0.112532
		-0.504366	-0.0879853	0.157592
	}
}
{Volume "window22"
	{Box 10.8661 15.369 2.23657}
	{Bone "window22"}
	{Matrix34
		-0.768728	0.536288	-0.3485
		-0.447292	-0.0613191	0.892284
		0.457151	0.841805	0.287015
		0.0300534	0.0615545	0.0740421
	}
}
{Volume "window23"
	{Box 10.8661 16.9422 2.23657}
	{Bone "window23"}
	{Matrix34
		0.748529	0.575799	0.328877
		-0.464432	0.10124	0.879803
		0.473294	-0.811299	0.343201
		0.0300399	-0.0615548	0.0740572
	}
}
{Volume "window2"
	{Box 7.87402 7.87402 2.23657}
	{Bone "window2"}
	{Matrix34
		-0.999641	-0.0145929	0.0224881
		0.023895	-0.104734	0.994214
		-0.0121532	0.994394	0.105045
		0.0488903	-0.471127	-0.176773
	}
}
{Volume "window3"
	{Box 7.87402 7.87402 2.23657}
	{Bone "window3"}
	{Matrix34
		-0.99863	0	-0.052336
		-0.0520494	-0.104528	0.993159
		-0.00546933	0.994522	0.104385
		0.201113	-0.048625	0.0149027
	}
}
{Volume "window4"
	{Box 7.87402 7.87402 2.23657}
	{Bone "window4"}
	{Matrix34
		-0.99863	0	-0.0523359
		-0.051946	-0.121869	0.991186
		-0.00637686	0.992546	0.121702
		0.215734	-0.115166	-0.00836539
	}
}
{Volume "window5"
	{Box 7.87402 7.87402 2.23657}
	{Bone "window5"}
	{Matrix34
		-0.99863	0	-0.0523359
		-0.051946	-0.121869	0.991186
		-0.00637686	0.992546	0.121702
		0.259858	-0.115162	0.027405
	}
}
{Volume "window6"
	{Box 7.87402 7.87402 2.23657}
	{Bone "window6"}
	{Matrix34
		-0.99863	0	-0.0523359
		-0.051946	-0.121869	0.991186
		-0.00637686	0.992546	0.121702
		-0.0609184	-0.115166	0.00922799
	}
}
{Volume "window7"
	{Box 7.87402 7.87402 2.23657}
	{Bone "window7"}
	{Matrix34
		-0.99863	0	-0.0523359
		-0.051946	-0.121869	0.991186
		-0.00637686	0.992546	0.121702
		0.215155	-0.115166	-0.119465
	}
}
{Volume "window9"
	{Box 7.87402 7.87402 2.23657}
	{Bone "window9"}
	{Matrix34
		0.99863	0	0.0523361
		-0.0519461	0.121869	0.991186
		-0.00637815	-0.992546	0.121702
		0.0410032	0.065765	0.0259211
	}
}
