;Exported by: misan
;Date:        Thu Dec  7 09:17:28 2023
;File:        D:\Cold War\ModelWIP\USA\M114\M114 XX.max
{Skeleton
	{bone "basis"
		{Orientation
			1	0	0
			0	-1	0
			0	0	1
		}
		{bone "body"
			{parameters "id=body;"}
			{Matrix34
				0.998176	0.0472715	-0.037551
				-0.0463811	0.99863	0.0242394
				0.0386454	-0.0224535	0.999001
				2.24384	0	17.9513
			}
			{VolumeView "body.ply"}
			{bone "doorback"
				{parameters "id=body;"}
				{Matrix34
					0.93358	0.358368	0
					-0.358368	0.93358	0
					0	0	1
					-41.4869	-9.27182	0.232218
				}
				{VolumeView "doorback.ply"}
			}
			{bone "cover2"
				{parameters "id=body;"}
				{Matrix34
					0.70702	0.707045	-0.0144987
					0.707097	-0.706436	0.0310082
					0.0116819	-0.0321753	-0.999414
					-34.2754	-0.949487	11.0209
				}
				{VolumeView "cover2.ply"}
			}
			{bone "engine"
				{parameters "id=engine;"}
				{Position 2.58363	-11.883	10.2976}
				{VolumeView "engine.ply"}
			}
			{bone "detail3"
				{parameters "id=body;"}
				{Position -22.319	-11.8424	12.3933}
				{VolumeView "detail3.ply"}
			}
			{bone "cover_driver"
				{parameters "id=body;"}
				{Matrix34
					0.751363	0.350367	-0.559193
					-0.422618	0.906308	0
					0.506801	0.236325	0.829037
					7.31115	18.2076	11.1556
				}
				{VolumeView "cover_driver.ply"}
			}
			{bone "vane"
				{parameters "id=body;"}
				{Matrix34
					0.939693	0	-0.34202
					0	1	0
					0.34202	0	0.939693
					40.2431	-2.22027e-05	1.85687
				}
				{VolumeView "vane.ply"}
			}
			{bone "wheelr6"
				{parameters "id=trackright;Radius=0.2;"}
				{Matrix34
					1	0	0
					0	0	-1
					0	1	0
					-36.3232	-16.6799	-7.43529
				}
				{VolumeView "wheelr6.ply"}
			}
			{bone "wheelr1"
				{parameters "id=trackright;Radius=0.2;"}
				{Matrix34
					1	0	0
					0	0	-1
					0	1	0
					31.6001	-18.286	-7.68777
				}
				{VolumeView "wheelr1.ply"}
			}
			{bone "cupola"
				{parameters "id=turret;"}
				{Position -15.6509	8.50394	10.2072}
				{VolumeView "cupola.ply"}
				{bone revolute "turret"
					{parameters "id=turret;"}
					{Matrix34
						0.615662	0.788011	0
						-0.788011	0.615662	0
						0	0	1
						-0.0365257	0.0160503	4.69927
					}
					{VolumeView "turret.ply"}
					{bone revolute "mgun_rot_h"
						{parameters "id=turret;"}
						{Position 14.592	-0.00341606	4.26011}
						{VolumeView "mgun_rot_h.ply"}
						{bone revolute "mgun_rot"
							{Matrix34
								0.765593	0	0.643325
								-0.476122	0	0.879379
								0	-1	0
								-1.799	0.00226784	2.66652
							}
							{VolumeView "mgun_rot.ply"}
							{bone "mgun_help"
								{Position -9.81989	0.479515	-0.00304604}
							}
						}
					}
					{bone "cover1_r"
						{parameters "id=turret;"}
						{Matrix34
							1	0	0
							0	-0.999848	0.0174525
							0	-0.0174525	-0.999848
							0.0174942	-6.91623	0.941326
						}
						{VolumeView "cover1_r.ply"}
					}
					{bone "cover1_l"
						{parameters "id=turret;"}
						{Matrix34
							1	0	0
							0	-0.891007	0.453991
							0	-0.453991	-0.891007
							0.0174944	6.93581	0.941322
						}
						{VolumeView "cover1_l.ply"}
					}
					{bone "commander"
						{Position 0.937546	-0.0687065	9.09354}
					}
				}
			}
			{bone "wheell6"
				{parameters "id=trackleft;Radius=0.2;"}
				{Matrix34
					0.994713	0.0527667	0.0880968
					0.0985412	-0.249069	-0.963459
					0.0288964	-0.967047	0.252952
					-36.3722	16.7038	-7.66669
				}
				{VolumeView "wheell6.ply"}
			}
			{bone "wheell1"
				{parameters "id=trackleft;Radius=0.2;"}
				{Matrix34
					1	0	0
					0	0	-1
					0	-1	0
					31.6001	18.2874	-7.68777
				}
				{VolumeView "wheell1.ply"}
			}
			{bone "fxsmoke1"
				{Matrix34
					0	-0.913545	-0.406737
					1	0	0
					0	-0.406737	0.913545
					-6.03702	-22.287	11.2273
				}
			}
			{bone "fxfire4"
				{Matrix34
					0.998176	-0.0463811	0.0386457
					0.0472715	0.99863	-0.0224537
					-0.0375513	0.0242396	0.999001
					-15.331	9.44415	6.25153
				}
			}
			{bone "fxfire1"
				{Matrix34
					0.998176	-0.0463811	0.0386457
					0.0472715	0.99863	-0.0224537
					-0.0375513	0.0242396	0.999001
					2.61252	-13.4407	7.48127
				}
			}
		}
		{bone "wheelsr"
			{Position -0.295646	-14.9263	8.87446}
			{VolumeView "wheelsr.ply"}
			{bone "trackr"
				{parameters "id=trackleft;"}
				{Matrix34
					-1	0	0
					0	-1	0
					0	0	1
					-0.860206	-3.0191	-1.29054
				}
				{VolumeView "trackr.ply"}
			}
			{bone revolute "wheelr2"
				{parameters "id=trackright;Radius=0.4;"}
				{Matrix34
					0.972392	-0.225012	0.0618263
					0.0291627	-0.145692	-0.9889
					0.231522	0.963402	-0.135108
					22.8351	-3.32563	-2.48787
				}
				{VolumeView "wheelr2.ply"}
			}
			{bone revolute "wheelr3"
				{parameters "id=trackright;Radius=0.4;"}
				{Matrix34
					0.973142	0.225215	0.0476709
					-0.00893618	0.243881	-0.969764
					-0.230031	0.943292	0.239344
					8.30495	-3.3088	-2.80111
				}
				{VolumeView "wheelr3.ply"}
			}
			{bone revolute "wheelr4"
				{parameters "id=trackright;Radius=0.4;"}
				{Matrix34
					0.987854	-0.144715	-0.0565924
					-0.0899868	-0.235874	-0.967608
					0.126679	0.960948	-0.246032
					-7.35625	-3.32357	-2.39507
				}
				{VolumeView "wheelr4.ply"}
			}
			{bone revolute "wheelr5"
				{parameters "id=trackright;Radius=0.4;"}
				{Matrix34
					0.98934	0.140528	0.0381792
					0.013186	0.174652	-0.984542
					-0.145024	0.97455	0.170938
					-22.0557	-3.33494	-2.74388
				}
				{VolumeView "wheelr5.ply"}
			}
		}
		{bone "wheelsl"
			{Position -0.295509	14.9264	8.8745}
			{VolumeView "wheelsl.ply"}
			{bone "trackl"
				{parameters "id=trackleft;"}
				{Position 0.214146	2.41945	-1.29058}
				{VolumeView "trackl.ply"}
			}
			{bone revolute "wheell2"
				{parameters "id=trackleft;Radius=0.4;"}
				{Matrix34
					0.8537	0.4656	0.233266
					0.21026	0.101627	-0.972349
					-0.476432	0.879141	-0.011138
					22.6301	3.24708	-2.61023
				}
				{VolumeView "wheell2.ply"}
			}
			{bone revolute "wheell3"
				{parameters "id=trackleft;Radius=0.4;"}
				{Matrix34
					0.91973	-0.267547	-0.287254
					-0.199551	0.311502	-0.929056
					0.338046	0.911803	0.233109
					8.39522	3.2744	-2.40591
				}
				{VolumeView "wheell3.ply"}
			}
			{bone revolute "wheell4"
				{parameters "id=trackleft;Radius=0.4;"}
				{Matrix34
					0.972124	0.228094	0.0542936
					0.0284028	0.115296	-0.992925
					-0.232741	0.966788	0.105604
					-7.4451	3.3204	-2.51258
				}
				{VolumeView "wheell4.ply"}
			}
			{bone revolute "wheell5"
				{parameters "id=trackleft;Radius=0.4;"}
				{Matrix34
					0.980105	-0.193036	0.0461638
					0.00862197	-0.19096	-0.98156
					0.198292	0.96243	-0.185496
					-22.0112	3.31676	-2.75609
				}
				{VolumeView "wheell5.ply"}
			}
		}
		{bone "emit1"
			{Matrix34
				0	-1	0
				1	0	0
				0	0	1
				12.5408	36.0929	0
			}
		}
		{bone "emit2"
			{Matrix34
				0	-1	0
				1	0	0
				0	0	1
				-15.7363	36.0929	0
			}
		}
		{bone "emit3"
			{Position -58.3428	-4.19908	0}
		}
	}
}
{Volume "ammo"
	{Polyhedron "ammo.vol"}
	{Bone "body"}
	{Matrix34
		0	-1	0
		0	0	1
		-1	0	0
		-15.4544	16.9803	4.12075
	}
}
{Volume "body1"
	{Polyhedron "body1.vol"}
	{Bone "body"}
	{Matrix34
		0	-1	0
		0	0	1
		-1	0	0
		-0.562119	-0.113091	-6.46045
	}
}
{Volume "body2"
	{Polyhedron "body2.vol"}
	{Bone "body"}
	{Matrix34
		0	-1	0
		0	0	1
		-1	0	0
		-0.562119	-0.0765482	4.15372
	}
}
{Volume "engine"
	{Box 16.5766 13.528 12.6622}
	{Bone "body"}
	{Position 2.51403	-5.3941	1.88639}
}
{Volume "fuel"
	{Polyhedron "fuel.vol"}
	{Bone "body"}
	{Position 19.3086	-5.20363	-4.29342}
}
{Volume "transmission"
	{Cylinder 3.57597 25.6905}
	{Bone "body"}
	{Matrix34
		1	0	0
		0	0	1
		0	-1	0
		30.6398	0	-7.51122
	}
}
{Volume "turret"
	{Polyhedron "turret.vol"}
	{Bone "cupola"}
	{Matrix34
		0.92444	-0.381328	0
		0.381328	0.92444	0
		0	0	1
		0.0698729	0.000909805	1.4115
	}
}
