;Exported by: A
;Date:        Thu Oct 10 21:50:01 2019
;File:        D:\Cold War\Models\WiW Vietnam\Source\M42 Duster\m42duster_xx.max
{Skeleton
	{bone "basis"
		{parameters "Wheelradius=0.6;"}
		{Orientation
			1	0	0
			0	-1	0
			0	0	1
		}
		{bone "wheelsr"
			{parameters "ID=trackright;"}
			{Position 6.10772	-27.5787	0}
			{bone "trackr"
				{parameters "ID=trackright;"}
				{Matrix34
					1	0	0
					0	0	1
					0	-1	0
					-10.8349	0.944885	15.2057
				}
				{VolumeView "trackr.ply"}
			}
			{bone revolute "wheelr02"
				{parameters "ID=trackright;"}
				{Matrix34
					1	0	0
					0	0	-1
					0	1	0
					24.6078	0.551117	8.03184
				}
				{VolumeView "wheelr02.ply"}
			}
			{bone revolute "wheelr03"
				{parameters "ID=trackright;"}
				{Matrix34
					1	0	0
					0	0	-1
					0	1	0
					7.66848	0.551117	8.03184
				}
				{VolumeView "wheelr03.ply"}
			}
			{bone revolute "wheelr04"
				{parameters "ID=trackright;"}
				{Matrix34
					1	0	0
					0	-0.5	-0.866025
					0	0.866025	-0.5
					-8.52964	0.551117	8.03184
				}
				{VolumeView "wheelr04.ply"}
			}
			{bone revolute "wheelr05"
				{parameters "ID=trackright;"}
				{Matrix34
					1	0	0
					0	-0.173648	-0.984808
					0	0.984808	-0.173648
					-25.1164	0.551117	8.03184
				}
				{VolumeView "wheelr05.ply"}
			}
			{bone revolute "wheelr06"
				{parameters "ID=trackright;"}
				{Matrix34
					1	0	0
					0	0.34202	-0.939693
					0	0.939693	0.34202
					-42.3859	0.551117	8.03184
				}
				{VolumeView "wheelr06.ply"}
			}
		}
		{bone "wheelsl"
			{parameters "ID=trackleft;"}
			{Position 6.10772	27.5787	0}
			{bone "trackl"
				{parameters "ID=trackleft;"}
				{Matrix34
					1	0	0
					0	0	1
					0	-1	0
					-10.8349	-0.942368	15.2057
				}
				{VolumeView "trackl.ply"}
			}
			{bone "fxtracel1"
				{Matrix34
					-1	0	0
					0	-1	0
					0	0	1
					-5.5595	-0.375099	0
				}
			}
			{bone "fxtracel2"
				{Matrix34
					-1	0	0
					0	-1	0
					0	0	1
					-44.0762	-0.374016	0
				}
			}
			{bone revolute "wheell02"
				{parameters "ID=trackleft;"}
				{Matrix34
					1	0	0
					0	0.422618	-0.906308
					0	0.906308	0.422618
					24.6078	-1.22469	8.03184
				}
				{VolumeView "wheell02.ply"}
			}
			{bone revolute "wheell03"
				{parameters "ID=body;"}
				{Matrix34
					1	0	0
					0	-0.34202	-0.939693
					0	0.939693	-0.34202
					7.6777	-1.22469	8.03184
				}
				{VolumeView "wheell03.ply"}
			}
			{bone revolute "wheell04"
				{parameters "ID=trackleft;"}
				{Matrix34
					1	0	0
					0	-0.173648	-0.984808
					0	0.984808	-0.173648
					-8.52937	-1.22469	8.03184
				}
				{VolumeView "wheell04.ply"}
			}
			{bone revolute "wheell05"
				{parameters "ID=trackleft;"}
				{Matrix34
					1	0	0
					0	0	-1
					0	1	0
					-25.0987	-1.22469	8.03184
				}
				{VolumeView "wheell05.ply"}
			}
			{bone revolute "wheell06"
				{parameters "ID=trackleft;"}
				{Matrix34
					1	0	0
					0	0.173648	-0.984808
					0	0.984808	0.173648
					-42.3954	-1.22469	8.03184
				}
				{VolumeView "wheell06.ply"}
			}
		}
		{bone "body"
			{parameters "ID=body;"}
			{Position -6.04189	0	21.0418}
			{VolumeView "body.ply"}
			{bone "engine"
				{parameters "ID=engine;"}
				{Position -35.7957	-0.368575	7.5322}
				{VolumeView "engine.ply"}
			}
			{bone revolute "turret"
				{parameters "ID=turret;"}
				{Matrix34
					0.906308	0.422618	0
					-0.422618	0.906308	0
					0	0	1
					9.93493	0	10.5928
				}
				{VolumeView "turret.ply"}
				{bone revolute "gun_rot"
					{parameters "ID=gun;"}
					{Matrix34
						0.984808	0	-0.173648
						-0.173648	0	-0.984808
						0	1	0
						1.16691	0	11.5137
					}
					{VolumeView "gun_rot.ply"}
					{bone "gun1"
						{parameters "ID=gun;"}
						{Matrix34
							0.98129	-0.0845275	0.172987
							-0.17101	0.0301532	0.984808
							-0.0884594	-0.995965	0.015134
							38.4995	-1.4478	6.0541
						}
						{VolumeView "gun1.ply"}
					}
					{bone "gun2"
						{parameters "ID=gun;"}
						{Matrix34
							0.965926	0.258819	0
							0	0	1
							0.258819	-0.965926	0
							39.0028	3.2327	-2.44682
						}
						{VolumeView "gun2.ply"}
					}
				}
				{bone "gunner"
					{Position -3.68337	-11.9578	-7.80917}
				}
				{bone "gunner1"
					{Position -3.68337	11.9488	-7.80917}
				}
			}
			{bone "cover1"
				{parameters "ID=body;"}
				{Matrix34
					0.547293	-0.453071	-0.703702
					-0.710571	-0.6958	-0.104652
					-0.442221	0.557306	-0.702745
					44.1134	17.8417	11.4943
				}
				{VolumeView "cover1.ply"}
			}
			{bone revolute "wheelr01"
				{parameters "ID=trackright;"}
				{Matrix34
					1	0	0
					0	-0.173648	-0.984808
					0	0.984808	-0.173648
					49.3733	-27.0276	-4.76775
				}
				{VolumeView "wheelr01.ply"}
			}
			{bone revolute "wheelr07"
				{parameters "ID=trackright;"}
				{Matrix34
					1	0	0
					0	0	-1
					0	1	0
					-45.9885	-27.0396	-4.66445
				}
				{VolumeView "wheelr07.ply"}
			}
			{bone revolute "wheelr08"
				{parameters "ID=trackright;"}
				{Matrix34
					1	0	0
					0	0	-1
					0	1	0
					25.8746	-27.0976	-1.56397
				}
				{VolumeView "wheelr08.ply"}
			}
			{bone revolute "wheelr09"
				{parameters "ID=trackright;"}
				{Matrix34
					1	0	0
					0	0	-1
					0	1	0
					-3.17431	-27.0976	-1.56397
				}
				{VolumeView "wheelr09.ply"}
			}
			{bone revolute "wheelr10"
				{parameters "ID=trackright;"}
				{Matrix34
					1	0	0
					0	0	-1
					0	1	0
					-24.1648	-27.0976	-1.56397
				}
				{VolumeView "wheelr10.ply"}
			}
			{bone revolute "wheell01"
				{parameters "ID=trackleft;"}
				{Matrix34
					1	0	0
					0	-0.173648	-0.984808
					0	0.984808	-0.173648
					49.3721	26.354	-4.75935
				}
				{VolumeView "wheell01.ply"}
			}
			{bone revolute "wheell07"
				{parameters "ID=trackleft;"}
				{Matrix34
					1	0	0
					0	0	-1
					0	1	0
					-45.9885	27.0396	-4.66445
				}
				{VolumeView "wheell07.ply"}
			}
			{bone revolute "wheell08"
				{parameters "ID=trackleft;"}
				{Matrix34
					1	0	0
					0	0	-1
					0	1	0
					25.8746	26.3605	-1.56397
				}
				{VolumeView "wheell08.ply"}
			}
			{bone revolute "wheell09"
				{parameters "ID=trackleft;"}
				{Matrix34
					1	0	0
					0	0	-1
					0	1	0
					-3.17431	26.3605	-1.56397
				}
				{VolumeView "wheell09.ply"}
			}
			{bone revolute "wheell10"
				{parameters "ID=trackleft;"}
				{Matrix34
					1	0	0
					0	0	-1
					0	1	0
					-24.1648	26.3605	-1.56397
				}
				{VolumeView "wheell10.ply"}
			}
			{bone "cover2"
				{parameters "ID=body;"}
				{Matrix34
					0.9468	0.321394	0.0166127
					-0.146022	0.383022	0.912125
					0.286788	-0.866026	0.409576
					44.0937	-18.6114	11.4943
				}
				{VolumeView "cover2.ply"}
			}
		}
	}
}
