;Exported by: Администратор
;Date:        Tue Jan 01 06:10:53 2002
;File:        C:\Documents and Settings\Администратор\Мои документы\3dsmax\scenes\d30.max
{Skeleton
	{animation
		{sequence "close" {speed 1}}
		{sequence "recoil" {speed 1.4}}
	}
	{bone revolute "basis"
		{parameters "Wheelradius=0.5;"}
		{Orientation
			1	0	0
			0	-1	0
			0	0	1
		}
		{bone "body"
			{parameters "ID=Body;"}
			{Matrix34
				-0.999987	0	0.00513837
				0.00513837	0	0.999987
				0	1	0
				8.64874	-0.0392215	0.107075
			}
			{VolumeView "body.ply"}
			{bone revolute "turret"
				{parameters "ID=Turret;"}
				{Matrix34
					0.999971	-0.00756998	0
					0	0	-1
					0.00756998	0.999971	0
					-0.694427	10.0607	-0.0119017
				}
				{VolumeView "turret.ply"}
				{bone revolute "gun_rot"
					{parameters "ID=Gun_rot;"}
					{limits -5 70}
					{Matrix34
						0.999993	0	0.00364954
						-0.00364928	0.0120114	0.999921
						-4.38362e-005	-0.999928	0.0120114
						-9.00999	-0.658668	10.196
					}
					{VolumeView "gun_rot.ply"}
					{bone "gun"
						{parameters "ID=Gun;"}
						{Matrix34
							-1	0	0
							0	0.999579	-0.0290259
							0	-0.0290259	-0.999579
							45.1474	-1.5947	0.193657
						}
						{VolumeView "gun.ply"}
						{bone "fx_invers"
							{Matrix34
								0.999993	0.00365075	-0.000121204
								5.90603e-005	0.0170175	0.999855
								0.00365228	-0.999848	0.0170172
								47.3411	-0.114065	0.255019
							}
						}
						{bone "foresight1"
							{parameters "Vis;"}
							{Matrix34
								-0.999993	-0.00364827	0.000178965
								-5.86232e-005	0.0650195	0.997884
								-0.00365219	0.997877	-0.0650193
								-38.6913	-0.272318	0.494542
							}
						}
						{bone "fs1"
							{Matrix34
								-5.81637e-005	0.0650195	0.997884
								0.999993	0.00366006	-0.000180193
								-0.00366404	0.997877	-0.0650192
								-33.7422	-0.0866585	3.4898
							}
						}
						{bone "fs2"
							{Matrix34
								5.8189e-005	-0.0650194	-0.997884
								-0.999993	-0.00365236	0.000179666
								-0.00365632	0.997877	-0.0650192
								-33.7421	-0.404778	-2.45222
							}
						}
						{bone "visor"
							{parameters "Vis;"}
							{Matrix34
								-0.999999	-0.00121632	5.00679e-005
								0	0.0410299	0.999158
								-0.00121735	0.999157	-0.0410298
								25.1841	9.42237	0.494085
							}
						}
						{bone "link1"
							{Matrix34
								-0.999999	-0.00120202	0.000437736
								0.000388037	0.0410399	0.999157
								-0.00121897	0.999157	-0.0410394
								-46.5321	-3.75305	0.702645
							}
						}
					}
				}
				{bone "sho"
					{parameters "ID=Sho;"}
					{Matrix34
						0.999726	0.0232717	0.00243091
						-0.00243157	0	0.999997
						0.0232715	-0.999729	5.65782e-005
						-3.2887	0.389236	2.95079
					}
					{VolumeView "sho.ply"}
					{bone revolute "wheell1"
						{parameters "ID=wheelleft;Support=1;Radius=0.5;"}
						{Matrix34
							-0.916128	0.400318	-0.0213256
							-0.400209	-0.916376	-0.00931613
							-0.023272	0	0.999729
							12.8194	5.21848	-17.6342
						}
						{VolumeView "wheell1.ply"}
					}
					{bone revolute "wheelr"
						{parameters "ID=wheelright;Support=1;Radius=0.5;"}
						{Matrix34
							-0.999729	0	-0.0232716
							0	-1	0
							-0.0232718	0	0.999729
							11.7749	5.06906	18.6482
						}
						{VolumeView "wheelr.ply"}
					}
				}
				{bone "gunner"
					{Matrix34
						0.999933	0.0113165	0.00243139
						-0.0113165	0.999936	-2.76565e-005
						-0.00243155	0	0.999997
						-22.1245	13.1828	-9.76288
					}
				}
				{bone "commander"
					{Matrix34
						0.999917	0.0126315	0.00243139
						-0.0126315	0.99992	-3.05175e-005
						-0.00243158	0	0.999997
						-22.5372	-13.8858	-9.76388
					}
				}
				{bone "charger"
					{Matrix34
						0.999917	0.0126315	0.00243139
						-0.0126315	0.99992	-3.05175e-005
						-0.00243158	0	0.999997
						-16.5372	-9.8858	-9.76388
					}
				}
				{bone "charger2"
					{Matrix34
						0.999933	0.0113165	0.00243139
						-0.0113165	0.999936	-2.76565e-005
						-0.00243155	0	0.999997
						-29.1245	7.1828	-9.76288
					}
				}
			}
			{bone "standr"
				{parameters "ID=standr;"}
				{Matrix34
					0.999965	0.00831294	-0.000361443
					-0.00831446	0.999956	-0.00443028
					0.000324598	0.00443313	0.99999
					0.982115	7.21505	5.36917
				}
				{VolumeView "standr.ply"}
				{bone "shankr"
					{parameters "Vis;"}
					{Matrix34
						0.643006	-0.00525295	-0.765843
						-0.765743	0.0131531	-0.643013
						0.0134509	0.9999	0.00443511
						-32.9625	-1.93876	38.5209
					}
				}
			}
			{bone "standl"
				{parameters "ID=standl;"}
				{Matrix34
					0.999829	0.0184729	-0.00036335
					-0.0184744	0.999819	-0.00445841
					0.000280924	0.00446436	0.99999
					1.17929	6.14192	-5.37783
				}
				{VolumeView "standl.ply"}
				{bone "shankl"
					{parameters "Vis;"}
					{Matrix34
						0.64233	-0.0185922	0.766203
						0.766065	-0.0152221	-0.642583
						0.0236102	0.999711	0.00446525
						-31.7155	-0.207728	-40.8727
					}
				}
			}
			{bone "pivot_back"
				{Matrix34
					0.999987	-0.00513837	0
					0	0	-1
					0.00513837	0.999987	0
					-39.9585	0.614273	-0.487096
				}
			}
			{bone "pivot_front"
				{parameters "ID=body;"}
				{Matrix34
					0.999987	-0.00513837	0
					0	0	-1
					0.00513837	0.999987	0
					6.535	7.52766	-0.487094
				}
			}
			{bone "seat1"
				{Matrix34
					-0.00426008	-0.0044507	-0.999981
					-0.999877	-0.0150931	0.00432675
					-0.0151121	0.999876	-0.00438586
					30.9994	-2.87676	-11.0243
				}
			}
			{bone "seat2"
				{Matrix34
					0.00426031	0.00445106	0.999981
					0.999972	-0.00613353	-0.00423295
					0.00611469	0.999971	-0.00447708
					31.2223	-2.95531	12.1401
				}
			}
			{bone "seat3"
				{Matrix34
					-0.00426008	-0.0044507	-0.999981
					-0.999877	-0.0150931	0.00432675
					-0.0151121	0.999876	-0.00438586
					15.9994	-2.87676	-11.0243
				}
			}
			{bone "seat4"
				{Matrix34
					0.00426031	0.00445106	0.999981
					0.999972	-0.00613353	-0.00423295
					0.00611469	0.999971	-0.00447708
					15.2223	-2.95531	12.1401
				}
			}
			{bone "visor2"
				{parameters "Vis;"}
				{Matrix34
					0.999987	-0.0051379	0
					0	0	-1
					0.0051379	0.999987	0
					-4.36483	33.8869	-0.0207199
				}
			}
		}
		{bone "driver1"
			{Matrix34
				0.985473	-0.169834	0
				0.169834	0.985473	0
				0	0	1
				-15.1769	19.2637	0.455011
			}
		}
		{bone "driver2"
			{Matrix34
				0.984128	0.17746	0
				-0.17746	0.984128	0
				0	0	1
				-7.1769		-20.2117	0.455007
			}
		}
		{bone "driver4"
			{Matrix34
				0.985473	-0.169834	0
				0.169834	0.985473	0
				0	0	1
				-15.1769	14.2637	0.455011
			}
		}
		{bone "driver3"
			{Matrix34
				0.984128	0.17746	0
				-0.17746	0.984128	0
				0	0	1
				-23.1769	-15.2117	0.455007
			}
		}
		{bone "emit1"
			{Matrix34
				-0.999993	-0.00387134	0
				0.00387134	-0.999993	0
				0	0	1
				65.6394	27.9978	0.455011
			}
		}
		{bone "emit2"
			{Matrix34
				-0.999993	-0.00387134	0
				0.00387134	-0.999993	0
				0	0	1
				65.3399	-28.6135	0.455006
			}
		}
		{bone "emit3"
			{Matrix34
				-0.999993	-0.00387134	0
				0.00387134	-0.999993	0
				0	0	1
				40.6394	18.9978	0.455011
			}
		}
		{bone "emit4"
			{Matrix34
				-0.999993	-0.00387134	0
				0.00387134	-0.999993	0
				0	0	1
				40.3399	-18.6135	0.455006
			}
		}
	}
}
{Volume "body"
	{Polyhedron "body.vol"}
	{Bone "body"}
	{Matrix34
		0.999987	-0.00513837	0
		0.00513837	0.999987	0
		0	0	1
		4.94455	4.7199	-0.0475422
	}
}
{Volume "gun"
	{Polyhedron "gun.vol"}
	{Bone "gun"}
	{Matrix34
		-0.999993	-0.00364827	0.000178965
		-0.00365219	0.997877	-0.0650197
		5.86247e-005	-0.0650199	-0.997884
		-3.67538	-0.1085	0.33961
	}
}
{Volume "standl"
	{Polyhedron "standl.vol"}
	{Bone "standl"}
	{Matrix34
		0.64233	-0.0185925	0.766203
		0.766065	-0.0152219	-0.642583
		0.0236103	0.999711	0.00446555
		-15.4351	-1.00289	-19.8538
	}
}
{Volume "standr"
	{Polyhedron "standr.vol"}
	{Bone "standr"}
	{Matrix34
		0.62091	-0.00487613	-0.783867
		-0.783766	0.0132971	-0.620914
		0.0134508	0.9999	0.00443458
		-18.466	-2.37609	21.7484
	}
}
{Volume "turret"
	{Polyhedron "turret.vol"}
	{Bone "gun_rot"}
	{Matrix34
		0.999999	-0.00121736	-1.47819e-005
		0.00121745	0.999927	0.0120116
		0	-0.0120116	0.999928
		1.97831	-1.00325	-0.829768
	}
}
{Volume "wheell1"
	{Polyhedron "wheell1.vol"}
	{Bone "wheell1"}
	{Matrix34
		-0.916376	-0.400318	0
		0.400318	-0.916376	0
		0	0	1
		0.141373	0.318439	-0.0202007
	}
}
{Volume "wheelr1"
	{Polyhedron "wheelr1.vol"}
	{Bone "wheelr"}
	{Matrix34
		-1	0	0
		0	-1	0
		0	0	1
		0.0428144	0.0857944	-0.285662
	}
}
