;Exported by: misan
;Date:        Mon Feb  6 07:20:47 2023
;File:        D:\Cold War\ModelWIP\West Germany\Raketenjagdpanzer 1\Rak1 XX.max
{Skeleton
	{bone "basis"
		{Orientation
			1	0	0
			0	-1	0
			0	0	1
		}
		{bone "body"
			{parameters "id=body;"}
			{Position -0.519913	0.0078587	18.8831}
			{VolumeView "body.ply"}
			{bone revolute "wheell1"
				{parameters "id=trackleft;Radius=0.3;"}
				{Matrix34
					-0.958937	0.257252	0.11942
					0.12553	0.00739797	0.992062
					0.254326	0.966316	-0.0393869
					48.0068	20.4764	-6.5067
				}
				{VolumeView "wheell1.ply"}
			}
			{bone revolute "wheell8"
				{parameters "id=trackleft;Radius=0.12;"}
				{Matrix34
					-0.982486	0.161663	-0.0926612
					-0.112533	-0.11843	0.986565
					0.148517	0.979714	0.134548
					24.1083	21.1656	-4.55758
				}
				{VolumeView "wheell8.ply"}
			}
			{bone revolute "wheell9"
				{parameters "id=trackleft;Radius=0.12;"}
				{Matrix34
					-0.975937	0.0804905	0.202652
					0.212333	0.139346	0.967211
					0.0496126	0.986967	-0.153084
					8.3035	21.1656	-4.55758
				}
				{VolumeView "wheell9.ply"}
			}
			{bone revolute "wheell10"
				{parameters "id=trackleft;Radius=0.12;"}
				{Matrix34
					-0.980299	-0.155678	-0.121569
					-0.113916	-0.0572082	0.991842
					-0.161363	0.98615	0.0383469
					-21.1672	21.1656	-4.55758
				}
				{VolumeView "wheell10.ply"}
			}
			{bone revolute "wheell7"
				{parameters "id=trackleft;Radius=0.3;"}
				{Matrix34
					-0.994906	0.0792204	0.0623327
					0.0645147	0.0252858	0.997596
					0.0774538	0.996536	-0.0302679
					-41.1668	20.3807	-7.10975
				}
				{VolumeView "wheell7.ply"}
			}
			{bone revolute "wheelr1"
				{parameters "id=wheelright;Radius=0.3;"}
				{Matrix34
					-0.978646	-0.165082	-0.122472
					-0.137266	0.0813657	0.987187
					-0.153001	0.982918	-0.102288
					48.0068	-20.3389	-6.5067
				}
				{VolumeView "wheelr1.ply"}
			}
			{bone revolute "wheelr8"
				{parameters "id=wheelright;Radius=0.12;"}
				{Matrix34
					-0.98401	-0.175604	-0.0298045
					-0.0341884	0.0219918	0.999174
					-0.174803	0.984215	-0.0276438
					24.1083	-21.0361	-4.55758
				}
				{VolumeView "wheelr8.ply"}
			}
			{bone revolute "wheelr9"
				{parameters "id=wheelright;Radius=0.12;"}
				{Matrix34
					-0.967127	0.00542825	0.254235
					0.249291	-0.177078	0.952101
					0.0501877	0.984182	0.169904
					8.3035	-21.0361	-4.55758
				}
				{VolumeView "wheelr9.ply"}
			}
			{bone revolute "wheelr10"
				{parameters "id=wheelright;Radius=0.12;"}
				{Matrix34
					-0.979719	0.183612	0.0802393
					0.0699852	-0.0616716	0.99564
					0.18776	0.981062	0.0475707
					-21.1672	-21.0361	-4.55758
				}
				{VolumeView "wheelr10.ply"}
			}
			{bone revolute "wheelr7"
				{parameters "id=wheelright;Radius=0.3;"}
				{Matrix34
					-0.984377	0.160797	-0.071736
					-0.0645014	0.0497761	0.996675
					0.163833	0.985732	-0.0386268
					-41.1668	-20.0493	-7.10975
				}
				{VolumeView "wheelr7.ply"}
			}
			{bone "engine"
				{parameters "id=engine;"}
				{Matrix34
					1	0	0
					0	0	1
					0	-1	0
					-32.8084	1.45128e-05	1.04873
				}
				{VolumeView "engine.ply"}
				{bone "fxfire1"
					{Matrix34
						1	0	0
						0	0	-1
						0	1	0
						2.85987	3.90719	8.56983
					}
				}
			}
			{bone "cover_l1"
				{parameters "id=body;"}
				{Matrix34
					-0.0642032	0.996579	0.0520494
					0.107782	-0.0449271	0.993159
					-0.992099	-0.069374	0.104529
					29.9701	15.3405	15.0109
				}
				{VolumeView "cover_l1.ply"}
			}
			{bone "cover_l2"
				{parameters "id=body;"}
				{Matrix34
					0.0886448	-0.52992	0.843402
					-0.0553916	-0.848048	-0.527017
					-0.994522	0	0.104528
					23.2304	4.42345	15.6979
				}
				{VolumeView "cover_l2.ply"}
			}
			{bone "cover_r2"
				{parameters "id=body;"}
				{Matrix34
					0.0685769	0.75471	0.652465
					-0.0788884	0.656059	-0.750576
					-0.994522	0	0.104528
					23.2304	-4.43936	15.6979
				}
				{VolumeView "cover_r2.ply"}
			}
			{bone "cover_r1"
				{parameters "id=body;"}
				{Matrix34
					0.0999044	0.940842	0.323784
					-0.0758827	0.331669	-0.940339
					-0.992099	0.0693744	0.104529
					29.9701	-15.3618	15.0109
				}
				{VolumeView "cover_r1.ply"}
			}
			{bone "missile_cover_r"
				{parameters "id=body;"}
				{Matrix34
					0.898794	-0.438371	0
					0.438371	0.898794	0
					0	0	1
					8.17295	-14.0114	15.1054
				}
				{VolumeView "missile_cover_r.ply"}
			}
			{bone "missile_cover_l"
				{parameters "id=body;"}
				{Matrix34
					0.97437	-0.224951	0
					0.224951	0.97437	0
					0	0	1
					8.17295	14.0035	15.4827
				}
				{VolumeView "missile_cover_l.ply"}
			}
			{bone "missile_flap_r"
				{parameters "id=body;"}
				{Position 19.5691	-10.7119	15.8894}
				{VolumeView "missile_flap_r.ply"}
			}
			{bone "missile_flap_l"
				{parameters "id=body;"}
				{Position 19.5691	10.7119	15.8894}
				{VolumeView "missile_flap_l.ply"}
			}
			{bone revolute "sight_pole"
				{parameters "id=body;"}
				{Matrix34
					0.933581	-0.358368	0
					0.358368	0.933581	0
					0	0	1
					27.6355	0.00682476	13.9715
				}
				{VolumeView "sight_pole.ply"}
				{bone "sight"
					{parameters "id=body;"}
					{Matrix34
						1	0	0
						0	0	1
						0	-1	0
						-0.00617599	-0.00493717	5.35012
					}
					{VolumeView "sight.ply"}
				}
			}
			{bone "fxfire3"
				{Position 24.83	-10.4085	11.8206}
			}
			{bone "fxfire3_2"
				{Position 24.83	10.3329	11.8206}
			}
		}
		{bone "wheelsl"
			{Position 0	15.7886	6.31093}
			{bone "trackl"
				{parameters "id=trackleft;"}
				{Matrix34
					1	0	0
					0	0	1
					0	-1	0
					2.98027	5.39277	3.18984
				}
				{VolumeView "trackl.ply"}
			}
			{bone prizmatic "suspension_l5"
				{limits -0.1 0.1}
				{Position -29.8142	-0.00213051	0.903819}
				{bone revolute "wheell6"
					{parameters "id=trackleft;Radius=0.3;"}
					{Matrix34
						-0.831749	0.524681	0.181393
						0.19625	-0.0277573	0.980161
						0.519307	0.850846	-0.0798816
						-0.00354767	5.56342	0.0781002
					}
					{VolumeView "wheell6.ply"}
				}
			}
			{bone prizmatic "suspension_l4"
				{limits -0.1 0.1}
				{Position -14.2156	-0.00213051	0.903819}
				{bone revolute "wheell5"
					{parameters "id=trackleft;Radius=0.3;"}
					{Matrix34
						-0.931829	-0.267367	0.245375
						0.167946	0.281668	0.9447
						-0.321696	0.921508	-0.217564
						0.0123119	5.56342	0.0781002
					}
					{VolumeView "wheell5.ply"}
				}
			}
			{bone prizmatic "suspension_l3"
				{limits -0.1 0.1}
				{Position 0.106016	-0.00213051	0.903819}
				{bone revolute "wheell4"
					{parameters "id=trackleft;Radius=0.3;"}
					{Matrix34
						-0.971543	0.156847	-0.177491
						-0.204632	-0.178419	0.962441
						0.119288	0.971373	0.205437
						0.0154293	5.56342	0.0781002
					}
					{VolumeView "wheell4.ply"}
				}
			}
			{bone prizmatic "suspension_l2"
				{limits -0.1 0.1}
				{Position 15.4892	-0.00213051	0.903819}
				{bone revolute "wheell3"
					{parameters "id=trackleft;Radius=0.3;"}
					{Matrix34
						-0.950664	0.263882	0.163106
						0.179397	0.0386944	0.983015
						0.253089	0.963778	-0.0841251
						-0.00302887	5.56342	0.0781002
					}
					{VolumeView "wheell3.ply"}
				}
			}
			{bone prizmatic "suspension_l1"
				{limits -0.1 0.1}
				{Position 31.6618	-0.00213051	0.903819}
				{bone revolute "wheell2"
					{parameters "id=trackleft;Radius=0.3;"}
					{Matrix34
						-0.956474	-0.242488	-0.162347
						-0.149104	-0.0721274	0.986187
						-0.250849	0.967469	0.0328321
						-0.000663757	5.56342	0.0781002
					}
					{VolumeView "wheell2.ply"}
				}
			}
		}
		{bone "wheelsr"
			{Position 0	-15.7213	6.31093}
			{bone "trackr"
				{parameters "id=wheelright;"}
				{Matrix34
					1	0	0
					0	0	1
					0	-1	0
					2.98027	-5.33231	3.18984
				}
				{VolumeView "trackr.ply"}
			}
			{bone prizmatic "suspension_r1"
				{limits -0.1 0.1}
				{Position 31.6618	0.06991	0.903819}
				{bone revolute "wheelr2"
					{parameters "id=wheelright;Radius=0.3;"}
					{Matrix34
						-0.864986	0.355221	-0.354425
						-0.266659	0.272936	0.924337
						0.42508	0.894049	-0.141363
						-0.000663757	-5.58638	0.0780983
					}
					{VolumeView "wheelr2.ply"}
				}
			}
			{bone prizmatic "suspension_r2"
				{limits -0.1 0.1}
				{Position 15.4892	0.06991	0.903819}
				{bone revolute "wheelr3"
					{parameters "id=wheelright;Radius=0.3;"}
					{Matrix34
						-0.933102	-0.234845	0.272339
						0.314758	-0.167095	0.934348
						-0.17392	0.957563	0.229837
						-0.00302887	-5.58638	0.0780983
					}
					{VolumeView "wheelr3.ply"}
				}
			}
			{bone prizmatic "suspension_r3"
				{limits -0.1 0.1}
				{Position 0.106015	0.06991	0.903819}
				{bone revolute "wheelr4"
					{parameters "id=wheelright;Radius=0.3;"}
					{Matrix34
						-0.967767	0.0446633	-0.247854
						-0.236809	0.173594	0.955922
						0.0857205	0.983804	-0.157422
						0.015429	-5.58638	0.0780983
					}
					{VolumeView "wheelr4.ply"}
				}
			}
			{bone prizmatic "suspension_r4"
				{limits -0.1 0.1}
				{Position -14.2156	0.06991	0.903819}
				{bone revolute "wheelr5"
					{parameters "id=wheelright;Radius=0.3;"}
					{Matrix34
						-0.952894	0.294683	0.071799
						0.0569167	-0.0587841	0.996647
						0.297915	0.953785	0.0392427
						0.01231	-5.58638	0.0780983
					}
					{VolumeView "wheelr5.ply"}
				}
			}
			{bone prizmatic "suspension_r5"
				{limits -0.1 0.1}
				{Position -29.8142	0.06991	0.903819}
				{bone revolute "wheelr6"
					{parameters "id=wheelright;Radius=0.3;"}
					{Matrix34
						-0.991233	-0.120784	0.053557
						0.0579352	-0.0330297	0.997774
						-0.118746	0.992129	0.0397377
						-0.00354385	-5.58638	0.0780983
					}
					{VolumeView "wheelr6.ply"}
				}
			}
		}
	}
}
{Volume "ammo"
	{Box 22.3558 14.0759 23.1838}
	{Bone "body"}
	{Matrix34
		0	-1	0
		0	0	1
		-1	0	0
		11.7008	0.273174	0.113532
	}
}
{Volume "body1"
	{Polyhedron "body1.vol"}
	{Bone "body"}
	{Matrix34
		0	-1	0
		0	0	1
		-1	0	0
		41.5195	-0.299487	-6.09957
	}
}
{Volume "body2"
	{Polyhedron "body2.vol"}
	{Bone "body"}
	{Matrix34
		0	-1	0
		0	0	1
		-1	0	0
		39.0004	-0.0162726	4.71922
	}
}
{Volume "body3"
	{Polyhedron "body3.vol"}
	{Bone "body"}
	{Matrix34
		0	-1	0
		0	0	1
		-1	0	0
		10.4669	0.153654	5.39894
	}
}
{Volume "engine"
	{Box 26.1471 15.8897 9.70332}
	{Bone "body"}
	{Position -24.9881	-5.90673	1.65734}
}
{Volume "fuel1"
	{Box 13.8933 2.85857 5.42395}
	{Bone "body"}
	{Position -24.5289	15.1798	7.77196}
}
{Volume "fuel2"
	{Box 13.8933 2.85857 5.42395}
	{Bone "body"}
	{Position -24.5289	-16.1374	7.77196}
}
{Volume "trackleft"
	{Polyhedron "trackleft.vol"}
	{Bone "wheelsl"}
	{Matrix34
		1	0	0
		0	0	1
		0	-1	0
		0.906503	0.817039	3.13793
	}
}
{Volume "trackright"
	{Polyhedron "trackright.vol"}
	{Bone "wheelsr"}
	{Matrix34
		1	0	0
		0	0	1
		0	-1	0
		0.906502	-9.81453	3.13793
	}
}
