;Exported by:	 guita
;Date:			 16.10.2021 17:36:37
;File:			 D:\Git\3D_Scenes\GoH_3D_vehicles_rus\vehicles\cannon\b4_203mm\203mm_B4_xx.max
{skeleton
	{bone revolute "basis"
		{orientation
			1 	 0 	 0
			0 	 -1 	 0
			0 	 0 	 1
		}
		{bone "body"
			{parameters "id=body;"}
			{matrix34
				0.9977 	 0.0474 	 -0.0488
				-0.0523 	 0.9932 	 -0.1044
				0.0436 	 0.1067 	 0.9933
				-0.0173 	 -0.0026 	 8.6525
			}
			{LODView
				{VolumeView "body.ply"}
				{VolumeView "body_lod1.ply"}
			}
			{bone "part4"
				{parameters "id=part4;"}
				{matrix34
					0.0722 	 -0.1968 	 0.9778
					0.9514 	 0.3077 	 -0.0083
					-0.2992 	 0.9309 	 0.2094
					-36.8437 	 16.6282 	 21.8676
				}
				{VolumeView "part4.ply"}
			}
			{bone "part1"
				{parameters "id=part1;"}
				{matrix34
					0.2493 	 0.1128 	 -0.9618
					0.2546 	 0.9506 	 0.1775
					0.9343 	 -0.2892 	 0.2083
					-93.3245 	 10.6149 	 -8.4914
				}
				{VolumeView "part1.ply"}
			}
			{bone "part2"
				{parameters "id=part2;"}
				{matrix34
					0.9981 	 0.061 	 0.0043
					-0.061 	 0.9981 	 -0.0079
					-0.0048 	 0.0076 	 1
					13.2807 	 18.5471 	 24.0786
				}
				{VolumeView "part2.ply"}
			}
			{bone "part3"
				{parameters "id=part3;"}
				{matrix34
					0.9981 	 0.061 	 0.0043
					-0.061 	 0.9981 	 -0.0079
					-0.0048 	 0.0076 	 1
					15.2462 	 -17.5678 	 24.3684
				}
				{VolumeView "part3.ply"}
			}
		}
	}
}
{obstacle "obstacle1"
	{obb2
		{center -0.264165 0.0429134}
		{extent 28.7093 24.7771}
		{axis 1 0}
	}
	{rotate}
}
{obstacle "obstacle2"
	{obb2
		{center -69.4385 -0.00464344}
		{extent 40.4395 15.9617}
		{axis 1 0}
	}
	{rotate}
}
{volume "barrel1"
	{polyhedron "barrel1.vol"}
	{bone "body"}
	{matrix34
		0.9605 	 0.0609 	 0.2714
		-0.061 	 0.9981 	 -0.0079
		-0.2714 	 -0.0089 	 0.9624
		9.6413 	 0.269 	 31.8391
	}
}
{volume "barrel2"
	{polyhedron "barrel2.vol"}
	{bone "body"}
	{matrix34
		0.9605 	 0.0609 	 0.2714
		-0.061 	 0.9981 	 -0.0079
		-0.2714 	 -0.0089 	 0.9624
		-39.6283 	 -2.8494 	 18.1476
	}
}
{volume "barrel3"
	{cylinder 3.15571 47.4585}
	{bone "body"}
	{matrix34
		0.061 	 -0.9981 	 0.0079
		-0.2714 	 -0.0089 	 0.9624
		-0.9605 	 -0.0609 	 -0.2714
		-1.4051 	 -0.3568 	 37.9192
	}
}
{volume "barrel4"
	{cylinder 2.01219 40.478}
	{bone "body"}
	{matrix34
		0.061 	 -0.9981 	 0.0079
		-0.2714 	 -0.0089 	 0.9624
		-0.9605 	 -0.0609 	 -0.2714
		1.3108 	 4.1778 	 22.414
	}
}
{volume "barrel5"
	{cylinder 2.01219 40.478}
	{bone "body"}
	{matrix34
		0.061 	 -0.9981 	 0.0079
		-0.2714 	 -0.0089 	 0.9624
		-0.9605 	 -0.0609 	 -0.2714
		1.8549 	 -4.7229 	 22.4846
	}
}
{volume "barrel6"
	{cylinder 2.01219 40.478}
	{bone "body"}
	{matrix34
		0.061 	 -0.9981 	 0.0079
		-0.2714 	 -0.0089 	 0.9624
		-0.9605 	 -0.0609 	 -0.2714
		2.1231 	 -0.2791 	 20.5387
	}
}
{volume "body1"
	{polyhedron "body1.vol"}
	{bone "body"}
	{matrix34
		1 	 0 	 -0.0087
		0 	 1 	 0
		0.0087 	 0 	 1
		-18.625 	 -0.05 	 3.0918
	}
}
{volume "body2"
	{polyhedron "body2.vol"}
	{bone "body"}
	{matrix34
		1 	 0 	 -0.0087
		0 	 1 	 0
		0.0087 	 0 	 1
		-76.6478 	 -0.05 	 -2.0133
	}
}
{volume "body3"
	{polyhedron "body3.vol"}
	{bone "body"}
	{matrix34
		1 	 0 	 -0.0087
		0 	 1 	 0
		0.0087 	 0 	 1
		-101.862 	 -0.05 	 -4.5985
	}
}
{volume "body4"
	{polyhedron "body4.vol"}
	{bone "body"}
	{matrix34
		0.9981 	 0.061 	 -0.0044
		-0.061 	 0.9981 	 -0.0079
		0.0039 	 0.0082 	 1
		3.3305 	 -0.2137 	 19.5488
	}
}
{volume "part1"
	{box 15.6998 37.1935 3.36423}
	{bone "part1"}
	{matrix34
		0.2769 	 0.0051 	 0.9609
		-0.0059 	 1 	 -0.0036
		-0.9609 	 -0.0047 	 0.277
		-0.6664 	 -10.1802 	 -8.902
	}
}
{volume "part2"
	{polyhedron "part2.vol"}
	{bone "part2"}
	{Position 2.3958 	 -0.1626 	 -1.5267}
}
{volume "part3"
	{polyhedron "part3.vol"}
	{bone "part3"}
	{Position 2.6373 	 0.0607 	 -1.5309}
}
{volume "part4"
	{cylinder 1.15398 26.8796}
	{bone "part4"}
	{matrix34
		0 	 -1 	 -0.0069
		0.8537 	 -0.0036 	 0.5208
		-0.5208 	 -0.0059 	 0.8537
		-6.9794 	 0.5269 	 11.7465
	}
}
{volume "trackleft"
	{polyhedron "trackleft.vol"}
	{bone "body"}
	{matrix34
		0.9977 	 -0.0523 	 0.0436
		0.0352 	 0.9442 	 0.3274
		-0.0583 	 -0.3251 	 0.9439
		1.46 	 20.3728 	 1.7717
	}
}
{volume "trackright"
	{polyhedron "trackright.vol"}
	{bone "body"}
	{matrix34
		0.9977 	 -0.0523 	 0.0436
		0.0474 	 0.9932 	 0.1067
		-0.0488 	 -0.1044 	 0.9933
		-0.517 	 -19.9054 	 -1.3411
	}
}
