;Exported by: aeste
;Date:        Fri Dec  6 16:36:47 2024
;File:        E:\Cold War\ModelWIP\USA\T249 Vigilante\T249_xx.max
{Skeleton
	{bone "basis"
		{Orientation
			1	0	0
			0	-1	0
			0	0	1
		}
		{bone "wheelsl"
			{Position -1.57558	20.4032	8.35977}
			{VolumeView "wheelsl.ply"}
			{bone revolute "wheell2"
				{parameters "id=trackleft;Radius=2.8;"}
				{Matrix34
					0.980795	-0.18381	0.0652274
					0.108509	0.236343	-0.965592
					0.162069	0.954126	0.25175
					30.719	2.65665	-0.603855
				}
				{VolumeView "wheell2.ply"}
			}
			{bone revolute "wheell3"
				{parameters "id=trackleft;Radius=2.8;"}
				{Matrix34
					0.974995	0.201736	-0.0932081
					-0.0420822	-0.244232	-0.968803
					-0.218207	0.948501	-0.229635
					16.3498	2.65636	-0.603849
				}
				{VolumeView "wheell3.ply"}
			}
			{bone revolute "wheell4"
				{parameters "id=trackleft;Radius=2.8;"}
				{Matrix34
					0.985374	-0.0624077	0.158567
					0.169759	0.278475	-0.945322
					0.0148384	0.958414	0.284996
					2.62976	2.65664	-0.603849
				}
				{VolumeView "wheell4.ply"}
			}
			{bone revolute "wheell5"
				{parameters "id=trackleft;Radius=2.8;"}
				{Matrix34
					0.949265	0.314449	-0.00411832
					0.0477114	-0.156951	-0.986453
					-0.310836	0.936209	-0.163991
					-11.9031	2.65636	-0.603849
				}
				{VolumeView "wheell5.ply"}
			}
			{bone revolute "wheell6"
				{parameters "id=trackleft;Radius=2.8;"}
				{Matrix34
					0.978883	-0.204113	0.011255
					0.0463044	0.167766	-0.984739
					0.19911	0.964465	0.173675
					-26.6184	2.65664	-0.603849
				}
				{VolumeView "wheell6.ply"}
			}
		}
		{bone "wheelsr"
			{Position -1.57559	-20.2348	8.35976}
			{VolumeView "wheelsr.ply"}
			{bone "trackr"
				{parameters "id=trackright;"}
				{Position 2.1794	-2.87638	1.00982}
				{VolumeView "trackr.ply"}
			}
			{bone "trackl"
				{parameters "id=trackright;"}
				{Matrix34
					-1	0	0
					0	-1	0
					0	0	1
					2.17941	43.152	1.00982
				}
				{VolumeView "trackl.ply"}
			}
			{bone revolute "wheelr2"
				{parameters "id=trackright;Radius=0.28;"}
				{Matrix34
					0.994711	-0.0107541	0.102146
					0.095076	-0.279836	-0.955328
					0.0388577	0.959988	-0.277333
					30.719	-2.65131	-0.603853
				}
				{VolumeView "wheelr2.ply"}
			}
			{bone revolute "wheelr3"
				{parameters "id=trackright;Radius=0.28;"}
				{Matrix34
					0.997883	-0.00533312	-0.0648114
					-0.0620808	0.218629	-0.973831
					0.0193632	0.975793	0.217835
					16.3498	-2.65133	-0.603853
				}
				{VolumeView "wheelr3.ply"}
			}
			{bone revolute "wheelr4"
				{parameters "id=trackright;Radius=0.28;"}
				{Matrix34
					0.995101	0.0842015	0.0517999
					0.0749548	-0.300972	-0.950683
					-0.0644586	0.949908	-0.305809
					2.62976	-2.65131	-0.603853
				}
				{VolumeView "wheelr4.ply"}
			}
			{bone revolute "wheelr5"
				{parameters "id=trackright;Radius=0.28;"}
				{Matrix34
					0.963353	0.245459	-0.108169
					-0.110518	-0.00422608	-0.993865
					-0.24441	0.969398	0.0230565
					-11.9031	-2.65132	-0.603853
				}
				{VolumeView "wheelr5.ply"}
			}
			{bone revolute "wheelr6"
				{parameters "id=trackright;Radius=0.28;"}
				{Matrix34
					0.963286	-0.22397	0.148047
					0.122132	-0.125515	-0.984546
					0.239091	0.96648	-0.0935531
					-26.6184	-2.6513	-0.603853
				}
				{VolumeView "wheelr6.ply"}
			}
		}
		{bone "body"
			{parameters "id=body;"}
			{Position 2.433	0.0733532	-0.0213502}
			{VolumeView "body.ply"}
			{bone revolute "turret"
				{parameters "id=turret;"}
				{Matrix34
					0.819152	0.573576	0
					-0.573576	0.819152	0
					0	0	1
					-15.6478	0.81159	19.3729
				}
				{VolumeView "turret.ply"}
				{bone revolute "gun_rot"
					{parameters "id=gun;"}
					{Matrix34
						0.984808	0	-0.173648
						0.173648	0	0.984808
						0	-1	0
						-1.73426	2.3477	16.9488
					}
					{VolumeView "gun_rot.ply"}
					{bone "gun"
						{parameters "id=gun;"}
						{Matrix34
							1	0	0
							0	0	-1
							0	1	0
							31.9987	0.469864	0.850722
						}
						{VolumeView "gun.ply"}
					}
				}
				{bone "fx_invers"
					{Matrix34
						0	1	0
						-1	0	0
						0	0	1
						-13.5296	9.22945	11.1082
					}
				}
			}
			{bone revolute "wheell1"
				{parameters "id=trackleft;Radius=0.25;"}
				{Matrix34
					1	0	0
					0	0	-1
					0	1	0
					41.2237	23.2696	11.6421
				}
				{VolumeView "wheell1.ply"}
			}
			{bone revolute "wheell7"
				{parameters "id=trackleft;Radius=0.25;"}
				{Matrix34
					1	0	0
					0	0	-1
					0	1	0
					-44.6633	23.7675	11.6651
				}
				{VolumeView "wheell7.ply"}
			}
			{bone revolute "wheelr1"
				{parameters "id=trackright;Radius=0.25;"}
				{Matrix34
					1	0	0
					0	0	-1
					0	1	0
					41.2237	-23.2559	11.6421
				}
				{VolumeView "wheelr1.ply"}
			}
			{bone revolute "wheelr7"
				{parameters "id=trackright;Radius=0.25;"}
				{Matrix34
					1	0	0
					0	0	-1
					0	1	0
					-44.6633	-23.7538	11.6651
				}
				{VolumeView "wheelr7.ply"}
			}
			{bone "cover_driver"
				{parameters "id=body;"}
				{Matrix34
					0.986074	-0.000460793	0.166308
					0.0161794	0.995519	-0.0931727
					-0.16552	0.094566	0.981662
					14.5865	16.211	27.3371
				}
				{VolumeView "cover_driver.ply"}
			}
			{bone "engine"
				{parameters "id=engine;"}
				{VolumeView "engine.ply"}
			}
			{bone "fxsmoke1"
				{Matrix34
					0	-0.275638	0.961262
					1	0	0
					0	0.961262	0.275638
					22.0857	-23.8969	26.0875
				}
			}
			{bone "fxfire4"
				{Position -15.3877	0.356213	18.2997}
			}
			{bone "fxfire1"
				{Position 26.1576	-10.6854	27.0729}
			}
		}
		{bone "emit2"
			{Matrix34
				0	1	0
				-1	0	0
				0	0	1
				-11.8069	-44.7073	0
			}
		}
		{bone "emit0"
			{Matrix34
				0	-1	0
				1	0	0
				0	0	1
				22.961	44.5325	0
			}
		}
		{bone "emit1"
			{Position -66.3073	-2.98391	0}
		}
	}
}
{Volume "body1"
	{Polyhedron "body1.vol"}
	{Bone "body"}
	{Position -2.67145	-0.410336	13.5018}
}
{Volume "body2"
	{Polyhedron "body2.vol"}
	{Bone "body"}
	{Position 27.5211	-0.551177	23.2439}
}
{Volume "engine"
	{Box 22.4956 16.3495 15.6401}
	{Bone "body"}
	{Position 22.9577	-6.0949	17.1732}
}
{Volume "fuel"
	{Box 19.4693 11.4618 3.76825}
	{Bone "body"}
	{Matrix34
		1	0	0
		0	0	1
		0	-1	0
		23.6465	-14.4415	17.9555
	}
}
{Volume "gun1"
	{Box 13.0869 12.5129 27.161}
	{Bone "gun_rot"}
	{Matrix34
		0	0	1
		0	1	0
		-1	0	0
		1.36855	0.532954	0.649136
	}
}
{Volume "gun2"
	{Cylinder 3.32912 35.4723}
	{Bone "gun_rot"}
	{Matrix34
		0	0	1
		0	1	0
		-1	0	0
		31.9276	0.360761	0.763933
	}
}
{Volume "gun3"
	{Cylinder 11.0053 12.6435}
	{Bone "gun_rot"}
	{Position -0.108143	-0.0355034	-11.559}
}
{Volume "trackleft"
	{Polyhedron "trackleft.vol"}
	{Bone "wheelsl"}
	{Position 2.12173	2.80098	1.1818}
}
{Volume "trackright"
	{Polyhedron "trackright.vol"}
	{Bone "wheelsr"}
	{Position 2.12174	-2.85219	1.18181}
}
{Volume "turret1"
	{Cylinder 23.2343 13.5993}
	{Bone "turret"}
	{Position -0.0316553	-0.0689077	3.48114}
}
{Volume "turret2"
	{Polyhedron "turret2.vol"}
	{Bone "turret"}
	{Position -1.01595	-14.7151	14.8273}
}
{Volume "turret3"
	{Polyhedron "turret3.vol"}
	{Bone "turret"}
	{Position -22.8465	-1.86479	18.9293}
}
