;Exported by: misan
;Date:        Fri Nov 18 07:50:04 2022
;File:        D:\Cold War\ModelWIP\West Germany\Infantry\Regular\Rigged Base.max
{Skeleton
	{bone revolute "basis"
		{limits -30 30}
		{speed 0.1}
		{Orientation
			1	0	0
			0	-1	0
			0	0	1
		}
		{bone "body"
			{parameters "Voxels=0;"}
			{Matrix34
				0	0	1
				0	-1	0
				1	0	0
				0	0.0344553	19.9224
			}
			{bone "foot1l"
				{parameters "Voxels=0;"}
				{Matrix34
					-0.993535	-0.0202547	0.111703
					0.111666	0.00297537	0.993741
					0.0204603	-0.99979	0.000694357
					-0.143509	-2.13095	-0.488995
				}
				{bone "foot2l"
					{parameters "Voxels=0;"}
					{Matrix34
						0.952385	-0.304899	-0.000108004
						0.304899	0.952385	-4.08287e-05
						0.000115292	0	1
						9.37838	-0.0471725	0
					}
					{bone "bone06"
						{Matrix34
							0.22138	0.973964	0.0488401
							-0.972284	0.216583	0.0880677
							0.0751968	-0.0669829	0.994916
							8.74023	0.113252	0.00567889
						}
					}
					{bone "foot3l"
						{parameters "Voxels=0;"}
						{Matrix34
							0.0905581	0.979615	0.179314
							0.00345619	-0.180362	0.983594
							0.995885	-0.088453	-0.019719
							9.2003	-0.34629	-0.0729971
						}
						{bone "bone07"
							{Position 2.60015	0	0}
						}
					}
				}
			}
			{bone "foot1r"
				{parameters "Voxels=0;"}
				{Matrix34
					-0.993573	0.0113961	0.112618
					0.112606	-0.00168935	0.993638
					0.0115138	0.999934	0.00039523
					-0.143518	2.17103	-0.488755
				}
				{bone "foot2r"
					{parameters "Voxels=0;"}
					{Matrix34
						0.951792	-0.306745	-0.000104398
						0.306745	0.951792	-3.94727e-05
						0.000111675	0	1
						9.37831	-0.0472322	0
					}
					{bone "bone03"
						{Matrix34
							0.221381	0.973964	0.04884
							-0.972284	0.216582	0.0880676
							0.075197	-0.0669829	0.994916
							8.74023	0.113252	0.00568032
						}
					}
					{bone "foot3r"
						{parameters "Voxels=0;"}
						{Matrix34
							0.0880245	0.974738	0.205276
							0.00721112	0.205447	-0.978642
							-0.996092	0.0876247	0.0110552
							9.2003	-0.346289	-0.0729964
						}
						{bone "bone05"
							{Position 2.60015	0	0}
						}
					}
				}
			}
			{bone revolute "ik_leftright"
				{parameters "Voxels=0;"}
				{limits -20 20}
				{speed 0.1}
				{Matrix34
					0	0	1
					0	-1	0
					1	0	0
					1.90368	0.0344548	0
				}
				{bone revolute "ik_updown"
					{parameters "Voxels=0;"}
					{limits -40 20}
					{speed 0.1}
					{Matrix34
						1	0	0
						0	0	1
						0	-1	0
						0	0	1.66801
					}
					{bone "head"
						{parameters "Voxels=0;"}
						{Matrix34
							1	0	0
							0	0	-1
							0	1	0
							0	7.21458	0
						}
						{bone "visor"
							{Matrix34
								1	0	0
								0	1	0
								0	0	1
								2.31916	0	2.33291
							}
						}
					}
					{bone "clavicle_right"
						{Position -0.13918	6.12487	1.17253}
						{bone "hand1r"
							{parameters "Voxels=0;"}
							{Matrix34
								0.0175279	-0.764214	0.644725
								0.872845	-0.302822	-0.382675
								0.487683	0.569453	0.661732
								0.0503405	-0.225973	2.95337
							}
							{bone "hand2r"
								{parameters "Voxels=0;"}
								{Matrix34
									0.999998	-0.00213476	0
									0.00213471	0.999998	0
									0	0	1
									6.26813	0	0
								}
								{bone "hand3r"
									{Matrix34
										0.982611	-0.185677	0
										0.185677	0.982611	0
										0	0	1
										5.19218	0	0
									}
								}
								{bone "hand_rot1r"
									{Matrix34
										0.00333585	-0.999958	0.00855798
										-0.999992	-0.00331807	0.00210723
										-0.00207886	-0.00856493	-0.999961
										5.19224	0	0
									}
									{bone "palm1r"
										{Matrix34
											-0.987462	-0.121604	-0.100652
											-0.0703693	-0.231655	0.97025
											-0.141302	0.965168	0.220194
											0.121389	-0.163001	0.149546
										}
										{bone "palm2r_hide"
											{Matrix34
												-0.00761768	0.507058	-0.861878
												0.00254776	0.861911	0.507055
												0.999968	0.0016678	-0.00786017
												0.146145	0.242287	-1.25751
											}
											{bone "palm3r_hide"
												{Matrix34
													0.576833	0.816862	0
													-0.816862	0.576833	0
													0	0	1
													0.581882	-0.000116348	0
												}
												{bone "palm4r_hide"
													{Matrix34
														1	0	0
														0	1	0
														0	0	1
														0.534458	0	0
													}
												}
											}
										}
										{bone "palm2r"
											{Matrix34
												-0.00761944	0.507058	-0.861878
												0.00254679	0.861911	0.507054
												0.999968	0.00166634	-0.00785919
												0.146145	0.242287	-1.25751
											}
											{bone "palm3r"
												{Matrix34
													0.576833	0.816863	0
													-0.816862	0.576832	0
													0	0	1
													0.581879	-0.000114441	0
												}
											}
										}
									}
								}
							}
						}
					}
					{bone "clavicle_left"
						{Position -0.13918	6.12487	-1.18113}
						{bone "hand1l"
							{parameters "Voxels=0;"}
							{Matrix34
								0.061771	-0.766473	-0.639299
								0.888588	-0.24946	0.384943
								-0.454527	-0.591852	0.66567
								0.0503408	-0.225973	-2.95273
							}
							{bone "hand2l"
								{parameters "Voxels=0;"}
								{Matrix34
									0.999998	-0.00213201	0
									0.00213198	0.999998	0
									0	0	1
									6.26813	0	0
								}
								{bone "hand3l"
									{Matrix34
										0.982611	-0.185677	0
										0.185677	0.982611	0
										0	0	1
										5.19218	0	0
									}
								}
								{bone "left_hand"
									{parameters "Voxels=0;"}
									{Matrix34
										0.275672	0.823505	-0.495827
										0.00418863	-0.516838	-0.856073
										-0.961242	0.233919	-0.145927
										5.99778	-0.667302	0.409925
									}
								}
								{bone "hand_rot1l"
									{Matrix34
										0.001302	-0.999931	0.011637
										-0.999999	-0.00131433	-0.00103852
										0.00105366	-0.0116363	-0.999932
										5.25743	-0.000656128	-0.00161934
									}
									{bone "palm1l"
										{Matrix34
											0.965404	0.249251	-0.0766088
											-0.0261254	-0.199862	-0.979476
											-0.259446	0.947591	-0.186436
											0.0886898	-0.337658	-0.0916119
										}
										{bone "palm2l"
											{Matrix34
												-0.00578251	0.491334	-0.870952
												-0.00434326	-0.870971	-0.491316
												-0.999974	0.000942975	0.00716926
												-0.0738373	0.242493	-1.26342
											}
											{bone "palm3l"
												{Matrix34
													0.578449	-0.815719	0
													0.815719	0.578449	0
													0	0	1
													0.578553	0.000164032	0
												}
											}
										}
										{bone "palm2l_hide"
											{Matrix34
												-0.00578266	0.491333	-0.870952
												-0.00434287	-0.870971	-0.491316
												-0.999974	0.000943631	0.00716929
												-0.0738363	0.242496	-1.26342
											}
											{bone "palm3l_hide"
												{Matrix34
													0.578448	-0.815718	0
													0.815719	0.578449	0
													0	0	1
													0.578553	0.000162125	0
												}
												{bone "palm4l_hide"
													{Matrix34
														1	0	0
														0	1	0
														0	0	1
														0.511902	-3.24249e-05	0
													}
												}
											}
										}
									}
								}
							}
						}
					}
				}
			}
			{bone revolute "placement"
				{Matrix34
					0	1	0
					-1	0	0
					0	0	1
					0.783108	0	0
				}
			}
		}
		{bone "ik_chain05"
			{Position 0.13199	-12.6645	19.2816}
		}
		{bone "ik_chain03"
			{Matrix34
				1	0	0
				0	-1	0
				0	0	1
				-1.09561	2.53715	1.86587
			}
		}
		{bone "ik_chain04"
			{Matrix34
				1	0	0
				0	-1	0
				0	0	1
				3.29347	3.4301	0.0514984
			}
		}
		{bone "ik_chain02"
			{Position 3.29347	-3.36689	0.0514994}
		}
		{bone "ik_chain01"
			{Position -1.09561	-2.34785	1.86587}
		}
		{bone "ik_chain06"
			{Position 0.703312	12.4525	19.4284}
		}
		{bone revolute "foresight2rot"
			{parameters "Voxels=0;"}
			{limits -20 20}
			{speed 0.1}
			{Position 13.7429	0.0246876	27.5947}
		}
		{bone "palm_ik_holder_right02"
			{Matrix34
				0.0156644	-0.645541	-0.763565
				0.872881	0.381298	-0.304453
				0.487683	-0.661732	0.569453
				0.0210271	-8.16712	24.6028
			}
			{bone "palm_ik_holder_right01"
				{Matrix34
					0.00333649	-0.999958	0.0085583
					-0.999992	-0.00331816	0.00210753
					-0.00207892	-0.00856514	-0.999961
					5.19225	0	0
				}
				{bone "palm_ik_holder_right"
					{Matrix34
						-0.987462	-0.121604	-0.100652
						-0.0703696	-0.231656	0.970249
						-0.141303	0.965168	0.220194
						0.119854	-0.164878	0.148729
					}
					{bone "ik_chain07"
						{Matrix34
							0.999955	0.00324047	-0.00886278
							2.75522e-05	0.938188	0.346125
							0.00943685	-0.34611	0.938147
							0.138652	1.07072	-1.80207
						}
					}
				}
			}
		}
		{bone "palm_ik_holder_left02"
			{Matrix34
				0.0598765	0.640118	-0.76594
				0.888718	-0.383579	-0.251093
				-0.454528	-0.66567	-0.591852
				0.29835	8.14107	24.5886
			}
			{bone "palm_ik_holder_left01"
				{Matrix34
					0.00130226	-0.999932	0.0116379
					-0.999999	-0.00131437	-0.00103831
					0.00105351	-0.011636	-0.999932
					5.25743	-0.000657082	-0.00162125
				}
				{bone "palm_ik_holder_left"
					{Matrix34
						0.965404	0.249251	-0.0766091
						-0.0261241	-0.199862	-0.979476
						-0.259446	0.947591	-0.186436
						0.0856133	-0.338798	-0.0894642
					}
					{bone "ik_chain08"
						{Matrix34
							0.999967	-0.00286239	0.00758418
							0.000204533	0.944171	0.329455
							-0.00810468	-0.329442	0.944141
							-0.0736456	1.03671	-1.8188
						}
					}
				}
			}
		}
		{bone "skin"
			{Matrix34
				0.906308	0	-0.422618
				0	-1	0
				0.422618	0	0.906308
				0.992398	-6.89244e-05	26.9396
			}
			{VolumeView "skin.ply"}
		}
	}
}
