;Exported by: misan
;Date:        Tue Jun 21 11:12:35 2022
;File:        D:\Cold War\Model WIP\USSR\T-62\T-62 obr 1972.max
{Skeleton
	{bone "basis"
		{Orientation
			1	0	0
			0	-1	0
			0	0	1
		}
		{bone "wheelsl"
			{parameters "id=trackleft;"}
			{Position 4.03249	17.5466	8.67176}
			{VolumeView "wheelsl.ply"}
			{bone prizmatic "suspension_l4"
				{limits -0.1 0.1}
				{Position -18.0993	5.01585	0.151304}
				{bone revolute "wheell5"
					{parameters "id=trackleft;Radius=0.41;"}
					{Matrix34
						-0.939693	0.34202	0
						0	0	1
						0.34202	0.939693	0
						-0.0343876	3.88699	0.00711632
					}
					{VolumeView "wheell5.ply"}
				}
			}
			{bone prizmatic "suspension_l1"
				{limits -0.1 0.1}
				{Position 39.083	5.01585	0.151304}
				{bone revolute "wheell2"
					{parameters "id=trackleft;Radius=0.41;"}
					{Matrix34
						-0.987891	0.154813	0.0101938
						-0.0369867	-0.298809	0.953596
						0.150675	0.941672	0.300917
						0.00125885	3.88699	0.00711632
					}
					{VolumeView "wheell2.ply"}
				}
			}
			{bone prizmatic "suspension_l2"
				{limits -0.1 0.1}
				{Position 21.2155	5.01585	0.151304}
				{bone revolute "wheell3"
					{parameters "id=trackleft;Radius=0.41;"}
					{Matrix34
						-0.952784	-0.294799	-0.0727773
						-0.133266	0.190611	0.972578
						-0.272843	0.936355	-0.220898
						0.0148697	3.88699	0.00711632
					}
					{VolumeView "wheell3.ply"}
				}
			}
			{bone prizmatic "suspension_l3"
				{limits -0.1 0.1}
				{Position 2.64651	5.01585	0.151304}
				{bone revolute "wheell4"
					{parameters "id=trackleft;Radius=0.41;"}
					{Matrix34
						-0.994805	0.0854852	-0.0552807
						-0.0793465	-0.310888	0.947129
						0.0637793	0.946594	0.316056
						0.120541	3.88699	0.00711632
					}
					{VolumeView "wheell4.ply"}
				}
			}
			{bone prizmatic "suspension_l5"
				{limits -0.1 0.1}
				{Position -39.0784	5.01585	0.151304}
				{bone revolute "wheell6"
					{parameters "id=trackleft;Radius=0.41;"}
					{Matrix34
						-0.996802	-0.00432062	-0.0797911
						-0.0774076	-0.195628	0.977619
						-0.0198333	0.980669	0.194668
						-0.0275192	3.88699	0.00711632
					}
					{VolumeView "wheell6.ply"}
				}
			}
			{bone "trackl"
				{Position -2.25161	9.17698	2.28838}
				{VolumeView "trackl.ply"}
			}
			{bone "fxtracel3"
				{Position -38.9809	9.56635	-8.67176}
			}
			{bone "fxtracel2"
				{Position -0.112979	9.56635	-8.67176}
			}
			{bone "fxtracel1"
				{Position 39.3632	9.56635	-8.67176}
			}
		}
		{bone "wheelsr"
			{parameters "id=trackright;"}
			{Position 4.02756	-16.5608	8.67177}
			{VolumeView "wheelsr.ply"}
			{bone prizmatic "suspension_r3"
				{limits -0.1 0.1}
				{Position 2.65144	-5.02832	0.151297}
				{bone revolute "wheelr4"
					{parameters "id=trackright;Radius=0.41;"}
					{Matrix34
						-0.941991	0.303479	-0.143366
						-0.177856	-0.0890948	0.980015
						0.284641	0.948664	0.137902
						0.120541	-4.47638	0.00711441
					}
					{VolumeView "wheelr4.ply"}
				}
			}
			{bone prizmatic "suspension_r4"
				{limits -0.1 0.1}
				{Position -18.0944	-5.02832	0.151297}
				{bone revolute "wheelr5"
					{parameters "id=trackright;Radius=0.41;"}
					{Matrix34
						-0.990185	-0.137798	-0.023342
						-0.0604532	0.271705	0.96048
						-0.12601	0.952464	-0.277368
						-0.0343876	-4.47638	0.00711441
					}
					{VolumeView "wheelr5.ply"}
				}
			}
			{bone prizmatic "suspension_r5"
				{limits -0.1 0.1}
				{Position -39.0735	-5.02832	0.151297}
				{bone revolute "wheelr6"
					{parameters "id=trackright;Radius=0.41;"}
					{Matrix34
						-0.992038	0.123937	-0.0223464
						-0.0370859	-0.117927	0.992329
						0.120351	0.985258	0.121585
						-0.0275192	-4.47638	0.00711441
					}
					{VolumeView "wheelr6.ply"}
				}
			}
			{bone prizmatic "suspension_r1"
				{limits -0.1 0.1}
				{Position 39.088	-5.02832	0.151297}
				{bone revolute "wheelr2"
					{parameters "id=trackright;Radius=0.41;"}
					{Matrix34
						-0.998068	0.0535876	0.0314567
						0.0239148	-0.135981	0.990423
						0.0573519	0.989261	0.134436
						0.00125122	-4.47638	0.00711441
					}
					{VolumeView "wheelr2.ply"}
				}
			}
			{bone prizmatic "suspension_r2"
				{limits -0.1 0.1}
				{Position 21.2204	-5.02832	0.151297}
				{bone revolute "wheelr3"
					{parameters "id=trackright;Radius=0.41;"}
					{Matrix34
						-0.981824	-0.17246	0.0792417
						0.0570515	0.130026	0.989868
						-0.181016	0.976397	-0.117823
						0.0148697	-4.47638	0.00711441
					}
					{VolumeView "wheelr3.ply"}
				}
			}
			{bone "trackr"
				{parameters "id=trackright;"}
				{Matrix34
					-1	0	0
					0	0	1
					0	1	0
					-2.24975	-9.7571	2.30541
				}
				{VolumeView "trackr.ply"}
			}
			{bone "fxtracer1"
				{Position 39.3681	-9.5118	-8.67177}
			}
			{bone "fxtracer2"
				{Position -0.108049	-9.5118	-8.67177}
			}
			{bone "fxtracer3"
				{Position -38.976	-9.5118	-8.67177}
			}
		}
		{bone "body"
			{parameters "id=body;"}
			{Matrix34
				0.999929	-0.0119497	0.000443459
				0.0119409	0.999795	0.0163561
				-0.000638818	-0.0163496	0.999866
				0	-0.662462	14.8045
			}
			{VolumeView "body.ply"}
			{bone "engine"
				{parameters "id=engine;"}
				{Position -39.6076	0	12.6819}
				{VolumeView "engine.ply"}
			}
			{bone "mantlet_cover"
				{parameters "id=gun;"}
				{Matrix34
					1	0	0
					0	0	1
					0	-1	0
					28.3881	0.355148	17.2158
				}
				{VolumeView "mantlet_cover.ply"}
			}
			{bone revolute "turret"
				{parameters "id=turret;"}
				{Matrix34
					0.906308	-0.422561	0.00695414
					0.422562	0.906333	0.00134482
					-0.00687103	0.00171974	0.999975
					7.56922	0.931328	12.8306
				}
				{VolumeView "turret.ply"}
				{bone revolute "gun_rot"
					{parameters "id=gun;"}
					{Matrix34
						0.996195	-0.0014702	-0.0871371
						-0.0871386	-0.000978779	-0.996196
						0.00137928	0.999999	-0.00110317
						21.5821	-1.06105	5.34159
					}
					{VolumeView "gun_rot.ply"}
					{bone "gun"
						{parameters "id=gun;"}
						{Matrix34
							1	0	0
							0	0	1
							0	-1	0
							50.4564	1.48622	1.4058
						}
						{VolumeView "gun.ply"}
						{bone "foresight1"
							{Position 44.2272	-0.259497	1.34805}
						}
					}
				}
				{bone revolute "turret_mgun"
					{parameters "id=turret;"}
					{Position -4.50612	-11.4512	16.0989}
					{VolumeView "turret_mgun.ply"}
					{bone revolute "mgun_rot"
						{parameters "id=turret;speed=0.3;"}
						{limits -7 30}
						{Matrix34
							0.902859	-0.0871556	-0.42101
							0.422618	0	0.906308
							-0.0789898	-0.996195	0.0368337
							4.40705	-0.0351768	6.74892
						}
						{VolumeView "mgun_rot.ply"}
						{bone "mgun_help"
							{Matrix34
								0.996195	0	-0.0871557
								0	1	0
								0.0871557	0	0.996195
								-3.75865	1.45916	0.072773
							}
						}
					}
					{bone "cover2"
						{parameters "id=turret;"}
						{Matrix34
							-0.706863	-0.00883443	0.707295
							-0.0319563	0.9993	-0.0194551
							-0.706628	-0.0363546	-0.706651
							-7.12632	0	0.471901
						}
						{VolumeView "cover2.ply"}
					}
					{bone "gunner2"
						{Position -2.23091	0.219914	9.33325}
					}
				}
				{bone "eject_cover"
					{Matrix34
						0.963475	-0.260623	0.0615808
						0.261501	0.866027	-0.426162
						0.0577369	0.426699	0.902549
						-19.0882	3.54435	13.1457
					}
					{VolumeView "eject_cover.ply"}
				}
				{bone revolute "foresight5"
					{limits -6 10}
					{Matrix34
						1	0	0
						0	0	-1
						0	1	0
						25.4176	-7.42142	4.3175
					}
				}
				{bone "fxfire3_2"
					{Position -10.4726	11.5691	14.4197}
				}
				{bone "fx_invers"
					{Matrix34
						-0.897365	0	0.441289
						0	-1	0
						0.441289	0	0.897365
						-18.0756	0.0415463	12.3352
					}
				}
				{bone "fxfire3"
					{Position -6.48834	-11.458	14.4197}
				}
				{bone "spotlight1"
					{Position 26.7737	-9.05281	14.7887}
				}
				{bone revolute "turret_commander"
					{parameters "id=turret;terminator;"}
					{Position -8.75201	11.4799	15.0139}
					{VolumeView "turret_commander.ply"}
					{bone "cover1"
						{parameters "id=turret;"}
						{Matrix34
							0.422701	-0.0217159	-0.906009
							0.0079196	0.999763	-0.0202682
							0.906235	0.00139221	0.422773
							2.65937	0.0100784	1.91366
						}
						{VolumeView "cover1.ply"}
					}
					{bone "spotlight2"
						{Position 8.80886	0.124644	5.78989}
					}
					{bone revolute "vision_rot"
						{limits -5 10}
						{Matrix34
							1	0	0
							0	0	1
							0	-1	0
							5.49354	0.065362	2.41404
						}
					}
					{bone "visor1"
						{Matrix34
							1	0	0
							0	0	1
							0	-1	0
							0.364205	0.065361	3.56712
						}
					}
				}
			}
			{bone revolute "wheelr1"
				{parameters "id=trackright;Radius=0.35;"}
				{Matrix34
					-1	0	0
					0	0	1
					0	1	0
					59.474	-25.6737	0.513737
				}
				{VolumeView "wheelr1.ply"}
			}
			{bone revolute "wheell1"
				{parameters "id=trackleft;Radius=0.35;"}
				{Matrix34
					-1	0	0
					0	0	1
					0	1	0
					59.474	27.4364	0.513739
				}
				{VolumeView "wheell1.ply"}
			}
			{bone revolute "wheelr7"
				{parameters "id=trackright;Radius=0.35;"}
				{Matrix34
					-1	0	0
					0	0	1
					0	1	0
					-49.18	-25.2642	-1.86561
				}
				{VolumeView "wheelr7.ply"}
			}
			{bone revolute "wheell7"
				{parameters "id=trackleft;Radius=0.35;"}
				{Matrix34
					-1	0	0
					0	0	1
					0	1	0
					-49.18	26.5031	-1.86561
				}
				{VolumeView "wheell7.ply"}
			}
			{bone "fxsmoke1"
				{Matrix34
					0	1	0
					-1	0	0
					0	0	1
					-26.9759	32.5359	8.03332
				}
			}
			{bone "headlightr"
				{Position 54.4938	-9.53802	10.9153}
			}
			{bone "fxfire1"
				{Position -35.3298	0.258231	9.63738}
			}
			{bone "fxfire4"
				{Position 8.16184	2.0334	12.8757}
			}
			{bone "visor2"
				{Position 44.481	12.241	13.4792}
			}
		}
		{bone "emit1"
			{Matrix34
				0	-1	0
				1	0	0
				0	0	1
				8.13151	52.581	0
			}
		}
		{bone "emit2"
			{Matrix34
				0	1	0
				-1	0	0
				0	0	1
				8.13151	-54.7725	0
			}
		}
	}
}
{Volume "ammo1"
	{Box 11.6047 11.6034 12.6329}
	{Bone "body"}
	{Position 38.596	-9.29736	2.80774}
}
{Volume "ammo2"
	{Box 6.6658 17.5286 17.8372}
	{Bone "body"}
	{Position -9.51662	-0.134931	1.01589}
}
{Volume "body1"
	{Polyhedron "body1.vol"}
	{Bone "body"}
	{Position 4.88258	0.662462	1.09411}
}
{Volume "body2"
	{Polyhedron "body2.vol"}
	{Bone "body"}
	{Position 4.99338	0.662462	-6.40562}
}
{Volume "engine"
	{Box 13.9657 26.884 12.22}
	{Bone "body"}
	{Position -28.8354	0.662462	2.68134}
}
{Volume "fuel1"
	{Polyhedron "fuel1.vol"}
	{Bone "body"}
	{Position 38.4863	-9.23564	-4.61271}
}
{Volume "fuel2"
	{Box 18.1554 4.888 13.2326}
	{Bone "body"}
	{Position 7.96862	-13.3285	5.33684}
}
{Volume "gun"
	{Cylinder 2.45197 108.62}
	{Bone "gun"}
	{Matrix34
		0	-1	0
		0	0	1
		-1	0	0
		-10.4546	-0.286817	1.42983
	}
}
{Volume "trackleft"
	{Polyhedron "trackleft.vol"}
	{Bone "trackl"}
	{Matrix34
		1	0	0
		0	0	1
		0	-1	0
		2.44207	0.330811	-0.893953
	}
}
{Volume "trackright"
	{Polyhedron "trackright.vol"}
	{Bone "trackr"}
	{Matrix34
		-1	0	0
		0	1	0
		0	0	-1
		-2.44514	-0.910995	-0.192369
	}
}
{Volume "transmission"
	{Cylinder 5.07769 34.0447}
	{Bone "body"}
	{Matrix34
		1	0	0
		0	0	1
		0	-1	0
		-47.5321	0.662462	0.175494
	}
}
{Volume "turret1"
	{Polyhedron "turret1.vol"}
	{Bone "turret"}
	{Position -8.58323	11.476	12.076}
}
{Volume "turret2"
	{Polyhedron "turret2.vol"}
	{Bone "turret"}
	{Position -4.75359	-11.6136	12.0073}
}
{Volume "turret"
	{Polyhedron "turret.vol"}
	{Bone "turret"}
	{Position -0.162099	-0.147336	0.851362}
}
