;Exported by: Luzhbin_M
;Date:        Fri Feb 20 15:38:41 2009
;File:        D:\Black\Art\Models\Technics\Стрелковое оружие\Breda 37\Breda 37-basis1.max
{Skeleton
	{animation
		{sequence "close" {speed 1.1}}
	}
	{bone "basis"
		{Orientation
			1	0	0
			0	-1	0
			0	0	1
		}
		{bone "body"
			{Matrix34
				0.998599	0.0455896	0.0268479
				-0.0451004	0.99881	-0.0185555
				-0.0276619	0.0173187	0.999467
				-4.18092	0.589952	0.17605
			}
			{VolumeView "body.ply"}
			{bone revolute "turret"
				{parameters "ID=turret;"}
				{limits -25 25}
				{speed 0.08}
				{Matrix34
					0.996422	0.017491	-0.0826885
					0.083132	-0.0263646	0.99619
					0.0152443	-0.999499	-0.0277243
					5.96647	0	4.29236
				}
				{VolumeView "turret.ply"}
				{bone revolute "mgun_rot"
					{limits -25 25}
					{speed 0.03}
					{Matrix34
						0.994573	0.100927	-0.0252704
						-0.0271185	0.0169817	-0.999488
						-0.100446	0.994749	0.0196266
						-1.13909	0.987685	-0.119797
					}
					{bone "mgun"
						{Matrix34
							0.999574	-0.0291921	0
							0	0	1
							-0.0291922	-0.999574	0
							-4	0	-0.7
						}
						{bone "visor"
							{parameters "vis;"}
							{Matrix34
								1	0	0
								0	-1	0
								0	0	-1
								5.83316	0.570809	0.366189
							}
						}
					}
				}
			}
		}
		{bone "gunner"
			{Matrix34
				0.999786	-0.0116653	-0.0170921
				0.0108401	0.998808	-0.0475996
				0.017627	0.0474042	0.99872
				-19.2103	0.107263	-1.17416
			}
		}
		{bone "emit1"
			{parameters "Group=crew;"}
			{Matrix34
				0.999786	-0.0116651	-0.0170921
				0.01084	0.998808	-0.0475997
				0.017627	0.047404	0.99872
				-13.1924	-16.304	0.853963
			}
			{visibility 0}
		}
		{bone "driver"
			{Position -4.95312	5.16778	0.0212644}
		}
	}
}
{Obstacle "obstacle"
	{Obb2
		{Center -2.73046 -0.00464637}
		{Extent 6.86525 5.17826}
		{Axis -0.999573 -0.0187896}
	}
	{Rotate}
}
{Volume "body"
	{Box 11.2672 0.594966 0.520595}
	{Bone "body"}
	{Matrix34
		0.940755	-0.00510406	0.339048
		-0.0116654	0.998808	0.0474041
		-0.338886	-0.0485509	0.939574
		1.06194	0.00663505	2.30691
	}
}
{Volume "body_vol1"
	{Box 4.95643 0.407558 0.433852}
	{Bone "body"}
	{Matrix34
		0.610526	-0.583002	-0.536067
		0.352075	0.806083	-0.475681
		0.709437	0.10168	0.697395
		6.32262	-2.57929	2.06046
	}
}
{Volume "body_vol2"
	{Box 4.95643 0.407558 0.433852}
	{Bone "body"}
	{Matrix34
		0.619075	0.567026	-0.543348
		-0.771841	0.311619	-0.554215
		-0.144937	0.76248	0.630569
		6.0838	2.45528	2.07186
	}
}
{Volume "body_vol3"
	{Box 10.5603 0.335249 0.541844}
	{Bone "body"}
	{Matrix34
		0.955104	-0.294468	0.032637
		-0.0460406	-0.0386989	0.99819
		-0.292672	-0.954878	-0.0505189
		1.99981	-1.70122	0.818538
	}
}
{Volume "body_vol4"
	{Box 10.5603 0.335249 0.541844}
	{Bone "body"}
	{Matrix34
		0.95163	0.301138	0.0609644
		-0.0459352	-0.0567463	0.997331
		0.303792	-0.951891	-0.0401687
		2.12056	1.79694	0.987329
	}
}
{Volume "body_vol5"
	{Box 2.56226 0.981801 1.91571}
	{Bone "body"}
	{Matrix34
		0.933002	-0.00618051	0.359817
		-0.359681	-0.0484255	0.931818
		0.0116653	-0.998808	-0.0474042
		4.85529	-0.0163245	3.69347
	}
}
{Volume "select"
	{Box 13.6494 10.6801 5.74713}
	{Bone "basis"}
	{Position -2.56993	-0.19821	2.89483}
}
{Volume "turret"
	{Box 3.87931 0.838122 1.77203}
	{Bone "turret"}
	{Matrix34
		0.994941	0.100388	0.00391769
		-0.100446	0.994749	0.0196265
		-0.00192685	-0.0199207	0.9998
		-1.74464	0.515678	0.0606933
	}
}
