;Exported by: misan
;Date:        Sat Dec  3 07:54:29 2022
;File:        D:\Cold War\ModelWIP\China\Type 62 Light Tank\Type 62_xx.max
{Skeleton
	{bone "basis"
		{Orientation
			1	0	0
			0	-1	0
			0	0	1
		}
		{bone "body"
			{Matrix34
				1	0	0
				0	1	0
				0	0	1
				-6.50103	-0.001001	16.9779
			}
			{VolumeView "body.ply"}
			{bone "engine"
				{Matrix34
					0.984808	0	-0.173648
					0	1	0
					0.173648	0	0.984808
					-26.4602	-0.0074466	10.1282
				}
				{VolumeView "engine.ply"}
			}
			{bone revolute "turret"
				{Matrix34
					0.939693	0.34202	0
					-0.34202	0.939693	0
					0	0	1
					9.98084	0.00155946	9.8844
				}
				{VolumeView "turret.ply"}
				{bone revolute "commander_rot"
					{Position -9.31458	9.50407	14.1751}
					{VolumeView "commander_rot.ply"}
					{bone "cover2"
						{Matrix34
							0	0	-1
							0	1	0
							1	0	0
							2.60067	0.00647163	0.450638
						}
						{VolumeView "cover2.ply"}
					}
				}
				{bone revolute "turret_mgun"
					{Position -9.79156	-9.23739	14.2816}
					{VolumeView "turret_mgun.ply"}
					{bone revolute "mgun_rot"
						{limits -5 45}
						{Matrix34
							1	0	0
							0	0	1
							0	-1	0
							10.8587	-0.0237961	7.87914
						}
						{VolumeView "mgun_rot.ply"}
						{bone "mgun"
							{Position -6.7079	-0.95335	-0.0478306}
						}
					}
					{bone "cover1"
						{Matrix34
							-0.778447	0.273624	0.564934
							0.127118	0.950062	-0.284998
							-0.614704	-0.150043	-0.774355
							-8.23325	0.0308142	0.214836
						}
						{VolumeView "cover1.ply"}
					}
					{bone "gunner2"
						{Matrix34
							1	-3.86238e-05	1.04904e-05
							3.86238e-05	1	0
							-1.04904e-05	0	1
							-0.0423307	0.140641	-15.8639
						}
					}
				}
				{bone "detail1"
					{Position -6.78429	0.0237447	13.7557}
					{VolumeView "detail1.ply"}
				}
				{bone revolute "gun_rot"
					{limits 5 30}
					{Matrix34
						0.984808	0	-0.173648
						0.173648	0	0.984808
						0	-1	0
						22.3245	-0.0870821	5.41974
					}
					{VolumeView "gun_rot.ply"}
					{bone "gun"
						{Matrix34
							1	0	0
							0	0	-1
							0	1	0
							37.3083	0.0631714	0.00108278
						}
						{VolumeView "gun.ply"}
						{bone "foresight1"
							{Position 28.4737	-1.0848e-05	-0.00997925}
						}
					}
				}
			}
			{bone revolute "wheell1"
				{parameters "id=trackleft;Radius=.16;"}
				{Matrix34
					-0.994378	0.0232461	-0.103309
					-0.105772	-0.171507	0.979488
					0.00505101	0.984909	0.173002
					55.4037	22.183	-4.19295
				}
				{VolumeView "wheell1.ply"}
			}
			{bone revolute "wheelr1"
				{parameters "id=trackright;Radius=0.16;"}
				{Matrix34
					-0.951334	-0.308152	-0.00232711
					-0.0422396	0.122915	0.991518
					-0.305252	0.943363	-0.12995
					55.4147	-22.5028	-4.19818
				}
				{VolumeView "wheelr1.ply"}
			}
			{bone revolute "wheelr7"
				{parameters "id=trackleft;Radius=0.16;"}
				{Matrix34
					-0.954471	0.270412	0.125944
					0.0700197	-0.207315	0.975765
					0.289969	0.940159	0.178942
					-39.5874	-23.2656	-5.97571
				}
				{VolumeView "wheelr7.ply"}
			}
			{bone revolute "wheell7"
				{parameters "id=trackleft;Radius=.28;"}
				{Matrix34
					-0.997165	-0.0091099	-0.0746988
					-0.0731764	-0.11416	0.990764
					-0.0175534	0.993421	0.11317
					-39.5988	23.1676	-5.97028
				}
				{VolumeView "wheell7.ply"}
			}
			{bone "fxsmoke1"
				{Matrix34
					-1.02957e-05	1	0
					-3.83417e-05	0	1
					1	1.02958e-05	3.83417e-05
					-19.7354	26.6569	4.52698
				}
			}
		}
		{bone "wheelsl"
			{Matrix34
				1	0	2.13913e-05
				0	1	0
				-2.13913e-05	0	1
				1.49322	18.8173	12.6142
			}
			{VolumeView "wheelsl.ply"}
			{bone "trackl"
				{Position -0.0380073	3.92236	-2.05495}
				{VolumeView "trackl.ply"}
			}
			{bone revolute "wheell2"
				{parameters "id=trackleft;Radius=0.3;"}
				{Matrix34
					-0.964388	0.257439	0.060664
					0.0632318	0.00169964	0.997997
					0.256821	0.966293	-0.0179175
					33.9099	3.48388	-3.60592
				}
				{VolumeView "wheell2.ply"}
			}
			{bone revolute "wheell3"
				{parameters "id=trackleft;Radius=0.3;"}
				{Matrix34
					-0.96125	0.12975	0.243234
					0.274716	0.377248	0.884429
					0.0229948	0.916978	-0.398274
					12.8486	3.4838	-3.60417
				}
				{VolumeView "wheell3.ply"}
			}
			{bone revolute "wheell4"
				{parameters "id=trackleft;Radius=0.3;"}
				{Matrix34
					-0.957963	0.157852	-0.23956
					-0.285404	-0.439453	0.851719
					0.0291703	0.884287	0.466032
					-3.48119	3.48374	-3.60287
				}
				{VolumeView "wheell4.ply"}
			}
			{bone revolute "wheell5"
				{parameters "id=trackleft;Radius=0.3;"}
				{Matrix34
					-0.857367	-0.392444	-0.33303
					-0.201315	-0.339801	0.918699
					-0.473702	0.854706	0.212329
					-18.6786	3.48368	-3.60164
				}
				{VolumeView "wheell5.ply"}
			}
			{bone revolute "wheell6"
				{parameters "id=trackleft;Radius=0.3;"}
				{Matrix34
					-0.870405	0.475228	0.128657
					0.163683	0.0328674	0.985965
					0.46433	0.879248	-0.106395
					-33.7446	3.48362	-3.60042
				}
				{VolumeView "wheell6.ply"}
			}
		}
		{bone "wheelsr"
			{Matrix34
				1	0	1.783e-05
				0	1	0
				-1.783e-05	0	1
				1.49448	-18.8455	12.6131
			}
			{VolumeView "wheelsr.ply"}
			{bone "trackr"
				{parameters "id=trackright;"}
				{Matrix34
					1	0	0
					0	1	0
					0	0	1
					-0.0390024	-4.14675	-2.05389
				}
				{VolumeView "trackr.ply"}
			}
			{bone revolute "wheelr2"
				{parameters "id=trackright;Radius=0.3;"}
				{Matrix34
					-0.977719	0.0841367	0.192321
					0.169237	-0.226119	0.959286
					0.124199	0.970459	0.206842
					33.9097	-3.53897	-3.6061
				}
				{VolumeView "wheelr2.ply"}
			}
			{bone revolute "wheelr3"
				{parameters "id=trackright;Radius=0.3;"}
				{Matrix34
					-0.969027	0.212697	0.125489
					0.0843739	-0.19242	0.977679
					0.232096	0.957985	0.168514
					12.8485	-3.53912	-3.60427
				}
				{VolumeView "wheelr3.ply"}
			}
			{bone revolute "wheelr4"
				{parameters "id=trackright;Radius=0.3;"}
				{Matrix34
					-0.928847	-0.36815	0.0413275
					0.00137786	0.108122	0.994137
					-0.37046	0.923458	-0.099922
					-3.48121	-3.53923	-3.60284
				}
				{VolumeView "wheelr4.ply"}
			}
			{bone revolute "wheelr5"
				{parameters "id=trackright;Radius=0.3;"}
				{Matrix34
					-0.800876	0.598821	-0.00338473
					-0.1024	-0.131378	0.98603
					0.590011	0.790034	0.166537
					-18.6786	-3.53933	-3.60149
				}
				{VolumeView "wheelr5.ply"}
			}
			{bone revolute "wheelr6"
				{parameters "id=trackright;Radius=0.3;"}
				{Matrix34
					-0.874249	-0.478451	0.0823003
					0.0258703	0.123371	0.992023
					-0.484788	0.869405	-0.0954789
					-33.7446	-3.53943	-3.60014
				}
				{VolumeView "wheelr6.ply"}
			}
		}
		{bone "emit2"
			{Matrix34
				0	1	0
				-1	0	-3.8147e-05
				-3.8147e-05	0	1
				0.579848	-52.1093	3.01162e-05
			}
		}
		{bone "emit1"
			{Matrix34
				0	-1	0
				1	0	3.86407e-05
				-3.86407e-05	0	1
				-2.1005	47.5595	-8.79665e-05
			}
		}
	}
}
{Volume "ammo"
	{Box 13.7524 13.4288 16.6582}
	{Bone "body"}
	{Matrix34
		-1.02957e-05	1	0
		-3.83417e-05	0	1
		1	1.02958e-05	3.83417e-05
		31.4194	-7.65953	0.369656
	}
}
{Volume "body1"
	{Polyhedron "body1.vol"}
	{Bone "body"}
	{Matrix34
		-1.02957e-05	1	0
		-3.83417e-05	0	1
		1	1.02958e-05	3.83417e-05
		6.50027	0.0915298	2.72421
	}
}
{Volume "body2"
	{Polyhedron "body2.vol"}
	{Bone "body"}
	{Matrix34
		-1.02957e-05	1	0
		-3.83417e-05	0	1
		1	1.02958e-05	3.83417e-05
		6.5007	0.0915127	-8.63025
	}
}
{Volume "engine"
	{Box 18.3838 14.0412 24.9672}
	{Bone "body"}
	{Matrix34
		1	1.0207e-05	3.86238e-05
		-3.86238e-05	0	1
		1.02069e-05	-1	0
		-25.2832	0.000704474	0.206171
	}
}
{Volume "fuel"
	{Box 27.3429 14.0759 4.2066}
	{Bone "body"}
	{Matrix34
		-1.02957e-05	1	0
		-3.83417e-05	0	1
		1	1.02958e-05	3.83417e-05
		-13.6811	0.0701538	0.507264
	}
}
{Volume "gun"
	{Cylinder 1.89176 84.5964}
	{Bone "gun"}
	{Matrix34
		-1.03155e-05	1	0
		-3.83109e-05	0	1
		1	1.02993e-05	3.83854e-05
		-13.8201	0.0118877	0.0289865
	}
}
{Volume "mantlet"
	{Polyhedron "mantlet.vol"}
	{Bone "gun_rot"}
	{Matrix34
		0	0	-1
		-4.86225e-05	1	0
		1	4.86523e-05	0
		-2.94071	0.3466	0.0169241
	}
}
{Volume "trackleft"
	{Polyhedron "trackleft.vol"}
	{Bone "wheelsl"}
	{Matrix34
		1	0	1.71661e-05
		-1.71661e-05	0	1
		0	-1	0
		0.193015	3.97203	-2.14277
	}
}
{Volume "trackright"
	{Polyhedron "trackright.vol"}
	{Bone "wheelsr"}
	{Matrix34
		1	0	2.0504e-05
		-2.0504e-05	0	1
		0	-1	0
		0.19202	-3.95337	-2.14172
	}
}
{Volume "transmission"
	{Cylinder 5.30875 29.9905}
	{Bone "body"}
	{Matrix34
		1	1.0207e-05	3.86238e-05
		-3.86238e-05	0	1
		1.02069e-05	-1	0
		-38.6453	0.000562852	-3.15879
	}
}
{Volume "turret"
	{Polyhedron "turret.vol"}
	{Bone "turret"}
	{Matrix34
		1	1.02222e-05	3.86238e-05
		-1.02227e-05	1	0
		-3.86238e-05	0	1
		-3.48524	-0.000515461	0.941483
	}
}
