;Exported by: misan
;Date:        Mon Dec  5 08:22:21 2022
;File:        D:\Cold War\ModelWIP\China\Type 62 Light Tank\Type 62_enlarged_xx.max
{Skeleton
	{bone "basis"
		{Orientation
			1	0	0
			0	-1	0
			0	0	1
		}
		{bone "body"
			{parameters "id=body;"}
			{Matrix34
				1	0	0
				0	1	0
				0	0	1
				-6.50105	-0.00100093	17.446
			}
			{VolumeView "body.ply"}
			{bone "cover_driver"
				{parameters "id=body;"}
				{Matrix34
					0.707107	0.707107	0
					-0.707107	0.707107	0
					0	0	1
					32.4187	18.289	9.92691
				}
				{VolumeView "cover_driver.ply"}
			}
			{bone "engine"
				{parameters "id=engine;"}
				{animation
					{sequence "engine_r" {speed 0.3}}
				}
				{Matrix34
					0.965926	0	-0.258819
					0	1	0
					0.258819	0	0.965926
					-26.4602	-0.0074466	10.1282
				}
				{VolumeView "engine.ply"}
			}
			{bone revolute "turret"
				{parameters "id=turret;"}
				{Matrix34
					0.860048	-0.510178	-0.00602393
					0.5102	0.860051	0.00289406
					0.0037044	-0.00556244	0.999978
					9.98084	0.00155946	9.8844
				}
				{VolumeView "turret.ply"}
				{bone revolute "foresight5"
					{Matrix34
						1	0	0
						0	0	1
						0	-1	0
						22.3911	-7.03031	5.25892
					}
				}
				{bone revolute "commander_rot"
					{parameters "id=turret;"}
					{Matrix34
						0.258819	0.965926	0
						-0.965926	0.258819	0
						0	0	1
						-9.31458	9.50407	14.1751
					}
					{VolumeView "commander_rot.ply"}
					{bone "cover2"
						{parameters "id=turret;"}
						{Matrix34
							-0.560021	0.136387	-0.817175
							0.154435	0.986254	0.0587707
							0.813957	-0.0932873	-0.573386
							2.60067	0.00647163	0.450634
						}
						{VolumeView "cover2.ply"}
					}
					{bone "visor1"
						{Position 4.85425	0.00113487	0.422749}
					}
					{bone revolute "vision_rot"
						{Position 4.68151	0.00113392	0.422741}
					}
				}
				{bone revolute "turret_mgun"
					{parameters "id=turret;"}
					{Position -9.79156	-9.23739	14.2816}
					{VolumeView "turret_mgun.ply"}
					{bone "cover1"
						{parameters "id=turret;"}
						{Matrix34
							0.0981875	0.0758077	0.992276
							0.12362	0.988443	-0.0877472
							-0.98746	0.131281	0.0876814
							-8.23325	0.0308127	0.214832
						}
						{VolumeView "cover1.ply"}
					}
					{bone "gunner2"
						{Matrix34
							1	-3.86321e-05	1.049e-05
							3.86253e-05	1	0
							-1.049e-05	0	1
							-0.0423303	0.14064	-15.8639
						}
					}
				}
				{bone revolute "gun_rot"
					{parameters "id=gun;"}
					{limits -5 30}
					{Matrix34
						0.996067	-0.0113074	-0.0878812
						0.0878919	0.000451639	0.99613
						-0.011224	-0.999936	0.0014437
						22.3245	-0.0870835	5.41974
					}
					{VolumeView "gun_rot.ply"}
					{bone "gun"
						{parameters "id=gun;"}
						{Matrix34
							1	0	0
							0	0	-1
							0	1	0
							37.3083	0.0631714	0.00108314
						}
						{VolumeView "gun.ply"}
						{bone "foresight1"
							{Position 28.4737	-1.57356e-05	-0.00997925}
						}
					}
				}
			}
			{bone "visor2"
				{Position 42.6579	11.96	9.82418}
			}
			{bone revolute "wheell1"
				{parameters "id=trackleft;Radius=.16;"}
				{Matrix34
					-0.976374	0.14234	-0.162585
					-0.205075	-0.373212	0.904797
					0.06811	0.916762	0.393585
					55.4036	25.4813	-4.19296
				}
				{VolumeView "wheell1.ply"}
			}
			{bone revolute "wheelr1"
				{parameters "id=trackright;Radius=0.16;"}
				{Matrix34
					-0.972108	0.233359	0.0234629
					-0.0130631	-0.153757	0.988022
					0.234172	0.960158	0.152517
					55.4147	-25.5669	-4.19817
				}
				{VolumeView "wheelr1.ply"}
			}
			{bone revolute "wheelr7"
				{parameters "id=trackleft;Radius=0.16;"}
				{Matrix34
					-1	0	0
					0	0	1
					0	1	0
					-39.5874	-26.3297	-5.97571
				}
				{VolumeView "wheelr7.ply"}
			}
			{bone revolute "wheell7"
				{parameters "id=trackleft;Radius=.28;"}
				{Matrix34
					-0.989168	0.13793	0.0502302
					0.0249792	-0.179033	0.983526
					0.144651	0.974126	0.173648
					-39.5989	26.4659	-5.97028
				}
				{VolumeView "wheell7.ply"}
			}
			{bone "fxsmoke1"
				{Matrix34
					-1.02957e-05	1	0
					-3.83417e-05	0	1
					1	1.02958e-05	3.83417e-05
					-19.7354	26.6569	4.52698
				}
			}
			{bone "fxstop1"
				{Matrix34
					-1	-1.03394e-05	-3.84908e-05
					-3.84908e-05	0	1
					-1.03394e-05	1	0
					-47.1197	-18.2992	6.72223
				}
			}
			{bone "fxstop2"
				{Matrix34
					-1	-1.03394e-05	-3.84908e-05
					-3.84908e-05	0	1
					-1.03394e-05	1	0
					-47.1201	18.2908	6.72217
				}
			}
			{bone "headlightr"
				{Matrix34
					1	1.0207e-05	3.86238e-05
					-1.02069e-05	1	0
					-3.86238e-05	0	1
					51.4332	-11.3429	7.02234
				}
			}
		}
		{bone "wheelsl"
			{Matrix34
				1	0	2.13913e-05
				0	1	0
				-2.13913e-05	0	1
				1.4932	22.1157	12.6142
			}
			{VolumeView "wheelsl.ply"}
			{bone revolute "suspension_l1"
				{limits -0.1 0.1}
				{Matrix34
					1	1.1664e-05	0.000361423
					-1.16643e-05	1	0
					-0.000361423	0	1
					33.9034	0.229593	-3.63036
				}
				{bone revolute "wheell2"
					{parameters "id=trackleft;Radius=0.3;"}
					{Matrix34
						-1	0	0
						0	0.573576	0.819152
						0	0.819152	-0.573576
						0.00650406	3.25428	0.0244303
					}
					{VolumeView "wheell2.ply"}
				}
			}
			{bone revolute "suspension_l2"
				{limits -0.1 0.1}
				{Matrix34
					1	0	1.70995e-05
					0	1	0
					-1.70995e-05	0	1
					12.7408	0.229509	-3.62865
				}
				{bone revolute "wheell3"
					{parameters "id=trackleft;Radius=0.3;"}
					{Matrix34
						-0.927081	0.300736	0.223783
						0.230946	-0.0120064	0.972892
						0.295271	0.953632	-0.0583231
						0.107817	3.25429	0.024477
					}
					{VolumeView "wheell3.ply"}
				}
			}
			{bone revolute "suspension_l3"
				{limits -0.1 0.1}
				{Matrix34
					1	0	1.70995e-05
					0	1	0
					-1.70995e-05	0	1
					-3.44125	0.229446	-3.62735
				}
				{bone revolute "wheell4"
					{parameters "id=trackleft;Radius=0.3;"}
					{Matrix34
						-0.899782	-0.380984	-0.212707
						-0.254727	0.0628441	0.964969
						-0.354271	0.922443	-0.153593
						-0.0399363	3.25429	0.024477
					}
					{VolumeView "wheell4.ply"}
				}
			}
			{bone revolute "suspension_l4"
				{limits -0.1 0.1}
				{Matrix34
					1	0	1.70995e-05
					0	1	0
					-1.70995e-05	0	1
					-18.6927	0.229389	-3.62612
				}
				{bone revolute "wheell5"
					{parameters "id=trackleft;Radius=0.3;"}
					{Matrix34
						-0.990111	0.13389	0.0418701
						-0.0488438	-0.608813	0.791809
						0.131506	0.781934	0.609332
						0.0140915	3.25429	0.024477
					}
					{VolumeView "wheell5.ply"}
				}
			}
			{bone revolute "suspension_l5"
				{limits -0.1 0.1}
				{Matrix34
					1	0	1.70995e-05
					0	1	0
					-1.70995e-05	0	1
					-33.7891	0.229334	-3.6249
				}
				{bone revolute "wheell6"
					{parameters "id=trackleft;Radius=0.3;"}
					{Matrix34
						-0.936919	-0.34164	-0.0739287
						-0.140601	0.174703	0.974531
						-0.320024	0.923451	-0.211717
						0.0445251	3.25429	0.024477
					}
					{VolumeView "wheell6.ply"}
				}
			}
			{bone "trackl"
				{Position -0.0380073	3.92236	-2.05495}
				{VolumeView "trackl.ply"}
			}
			{bone "fxtracel3"
				{Matrix34
					1	0	1.71661e-05
					0	1	0
					-1.71661e-05	0	1
					-34.1937	4.01653	-12.733
				}
			}
			{bone "fxtracel1"
				{Matrix34
					1	0	1.71661e-05
					0	1	0
					-1.71661e-05	0	1
					35.5367	4.0166	-12.7318
				}
			}
			{bone "fxtracel2"
				{Matrix34
					1	0	1.71661e-05
					0	1	0
					-1.71661e-05	0	1
					-1.54089	4.01656	-12.7324
				}
			}
		}
		{bone "wheelsr"
			{Matrix34
				1	0	1.783e-05
				0	1	0
				-1.783e-05	0	1
				1.4945	-21.9096	12.6131
			}
			{VolumeView "wheelsr.ply"}
			{bone revolute "suspension_r1"
				{limits -0.1 0.1}
				{Matrix34
					1	1.21549e-05	0.00036256
					-1.2155e-05	1	0
					-0.00036256	0	1
					33.9034	0.544554	-3.63063
				}
				{bone revolute "wheelr2"
					{parameters "id=trackright;Radius=0.3;"}
					{Matrix34
						-0.943748	0.330314	0.0152094
						-0.0500689	-0.188217	0.98085
						0.326852	0.924915	0.194168
						0.00630188	-4.08353	0.0245266
					}
					{VolumeView "wheelr2.ply"}
				}
			}
			{bone revolute "suspension_r2"
				{limits -0.1 0.1}
				{Matrix34
					1	0	2.06608e-05
					0	1	0
					-2.06608e-05	0	1
					12.7407	0.544413	-3.62875
				}
				{bone revolute "wheelr3"
					{parameters "id=trackright;Radius=0.3;"}
					{Matrix34
						-0.962878	-0.251948	-0.0968924
						-0.163272	0.257744	0.952318
						-0.214962	0.932786	-0.289313
						0.107817	-4.08353	0.024477
					}
					{VolumeView "wheelr3.ply"}
				}
			}
			{bone revolute "suspension_r3"
				{limits -0.1 0.1}
				{Matrix34
					1	0	2.06608e-05
					0	1	0
					-2.06608e-05	0	1
					-3.44128	0.544306	-3.62732
				}
				{bone revolute "wheelr4"
					{parameters "id=trackright;Radius=0.3;"}
					{Matrix34
						-0.965694	-0.201992	-0.163199
						-0.215956	0.275665	0.936681
						-0.144214	0.939792	-0.309829
						-0.0399361	-4.08353	0.024477
					}
					{VolumeView "wheelr4.ply"}
				}
			}
			{bone revolute "suspension_r4"
				{limits -0.1 0.1}
				{Matrix34
					1	0	2.06608e-05
					0	1	0
					-2.06608e-05	0	1
					-18.6927	0.544203	-3.62596
				}
				{bone revolute "wheelr5"
					{parameters "id=trackright;Radius=0.3;"}
					{Matrix34
						-0.957955	0.279745	-0.0637601
						-0.0918814	-0.0885792	0.991822
						0.271809	0.955979	0.110558
						0.0140915	-4.08353	0.024477
					}
					{VolumeView "wheelr5.ply"}
				}
			}
			{bone revolute "suspension_r5"
				{limits -0.1 0.1}
				{Matrix34
					1	0	2.06608e-05
					0	1	0
					-2.06608e-05	0	1
					-33.7892	0.544104	-3.62462
				}
				{bone revolute "wheelr6"
					{parameters "id=trackright;Radius=0.3;"}
					{Matrix34
						-0.950002	-0.311344	-0.0236884
						-0.103816	0.243402	0.964354
						-0.29448	0.918597	-0.263555
						0.044529	-4.08353	0.024477
					}
					{VolumeView "wheelr6.ply"}
				}
			}
			{bone "trackr"
				{Position -0.0280457	-3.92723	-2.05923}
				{VolumeView "trackr.ply"}
			}
			{bone "fxtracer1"
				{Matrix34
					1	0	2.0504e-05
					0	1	0
					-2.0504e-05	0	1
					35.5357	-4.02741	-12.7306
				}
			}
			{bone "fxtracer2"
				{Matrix34
					1	0	2.0504e-05
					0	1	0
					-2.0504e-05	0	1
					-1.54185	-4.02747	-12.7313
				}
			}
			{bone "fxtracer3"
				{Matrix34
					1	0	2.0504e-05
					0	1	0
					-2.0504e-05	0	1
					-34.1946	-4.02751	-12.732
				}
			}
		}
		{bone "emit2"
			{Matrix34
				0	1	0
				-1	0	-3.8147e-05
				-3.8147e-05	0	1
				0.579848	-52.1093	3.01162e-05
			}
		}
		{bone "emit1"
			{Matrix34
				0	-1	0
				1	0	3.86407e-05
				-3.86407e-05	0	1
				-2.1005	47.5595	-8.79665e-05
			}
		}
	}
}
{Volume "ammo"
	{Box 13.7524 13.4288 16.6582}
	{Bone "body"}
	{Matrix34
		-1.02957e-05	1	0
		-3.83417e-05	0	1
		1	1.02958e-05	3.83417e-05
		31.4194	-7.65953	0.369656
	}
}
{Volume "body1"
	{Polyhedron "body1.vol"}
	{Bone "body"}
	{Matrix34
		-1.02957e-05	1	0
		-3.83417e-05	0	1
		1	1.02958e-05	3.83417e-05
		6.50027	0.0915298	2.72421
	}
}
{Volume "body2"
	{Polyhedron "body2.vol"}
	{Bone "body"}
	{Matrix34
		-1.02957e-05	1	0
		-3.83417e-05	0	1
		1	1.02958e-05	3.83417e-05
		6.5007	0.0915127	-8.63025
	}
}
{Volume "engine"
	{Box 18.3838 14.0412 29.9607}
	{Bone "body"}
	{Matrix34
		1	1.0207e-05	3.86238e-05
		-3.86238e-05	0	1
		1.02069e-05	-1	0
		-25.2832	0.000704467	0.206171
	}
}
{Volume "fuel"
	{Box 27.3429 14.0759 4.2066}
	{Bone "body"}
	{Matrix34
		-1.02957e-05	1	0
		-3.83417e-05	0	1
		1	1.02958e-05	3.83417e-05
		-13.6811	0.0701538	0.507264
	}
}
{Volume "gun"
	{Cylinder 1.89176 84.5964}
	{Bone "gun"}
	{Matrix34
		-1.00571e-05	1	0
		-3.83407e-05	0	1
		1	1.05073e-05	3.83556e-05
		-13.8201	0.0118976	0.0289814
	}
}
{Volume "mantlet"
	{Polyhedron "mantlet.vol"}
	{Bone "gun_rot"}
	{Matrix34
		0	0	-1
		-4.86299e-05	1	0
		1	4.86448e-05	0
		-2.94072	0.346603	0.0169243
	}
}
{Volume "trackleft"
	{Polyhedron "trackleft.vol"}
	{Bone "wheelsl"}
	{Matrix34
		1	0	1.71661e-05
		-1.71661e-05	0	1
		0	-1	0
		0.193015	3.97203	-2.14277
	}
}
{Volume "trackright"
	{Polyhedron "trackright.vol"}
	{Bone "wheelsr"}
	{Matrix34
		1	0	2.0504e-05
		-2.0504e-05	0	1
		0	-1	0
		0.19202	-3.95337	-2.14172
	}
}
{Volume "transmission"
	{Cylinder 5.30875 35.3888}
	{Bone "body"}
	{Matrix34
		1	1.0207e-05	3.86238e-05
		-3.86238e-05	0	1
		1.02069e-05	-1	0
		-38.6453	-0.118837	-3.15879
	}
}
{Volume "turret"
	{Polyhedron "turret.vol"}
	{Bone "turret"}
	{Matrix34
		1	1.01383e-05	3.86229e-05
		-1.01706e-05	1	0
		-3.86238e-05	0	1
		-3.48524	-0.000515103	0.941483
	}
}
