;Exported by: misan
;Date:        Wed Feb 15 14:50:19 2023
;File:        D:\Cold War\ModelWIP\USSR\Katyusha\BM-14 XX.max
{Skeleton
	{bone "basis"
		{Orientation
			1	0	0
			0	-1	0
			0	0	1
		}
		{bone "body"
			{Position 1.02116	0	18.7816}
			{VolumeView "body.ply"}
			{bone "cabin"
				{parameters "id=body;"}
				{Position 34.9865	-0.402407	10.0526}
				{VolumeView "cabin.ply"}
				{bone "engine"
					{parameters "id=engine;"}
					{Position 8.93793	0.390721	3.42633}
					{VolumeView "engine.ply"}
				}
				{bone "door_left"
					{parameters "id=body;"}
					{Matrix34
						0.945519	-0.325568	0
						0.325568	0.945519	0
						0	0	1
						-4.91988	13.5117	3.79241
					}
					{VolumeView "door_left.ply"}
				}
				{bone "door_right"
					{parameters "id=body;"}
					{Matrix34
						0.819152	0.573576	0
						-0.573576	0.819152	0
						0	0	1
						-5.21417	-13.3895	3.79241
					}
					{VolumeView "door_right.ply"}
				}
				{bone "steering"
					{Position -12.2156	9.14018	3.13048}
					{VolumeView "steering.ply"}
				}
				{bone "headlightl"
					{Position 21.0241	10.4696	-2.66682}
				}
				{bone "headlightr"
					{Position 21.0241	-10.5688	-2.66682}
				}
				{bone "fxfire1"
					{Position 6.3047	0.363316	-0.667015}
				}
				{bone "commander"
					{Position -13.5069	-7.40898	-13.1039}
				}
				{bone "driver"
					{Position -13.5069	8.18543	-13.1039}
				}
				{bone "shield"
					{parameters "id=body;"}
					{Position -16.8761	0.402407	10.7187}
					{VolumeView "shield.ply"}
				}
				{bone "shieldl"
					{parameters "id=body;"}
					{Matrix34
						0.952067	0.305391	0.0174525
						-0.305438	0.952212	0
						-0.0166185	-0.00533067	0.999848
						-8.76283	6.91272	17.2479
					}
					{VolumeView "shieldl.ply"}
				}
				{bone "shieldr"
					{parameters "id=body;"}
					{Matrix34
						-0.61367	0.191274	-0.766044
						0.297569	0.9547	0
						0.731343	-0.227951	-0.642788
						-8.88551	-6.69732	17.2479
					}
					{VolumeView "shieldr.ply"}
				}
			}
			{bone "fxsmoke1"
				{Matrix34
					0	-1	0
					0	0	1
					-1	0	0
					-15.4548	-18.358	1.00396
				}
			}
			{bone "supportl"
				{parameters "id=body;"}
				{Matrix34
					-0.590823	0.401489	0.699811
					0.131799	0.903767	-0.407228
					-0.795963	-0.148365	-0.586882
					-55.5196	-10.9607	2.50074
				}
				{VolumeView "supportl.ply"}
				{bone "standl"
					{parameters "id=body;"}
					{Position 1.77241	-0.865692	0.436531}
					{VolumeView "standl.ply"}
				}
			}
			{bone "supportr"
				{parameters "id=body;"}
				{Position -55.5196	10.9121	2.50074}
				{VolumeView "supportr.ply"}
			}
			{bone "bodyback_bm14"
				{parameters "id=body;"}
				{Position -24.882	-0.417335	6.49038}
				{VolumeView "bodyback_bm14.ply"}
				{bone revolute "turret"
					{parameters "id=turret;"}
					{Matrix34
						0.75471	0.656059	0
						-0.656059	0.75471	0
						0	0	1
						-13.1117	0.417335	1.98922
					}
					{VolumeView "turret.ply"}
					{bone revolute "gun_rot"
						{parameters "id=gun;"}
						{Matrix34
							0.998465	0.0429607	0.0349541
							-0.0388142	0.0925757	0.994949
							0.0395078	-0.994779	0.0941011
							-5.97687	0	10.0027
						}
						{VolumeView "gun_rot.ply"}
						{bone "launcher04"
							{parameters "id=gun;"}
							{Matrix34
								1	0	0
								0	0	-1
								0	1	0
								7.18187	3.48281	2.024
							}
							{VolumeView "launcher04.ply"}
						}
						{bone "launcher11"
							{parameters "id=gun;"}
							{Matrix34
								1	0	0
								0	0	-1
								0	1	0
								7.96362	8.28717	-2.05783
							}
							{VolumeView "launcher11.ply"}
						}
						{bone "launcher12"
							{parameters "id=gun;"}
							{Matrix34
								0.996619	0.055951	0.0601758
								0.0622765	-0.0365905	-0.997388
								-0.053603	0.997763	-0.0399512
								7.96362	8.28717	2.03404
							}
							{VolumeView "launcher12.ply"}
						}
						{bone "launcher14"
							{parameters "id=gun;"}
							{Matrix34
								1	0	0
								0	0	-1
								0	1	0
								7.96362	8.28717	9.84314
							}
							{VolumeView "launcher14.ply"}
						}
						{bone "launcher15"
							{parameters "id=gun;"}
							{Matrix34
								0.996984	0.0442056	0.0637893
								0.0646008	-0.0171742	-0.997763
								-0.0430111	0.998875	-0.019978
								7.96362	8.28717	13.7664
							}
							{VolumeView "launcher15.ply"}
						}
						{bone "launcher07"
							{parameters "id=gun;"}
							{Matrix34
								1	0	0
								0	0	-1
								0	1	0
								7.96362	3.22302	13.7625
							}
							{VolumeView "launcher07.ply"}
						}
						{bone "launcher06"
							{parameters "id=gun;"}
							{Matrix34
								1	0	0
								0	0	-1
								0	1	0
								7.96362	3.22302	9.84858
							}
							{VolumeView "launcher06.ply"}
						}
						{bone "launcher00"
							{parameters "id=gun;"}
							{Matrix34
								1	0	0
								0	0	-1
								0	1	0
								7.96362	3.22301	-13.7718
							}
							{VolumeView "launcher00.ply"}
						}
						{bone "launcher01"
							{parameters "id=gun;"}
							{Matrix34
								0.998153	-0.0533658	-0.0290444
								-0.0257237	0.0618904	-0.997752
								0.0550434	0.996655	0.0604033
								7.18186	3.48281	-9.93398
							}
							{VolumeView "launcher01.ply"}
						}
						{bone "launcher09"
							{parameters "id=gun;"}
							{Matrix34
								1	0	0
								0	0	-1
								0	1	0
								7.96362	8.28717	-9.92394
							}
							{VolumeView "launcher09.ply"}
						}
						{bone "launcher03"
							{parameters "id=gun;"}
							{Matrix34
								0.997609	0.0469042	0.0507556
								0.052241	-0.0310024	-0.998153
								-0.045244	0.998418	-0.0333786
								7.18186	3.48281	-2.06788
							}
							{VolumeView "launcher03.ply"}
						}
						{bone "launcher10"
							{parameters "id=gun;"}
							{Matrix34
								0.998936	0.0385224	-0.0253691
								-0.0223998	-0.0756455	-0.996883
								-0.0403214	0.996391	-0.0747021
								7.96362	8.28717	-5.96632
							}
							{VolumeView "launcher10.ply"}
						}
						{bone "launcher13"
							{parameters "id=gun;"}
							{Matrix34
								0.999152	-0.0309898	-0.0270982
								-0.0262259	0.0282116	-0.999258
								0.0317313	0.999122	0.0273749
								7.96362	8.28717	5.89071
							}
							{VolumeView "launcher13.ply"}
						}
						{bone "launcher05"
							{parameters "id=gun;"}
							{Matrix34
								1	0	0
								0	0	-1
								0	1	0
								7.18186	3.48281	5.88067
							}
							{VolumeView "launcher05.ply"}
						}
						{bone "launcher08"
							{parameters "id=gun;"}
							{Matrix34
								0.991412	-0.0258228	-0.1282
								-0.130499	-0.131629	-0.982672
								0.00850043	0.990963	-0.133869
								7.96362	8.28716	-13.7718
							}
							{VolumeView "launcher08.ply"}
						}
						{bone "launcher02"
							{parameters "id=gun;"}
							{Matrix34
								1	0	0
								0	0	-1
								0	1	0
								7.18187	3.4828	-5.97637
							}
							{VolumeView "launcher02.ply"}
						}
						{bone "foresight"
							{Matrix34
								1	0	0
								0	0	-1
								0	1	0
								21.6196	5.62132	0
							}
						}
					}
					{bone "hydraulic"
						{Position -0.20237	0.0220375	6.57703}
					}
				}
			}
			{bone "fxstop1"
				{Matrix34
					-1	0	0
					0	-1	0
					0	0	1
					-52.2132	-15.1314	2.54175
				}
			}
			{bone "fxstop2"
				{Matrix34
					-1	0	0
					0	-1	0
					0	0	1
					-52.1213	14.352	2.54175
				}
			}
		}
		{bone "pivot_back"
			{Position -29.5573	0.104093	10.2214}
			{bone prizmatic "suspension_l3"
				{limits -0.1 0.1}
				{Position -11.5149	12.4237	0}
				{bone revolute "wheell3"
					{parameters "id=wheelleft3;"}
					{Matrix34
						-0.992899	-0.11892	0.00305017
						-0.016249	0.160979	0.986824
						-0.117844	0.979767	-0.161768
						0.0291519	3.45887	-0.0317993
					}
					{VolumeView "wheell3.ply"}
				}
				{bone "fxtracel3"
					{Position -0.17083	3.419	-10.2214}
				}
			}
			{bone prizmatic "suspension_r3"
				{limits -0.1 0.1}
				{Position -11.5149	-13.9439	0}
				{bone revolute "wheelr3"
					{parameters "id=wheelright3;"}
					{Matrix34
						-0.981286	-0.157551	-0.110706
						-0.133538	0.142592	0.980732
						-0.13873	0.977162	-0.160962
						0.0291519	-3.33113	-0.0317993
					}
					{VolumeView "wheelr3.ply"}
				}
				{bone "fxtracer3"
					{Position -0.17083	-3.34283	-10.2214}
				}
			}
			{bone prizmatic "suspension_l2"
				{limits -0.1 0.1}
				{Position 11.2734	12.4237	0}
				{bone revolute "wheell2"
					{parameters "id=wheelleft2;"}
					{Matrix34
						-0.967943	0.246044	0.0504793
						-0.0520942	-0.393269	0.917947
						0.245707	0.88589	0.393479
						0.144882	3.45886	-0.0317993
					}
					{VolumeView "wheell2.ply"}
				}
				{bone "fxtracel2"
					{Position 0.180077	3.419	-10.2214}
				}
			}
			{bone prizmatic "suspension_r2"
				{limits -0.1 0.1}
				{Position 11.2734	-13.9439	0}
				{bone revolute "wheelr2"
					{parameters "id=wheelright2;"}
					{Matrix34
						-0.988367	-0.10159	0.113181
						0.111503	0.0220658	0.993519
						-0.103429	0.994582	-0.0104816
						0.14489	-3.33113	-0.0317993
					}
					{VolumeView "wheelr2.ply"}
				}
				{bone "fxtracer2"
					{Position 0.180077	-3.34283	-10.2214}
				}
			}
		}
		{bone "pivot_front"
			{Position 46.7108	-0.0454611	10.2214}
			{bone revolute "steer_l1"
				{Matrix34
					1	0	0
					0	-1	0
					0	0	-1
					0	12.5733	0
				}
				{bone prizmatic "suspension_l1"
					{limits -0.1 0.1}
					{Matrix34
						1	0	0
						0	-1	0
						0	0	-1
						0	0	0
					}
					{bone revolute "wheell1"
						{parameters "id=wheelleft1;"}
						{Matrix34
							-0.99665	0.0725462	-0.0377662
							-0.0575013	-0.293152	0.954335
							0.0581621	0.953309	0.296341
							0.298203	1.28316	-0.0318003
						}
						{VolumeView "wheell1.ply"}
					}
					{bone "fxtracel1"
						{Position 0.330376	1.04482	-10.2214}
					}
				}
			}
			{bone revolute "steer_r1"
				{Matrix34
					1	0	0
					0	-1	0
					0	0	-1
					0	-13.7944	0
				}
				{bone prizmatic "suspension_r1"
					{limits -0.1 0.1}
					{Matrix34
						1	0	0
						0	-1	0
						0	0	-1
						0	0	0
					}
					{bone revolute "wheelr1"
						{parameters "id=wheelright1;"}
						{Matrix34
							-0.961949	0.168389	-0.215175
							-0.20144	0.0949944	0.974884
							0.1846	0.981133	-0.0574595
							0.298203	-0.983458	-0.0317993
						}
						{VolumeView "wheelr1.ply"}
					}
					{bone "fxtracer1"
						{Position 0.330376	-1.19769	-10.2214}
					}
				}
			}
		}
		{bone "emit1"
			{Matrix34
				0	-1	0
				1	0	0
				0	0	1
				14.0668	27.5566	0
			}
		}
		{bone "emit2"
			{Matrix34
				0	1	0
				-1	0	0
				0	0	1
				19.3573	-25.7562	0
			}
		}
	}
}
{Volume "body1"
	{Polyhedron "body1.vol"}
	{Bone "cabin"}
	{Position 10.3542	0.0978918	-9.4033}
}
{Volume "body2"
	{Polyhedron "body2.vol"}
	{Bone "cabin"}
	{Position -15.2942	0.099886	-12.7789}
}
{Volume "body3"
	{Box 69.6295 18.93 10.7522}
	{Bone "body"}
	{Position -24.4278	-0.281357	1.91313}
}
{Volume "engine"
	{Box 22.291 11.2057 10.2022}
	{Bone "cabin"}
	{Position 8.62811	-0.0446899	-2.97922}
}
{Volume "fuel1"
	{Box 17.2511 6.70086 11.976}
	{Bone "body"}
	{Matrix34
		1	0	0
		0	0	1
		0	-1	0
		0.0384438	-13.3218	-1.88383
	}
}
{Volume "fuel2"
	{Box 17.2511 6.70086 11.976}
	{Bone "body"}
	{Matrix34
		1	0	0
		0	0	1
		0	-1	0
		0.0384438	13.1729	-1.88383
	}
}
{Volume "gun1"
	{Box 17.6784 4.75989 10.2559}
	{Bone "gun_rot"}
	{Matrix34
		0	0	-1
		0	1	0
		1	0	0
		2.52172	-1.4426	-0.0808812
	}
}
{Volume "gun2"
	{Box 29.7841 9.04657 25.3206}
	{Bone "gun_rot"}
	{Matrix34
		0	0	-1
		0	1	0
		1	0	0
		8.05512	5.3046	0.058294
	}
}
{Volume "shield"
	{Polyhedron "shield.vol"}
	{Bone "shield"}
	{Matrix34
		0	-1	0
		0	0	1
		-1	0	0
		-6.0512	0.14818	-0.299011
	}
}
{Volume "shieldl"
	{Polyhedron "shieldl.vol"}
	{Bone "shieldl"}
	{Matrix34
		0.0520278	0.998546	-0.0140882
		-0.60268	0.0426442	0.796843
		-0.796285	0.0329673	-0.604023
		3.94901	0.597679	-4.61259
	}
}
{Volume "shieldr"
	{Polyhedron "shieldr.vol"}
	{Bone "shieldr"}
	{Matrix34
		0.0437852	-0.998942	-0.0140883
		-0.603012	-0.0376689	0.796843
		-0.79653	-0.0263945	-0.604023
		3.88566	-0.0309238	-4.6126
	}
}
{Volume "transmission"
	{Cylinder 5.45662 92.3185}
	{Bone "body"}
	{Matrix34
		0	-1	0
		0	0	1
		-1	0	0
		1.84188	0.101948	-5.99676
	}
}
{Volume "turret"
	{Cylinder 10.0604 6.46138}
	{Bone "turret"}
	{Position -0.00203323	0.0741692	2.73964}
}
{Volume "wheelleft1"
	{Cylinder 10.0443 6.51374}
	{Bone "wheell1"}
	{Matrix34
		-1	0	0
		0	1	0
		0	0	-1
		-0.0245552	0.0984382	-0.0487955
	}
}
{Volume "wheelleft2"
	{Cylinder 10.0443 6.51374}
	{Bone "wheell2"}
	{Matrix34
		-1	0	0
		0	1	0
		0	0	-1
		0.0206928	0.0984393	-0.0102155
	}
}
{Volume "wheelleft3"
	{Cylinder 10.0443 6.51374}
	{Bone "wheell3"}
	{Matrix34
		-1	0	0
		0	1	0
		0	0	-1
		-0.0644303	0.0984391	-0.0102203
	}
}
{Volume "wheelright1"
	{Cylinder 10.0443 6.51374}
	{Bone "wheelr1"}
	{Matrix34
		-1	0	0
		0	1	0
		0	0	-1
		-0.0245552	0.09844	0.0561407
	}
}
{Volume "wheelright2"
	{Cylinder 10.0443 6.51374}
	{Bone "wheelr2"}
	{Matrix34
		-1	0	0
		0	1	0
		0	0	-1
		0.0206986	0.0984391	0.175985
	}
}
{Volume "wheelright3"
	{Cylinder 10.0443 6.51374}
	{Bone "wheelr3"}
	{Matrix34
		-1	0	0
		0	1	0
		0	0	-1
		-0.0644303	0.0984391	0.175986
	}
}
