;Exported by:	 Usuario
;Date:			 07.01.2016 18:04:33
;File:			 C:\Users\Usuario\Documents\3dsmax\scenes\WIP\backpack\veshmeshok\veshmeshok_regular_export.max
{skeleton
	{bone "backpack"
		{orientation
			1 	 0 	 0
			0 	 -1 	 0
			0 	 0 	 1
		}
		{VolumeView "backpack.ply"}
		{bone "handle"
			{matrix34
				-0.9988 	 -0.0475 	 -0.0122
				0.0161 	 -0.0826 	 -0.9965
				0.0463 	 -0.9954 	 0.0833
				9.877 	 2.6004 	 -0.7705
			}
		}
	}
}
{Volume "body"
	{Box 5.08406 3.01496 7.30267}
	{Bone "backpack"}
	{matrix34
		-0.0463 	 0.9954 	 -0.0833
		-0.004 	 0.0832 	 0.9965
		0.9989 	 0.0465 	 0.0002
		5.519 	 2.2436 	 0.5711
	}
}
{Volume "select"
	{Box 6.53403 6.57201 9.1298}
	{Bone "backpack"}
	{matrix34
		-0.0463 	 0.9954 	 -0.0833
		-0.004 	 0.0832 	 0.9965
		0.9989 	 0.0465 	 0.0002
		6.4389 	 2.1354 	 -1.1621
	}
}
{extender "preview"
	{"Stuff_secondary"
		{camera
			{origin 4.9125 	 -6.8587 	 41.5098}
			{lookat 5.1652 	 -3.027 	 0.4429}
			{fov 18.4416}
			{horizon -89.8657}
		}
		{lights
			{"0"
				{type point}
				{position 2.9655 	 -3.0338 	 2.3598}
			}
			{"1"
				{type directional}
				{direction 0.0239 	 0.486 	 -0.1152}
			}
			{"2"
				{type point}
				{position 8.2901 	 -2.4236 	 -0.5343}
			}
		}
	}
	{"Stuff_primary"
		{camera
			{origin 4.9125 	 -6.8587 	 41.5098}
			{lookat 5.1652 	 -3.027 	 0.4429}
			{fov 18.4416}
			{horizon -89.8657}
		}
		{lights
			{"0"
				{type point}
				{position 2.9655 	 -3.0338 	 2.3598}
			}
			{"1"
				{type directional}
				{direction 0.0239 	 0.486 	 -0.1152}
			}
			{"2"
				{type point}
				{position 8.2901 	 -2.4236 	 -0.5343}
			}
		}
	}
	{"Stuff"
		{camera
			{origin 6.7066 	 -6.458 	 41.5641}
			{lookat 6.9594 	 -2.6262 	 0.4971}
			{fov 18.4416}
			{horizon -89.8656}
		}
		{lights
			{"0"
				{type point}
				{position 2.9655 	 -3.0338 	 2.3598}
			}
			{"1"
				{type directional}
				{direction 0.0239 	 0.486 	 -0.1152}
			}
			{"2"
				{type point}
				{position 8.2901 	 -2.4236 	 -0.5343}
			}
		}
	}
}
