;Exported by: Администратор
;Date:        Sat Jan 11 20:07:59 2014
;File:        C:\Documents and Settings\Администратор\Мои документы\3dsMax\scenes\UAHM\-vehicle\enemy\cannon\zpu4.max
{Skeleton
	{animation
		{sequence "close" {speed 0.5}}
	}
	{bone revolute "basis"
		{speed 0.01}
		{Orientation
			1	0	0
			0	-1	0
			0	0	1
		}
		{bone "body"
			{parameters "ID=body;"}
			{Position -4.83833	3.31305	9.01709}
			{VolumeView "body.ply"}
			{bone revolute "turret"
				{parameters "ID=turret;"}
				{speed 0.01}
				{Position 3.47668	-0.109987	4.3891}
				{VolumeView "turret.ply"}
				{bone revolute "gun_rot"
					{parameters "ID=gun;"}
					{limits -45 20}
					{speed 0.01}
					{Matrix34
						1	0	0
						0	0	-1
						0	1	0
						5.3426	-0.0284908	11.9699
					}
					{VolumeView "gun_rot.ply"}
					{bone "gun"
						{parameters "ID=gun;"}
						{Matrix34
							0.939693	0.34202	0
							0	0	1
							0.34202	-0.939693	0
							16.8598	-0.068924	-0.0754933
						}
						{VolumeView "gun.ply"}
						{bone "foresight3"
							{Matrix34
								0.939693	0	0.34202
								-0.34202	0	0.939693
								0	-1	0
								11.1141	0.180115	3.95961
							}
						}
						{bone "shooter00"
							{Matrix34
								0.939693	0	0.34202
								-0.34202	0	0.939693
								0	-1	0
								11.8862	-4.38492	1.83816
							}
						}
						{bone "shooter01"
							{Matrix34
								0.939693	0	0.34202
								-0.34202	0	0.939693
								0	-1	0
								11.8862	4.30563	1.83816
							}
						}
						{bone "shooter02"
							{Matrix34
								0.939693	0	0.34202
								-0.34202	0	0.939693
								0	-1	0
								10.3594	4.30563	6.03295
							}
						}
						{bone "shooter03"
							{Matrix34
								0.939693	0	0.34202
								-0.34202	0	0.939693
								0	-1	0
								10.3594	-4.3853	6.03295
							}
						}
					}
				}
				{bone "visor1"
					{Matrix34
						1	0	0
						0	0	1
						0	-1	0
						-3.47514	7.40635	12.6952
					}
				}
				{bone "gunner"
					{Position -14.449	-0.402977	-6.54522}
				}
				{bone "commander"
					{Position -7.96594	19.1967	-13.3507}
				}
			}
			{bone "object01"
				{Position 0	0	0}
				{VolumeView "object01.ply"}
			}
			{bone "link1"
				{Matrix34
					-1	0	0
					0	-1	0
					0	0	1
					-41.778	-0.134957	2.62981
				}
			}
		}
		{bone "pivot_back"
			{Position -21.1044	3.66469	8.22141}
			{bone revolute "wheelr2"
				{parameters "ID=wheelright2;Support=1;Radius=0.4;"}
				{Matrix34
					1	0	0
					0	0	-1
					0	1	0
					-1.47241	-16.3428	0.591519
				}
				{VolumeView "wheelr2.ply"}
			}
			{bone revolute "wheell2"
				{parameters "ID=wheelleft2;Support=1;Radius=0.4;"}
				{Matrix34
					1	0	0
					0	0	-1
					0	1	0
					-1.49617	15.2689	0.789854
				}
				{VolumeView "wheell2.ply"}
			}
		}
		{bone "pivot_front"
			{Position 19.0978	3.66469	8.68538}
			{bone revolute "wheelr1"
				{parameters "ID=wheelright1;Support=1;Radius=0.4;"}
				{Matrix34
					1	0	0
					0	0	-1
					0	1	0
					3.14329	-16.0954	0.413358
				}
				{VolumeView "wheelr1.ply"}
			}
			{bone revolute "wheell1"
				{parameters "ID=wheelleft1;Support=1;Radius=0.4;"}
				{Matrix34
					1	0	0
					0	0	-1
					0	1	0
					3.11953	15.3054	0.611697
				}
				{VolumeView "wheell1.ply"}
			}
		}
		{bone "driver1"
			{Position -7.16681	17.9194	0.055505}
		}
		{bone "driver2"
			{Position -8.6508	-10.7215	0.055505}
		}
		{bone "emit1"
			{Position -14.2822	24.2307	2.4502}
		}
		{bone "emit2"
			{Position -14.2822	-17.3407	2.45021}
		}
	}
}
