;Exported by: ubrashaev
;Date:        Sun Oct 11 20:24:49 2015
;File:        E:\work\0.KRIS\usa_pilot\usa_pilot_with_head.max
{Skeleton
	{bone "basis"
		{Orientation
			1	0	0
			0	-1	0
			0	0	1
		}
		{bone "body"
			{Matrix34
				0	0	1
				0	-1	0
				1	0	0
				0	0.0344553	19.9224
			}
			{bone "foot1l"
				{Matrix34
					-0.993535	-0.0202594	0.111706
					0.111669	0.00297451	0.993741
					0.0204649	-0.99979	0.000692932
					-0.143509	-2.13095	-0.488995
				}
				{bone "foot2l"
					{Matrix34
						0.952383	-0.304905	-0.000107979
						0.304904	0.952383	-4.07645e-005
						0.000115264	0	1
						9.37838	-0.0471728	0
					}
					{bone "foot3l"
						{Matrix34
							0.0905545	0.979616	0.179312
							0.00345656	-0.18036	0.983595
							0.995886	-0.0884492	-0.0197185
							9.2003	-0.346289	-0.0729971
						}
					}
				}
			}
			{bone "ik_leftright"
				{Matrix34
					0	0	1
					0	-1	0
					1	0	0
					1.90368	0.0344548	0
				}
				{bone "ik_socket"
					{Matrix34
						0	1	0
						1	0	0
						0	0	1
						0	0	0
					}
					{bone "compensate"
						{Matrix34
							0	1	0
							1	0	0
							0	0	1
							0	0	0
						}
						{bone "ik_updown"
							{Matrix34
								1	0	0
								0	0	1
								0	-1	0
								0	0	1.66801
							}
							{bone "head"
								{Matrix34
									0.999952	0.00413735	-0.00886183
									-0.00885901	-0.00069559	-0.999961
									-0.00414234	0.999991	-0.00065899
									0	7.21457	0
								}
								{bone "visor"
									{Matrix34
										1	0	0
										0	1	0
										0	0	1
										2.31916	0	2.33291
									}
								}
								{bone "helmet_link"
									{Matrix34
										0.00885572	0.999961	0.000665159
										-0.998741	0.00887767	-0.0493837
										-0.0493864	-0.000227017	0.99878
										0.429209	-0.00263458	2.93856
									}
								}
								{bone "head_skin"
									{Matrix34
										0.00885567	0.999961	0.000665226
										-0.999953	0.0088529	0.00403942
										0.00403391	-0.000700889	0.999992
										0.580827	-0.00833536	2.44038
									}
									{VolumeView "head_skin.ply"}
								}
							}
							{bone "gun_back"
								{Matrix34
									0.00647869	0.996053	0.0885296
									-0.106389	0.0887153	-0.990359
									-0.994304	-0.00300333	0.106544
									-4.16774	-4.2536	2.42593
								}
							}
							{bone "clavicle_right"
								{Position -0.139177	6.12487	1.17253}
								{bone "hand1r"
									{Matrix34
										0.031353	-0.248123	0.968221
										0.972799	0.230019	0.0274449
										-0.229518	0.941024	0.248586
										0.0503403	-0.225973	2.95337
									}
									{bone "hand2r"
										{Matrix34
											0.4608	0.887504	0
											-0.887504	0.4608	0
											0	0	1
											6.26812	0	0
										}
										{bone "hand3r"
											{Matrix34
												0.982611	-0.185677	0
												0.185676	0.982611	0
												0	0	1
												5.19218	0	0
											}
										}
										{bone "right_hand"
											{Matrix34
												0.968615	-0.225094	0.105443
												0.191903	0.946804	0.258332
												-0.157981	-0.22999	0.960285
												6.33401	0.913939	-0.654922
											}
										}
										{bone "hand_rot1r"
											{Matrix34
												0.0033364	-0.999958	0.00855815
												-0.999992	-0.00331751	0.0021067
												-0.00207927	-0.00856471	-0.999961
												5.19224	0	0
											}
											{bone "palm1r"
												{Matrix34
													-0.963565	-0.249481	-0.0964402
													-0.0459581	-0.20077	0.97856
													-0.263496	0.947338	0.181991
													0.0853539	-0.397721	0.0915813
												}
												{bone "palm2r"
													{Matrix34
														-0.0995085	0.561591	-0.821409
														-0.0593601	0.820686	0.568288
														0.993265	0.105306	-0.0483275
														0.146143	0.242285	-1.25751
													}
													{bone "palm3r"
														{Matrix34
															0.304931	0.952375	0
															-0.952375	0.30493	0
															0	0	1
															0.581879	-0.000116348	0
														}
													}
												}
												{bone "righthandindex1"
													{parameters "LastPose = undefined;"}
													{Matrix34
														0.264357	0.207069	-0.941933
														-0.197279	-0.944416	-0.262984
														-0.944032	0.255345	-0.208814
														0.736827	-0.0177002	-1.47122
													}
													{bone "righthandindex2"
														{Matrix34
															1	0	0
															0	1	0
															0	0	1
															0.858055	0	0
														}
														{bone "righthandindex3"
															{Matrix34
																1	1.02818e-005	0
																0	1	0
																0	0	1
																0.64282	0	0
															}
														}
													}
												}
												{bone "righthandmiddle1"
													{parameters "LastPose = undefined;"}
													{Matrix34
														0.0964128	0.248263	-0.963882
														-0.197277	-0.944416	-0.262984
														-0.975596	0.215506	-0.0420784
														0.279718	0.087513	-1.50613
													}
													{bone "righthandmiddle2"
														{Matrix34
															1	0	0
															0	1	0
															0	0	1
															0.991685	0	0
														}
														{bone "righthandmiddle3"
															{Matrix34
																1	0	-1.92085e-005
																0	1	0
																2.007e-005	0	1
																0.741716	0	0
															}
														}
													}
												}
												{bone "righthandring1"
													{parameters "LastPose = undefined;"}
													{Matrix34
														-0.0744615	0.281913	-0.956546
														-0.197278	-0.944416	-0.262984
														-0.977516	0.169124	0.125937
														-0.181877	0.189144	-1.52484
													}
													{bone "righthandring2"
														{parameters "LastPose = undefined;"}
														{Matrix34
															1	0	0
															0	1	0
															0	0	1
															0.858056	0	0
														}
														{bone "righthandring3"
															{Matrix34
																1	0	0
																0	1	-6.9499e-005
																0	7.05421e-005	1
																0.642822	0	0
															}
														}
													}
												}
												{bone "righthandpinky1"
													{parameters "LastPose = undefined;"}
													{Matrix34
														-0.243076	0.306999	-0.920144
														-0.197278	-0.944416	-0.262984
														-0.949735	0.117599	0.290128
														-0.611534	0.282127	-1.53645
													}
													{bone "righthandpinky2"
														{Matrix34
															1	0	1.41934e-005
															0	1	0
															-1.35079e-005	0	1
															0.716184	0	0
														}
														{bone "righthandpinky3"
															{Matrix34
																1	0	0
																0	1	-4.87566e-005
																0	4.93824e-005	1
																0.535685	0	0
															}
														}
													}
												}
												{bone "righthandthumb1"
													{Matrix34
														0.718793	0.324475	-0.614859
														0.527117	-0.831012	0.177674
														-0.453304	-0.451813	-0.768363
														0.606987	-0.1287	-0.0563545
													}
													{bone "righthandthumb2"
														{Matrix34
															1	-1.48788e-005	1.75349e-005
															1.55419e-005	1	0
															-1.68085e-005	0	1
															1.02929	0	0
														}
														{bone "righthandthumb3"
															{Matrix34
																1	1.02371e-005	-1.32062e-005
																0	1	0
																1.38767e-005	0	1
																0.73094	0	0
															}
														}
													}
												}
											}
										}
									}
								}
							}
							{bone "clavicle_left"
								{Position -0.139177	6.12487	-1.18112}
								{bone "hand1l"
									{Matrix34
										0.0307142	-0.248445	-0.968159
										0.972831	0.229804	-0.0281089
										0.22947	-0.940991	0.248754
										0.0503406	-0.225973	-2.95273
									}
									{bone "hand2l"
										{Matrix34
											0.458672	0.888605	0
											-0.888606	0.458672	0
											0	0	1
											6.26813	0	0
										}
										{bone "left_hand"
											{Matrix34
												0.275672	0.823504	-0.495828
												0.00418923	-0.516839	-0.856073
												-0.961242	0.23392	-0.145927
												5.99778	-0.667306	0.40992
											}
										}
										{bone "hand_rot1l"
											{Matrix34
												0.00130249	-0.999931	0.0116372
												-0.999999	-0.0013138	-0.00103788
												0.00105415	-0.0116362	-0.999932
												5.25743	-0.000658035	-0.00162506
											}
											{bone "palm1l"
												{Matrix34
													0.965404	0.24925	-0.0766091
													-0.0261243	-0.199864	-0.979475
													-0.259447	0.947591	-0.186439
													0.0886908	-0.337659	-0.0916061
												}
												{bone "palm2l"
													{Matrix34
														-0.00576749	0.491345	-0.870946
														-0.00435066	-0.870964	-0.491327
														-0.999974	0.00095588	0.00716125
														-0.0738373	0.242491	-1.26342
													}
													{bone "palm3l"
														{Matrix34
															0.578449	-0.815719	0
															0.815719	0.578449	0
															0	0	1
															0.578552	0.000165939	0
														}
													}
												}
												{bone "lefthandindex1"
													{Matrix34
														-0.264357	0.207069	-0.941933
														-0.19728	0.944416	0.262984
														0.944032	0.255345	-0.208813
														-0.736828	-0.0176983	-1.47122
													}
													{bone "lefthandindex2"
														{Matrix34
															1	0	0
															0	1	0
															0	0	1
															0.858053	0	0
														}
														{bone "lefthandindex3"
															{Matrix34
																1	-1.02669e-005	0
																0	1	0
																0	0	1
																0.64282	0	0
															}
														}
													}
												}
												{bone "lefthandmiddle1"
													{Matrix34
														-0.0964117	0.248263	-0.963883
														-0.197277	0.944416	0.262984
														0.975596	0.215506	-0.0420771
														-0.279718	0.087513	-1.50614
													}
													{bone "lefthandmiddle2"
														{Matrix34
															1	0	0
															-1.13361e-005	1	0
															0	0	1
															0.991681	0	0
														}
														{bone "lefthandmiddle3"
															{Matrix34
																1	0	-1.96304e-005
																0	1	0
																2.05766e-005	0	1
																0.741717	0	0
															}
														}
													}
												}
												{bone "lefthandring1"
													{Matrix34
														0.0744625	0.281914	-0.956546
														-0.197277	0.944416	0.262984
														0.977516	0.169122	0.125938
														0.181881	0.189142	-1.52485
													}
													{bone "lefthandring2"
														{Matrix34
															1	0	0
															0	1	0
															0	0	1
															0.858051	0	0
														}
														{bone "lefthandring3"
															{Matrix34
																1	0	0
																0	1	7.09891e-005
																0	-7.09891e-005	1
																0.642824	0	0
															}
														}
													}
												}
												{bone "lefthandpinky1"
													{Matrix34
														0.243077	0.306999	-0.920144
														-0.197278	0.944416	0.262983
														0.949734	0.117599	0.290129
														0.611537	0.282122	-1.53644
													}
													{bone "lefthandpinky2"
														{Matrix34
															1	0	1.44765e-005
															0	1	0
															-1.32024e-005	0	1
															0.716188	0	0
														}
														{bone "lefthandpinky3"
															{Matrix34
																1	0	0
																0	1	4.96209e-005
																0	-4.95613e-005	1
																0.535684	0	0
															}
														}
													}
												}
												{bone "lefthandthumb1"
													{Matrix34
														-0.718791	0.324476	-0.614861
														0.527118	0.831011	-0.177672
														0.453306	-0.451813	-0.768362
														-0.606988	-0.1287	-0.056366
													}
													{bone "lefthandthumb2"
														{Matrix34
															1	1.29715e-005	1.65701e-005
															-1.37389e-005	1	0
															-1.58809e-005	0	1
															1.02929	0	0
														}
														{bone "lefthandthumb3"
															{Matrix34
																1	-1.08033e-005	-1.40257e-005
																1.02147e-005	1	0
																1.46851e-005	0	1
																0.73094	0	0
															}
														}
													}
												}
											}
										}
									}
								}
							}
						}
					}
				}
			}
			{bone "placement"
				{Matrix34
					0	1	0
					-1	0	0
					0	0	1
					0.783108	0	0
				}
			}
			{bone "foot1r"
				{Matrix34
					-0.993574	0.0113923	0.112614
					0.112602	-0.00168434	0.993639
					0.0115095	0.999934	0.000390725
					-0.143518	2.17103	-0.488755
				}
				{bone "foot2r"
					{Matrix34
						0.951794	-0.306737	-0.000104563
						0.306737	0.951794	-3.9472e-005
						0.000111623	0	1
						9.37832	-0.047231	0
					}
					{bone "foot3r"
						{Matrix34
							0.0880276	0.974738	0.205272
							0.00721294	0.205443	-0.978643
							-0.996092	0.0876278	0.0110539
							9.2003	-0.346288	-0.0729971
						}
					}
				}
			}
		}
		{bone "foresight2rot"
			{Position 13.7429	0.0246876	27.5947}
		}
		{bone "skin"
			{LODView
				{VolumeView "skin.ply"}
				{VolumeView "skin_lod1.ply"}
				{VolumeView "skin_lod2.ply"}
			}
		}
	}
}
