;Exported by:	 axc22
;Date:			 08.11.2022 21:29:00
;File:			 D:\Steam\steamapps\common\Gates of Hell\goh_3d_human_ger\3d_Tailors_Toolkit_backup.max
{skeleton
	{bone revolute "basis"
		{limits -30 30}
		{speed 0.1}
		{orientation
			1 	 0 	 0
			0 	 -1 	 0
			0 	 0 	 1
		}
		{bone "body"
			{matrix34
				0 	 0 	 1
				0 	 -1 	 0
				1 	 0 	 0
				0.6118 	 0.0345 	 19.9368
			}
			{bone "foot1l"
				{matrix34
					-0.9996 	 0.017 	 -0.0247
					-0.0247 	 -0.0005 	 0.9997
					-0.017 	 -0.9999 	 -0.0009
					-0.1435 	 -2.131 	 -0.489
				}
				{bone "foot2l"
					{matrix34
						0.9974 	 -0.0721 	 -0.0005
						0.0721 	 0.9974 	 -0.0002
						0.0006 	 0.0002 	 1
						9.3784 	 -0.0472 	 0
					}
					{bone "bone06"
						{matrix34
							0.2214 	 0.974 	 0.0488
							-0.9723 	 0.2166 	 0.0881
							0.0752 	 -0.067 	 0.9949
							8.7402 	 0.1133 	 0.0057
						}
					}
					{bone "foot3l"
						{matrix34
							0.1726 	 0.9726 	 0.1558
							-0.0442 	 -0.1503 	 0.9876
							0.984 	 -0.1774 	 0.0171
							9.2003 	 -0.3463 	 -0.073
						}
						{bone "bone07"
							{Position 2.6001 	 0 	 0}
						}
					}
				}
			}
			{bone "foot1r"
				{matrix34
					-0.9992 	 -0.0142 	 -0.0366
					-0.0366 	 0.0004 	 0.9993
					-0.0142 	 0.9999 	 -0.0009
					-0.1435 	 2.171 	 -0.4889
				}
				{bone "foot2r"
					{matrix34
						0.9982 	 -0.0601 	 -0.0006
						0.0601 	 0.9982 	 -0.0002
						0.0006 	 0.0002 	 1
						9.3783 	 -0.0472 	 0
					}
					{bone "bone03"
						{matrix34
							0.2214 	 0.974 	 0.0488
							-0.9723 	 0.2166 	 0.0881
							0.0752 	 -0.067 	 0.9949
							8.7402 	 0.1133 	 0.0057
						}
					}
					{bone "foot3r"
						{matrix34
							0.1532 	 0.9741 	 0.1665
							0.0403 	 0.1622 	 -0.9859
							-0.9874 	 0.1578 	 -0.0144
							9.2003 	 -0.3463 	 -0.073
						}
						{bone "bone05"
							{matrix34
								1 	 0 	 0
								0 	 1 	 0
								0 	 0 	 1
								2.6001 	 0 	 0
							}
						}
					}
				}
			}
			{bone revolute "ik_leftright"
				{limits -20 20}
				{speed 0.1}
				{matrix34
					-0.0285 	 0 	 0.9996
					0 	 -1 	 0
					0.9996 	 0 	 0.0285
					1.9037 	 0.0345 	 0
				}
				{bone revolute "ik_updown"
					{limits -40 20}
					{speed 0.1}
					{matrix34
						1 	 0 	 0
						0 	 0 	 1
						0 	 -1 	 0
						0 	 0 	 1.668
					}
					{bone "head"
						{matrix34
							1 	 0 	 0
							0 	 0 	 -1
							0 	 1 	 0
							0 	 7.2146 	 0
						}
						{bone "visor"
							{matrix34
								1 	 0 	 0
								0 	 1 	 0
								0 	 0 	 1
								2.8146 	 0 	 2.3329
							}
						}
					}
					{bone "gun_back"
						{matrix34
							0.0065 	 0.9961 	 0.0885
							-0.1064 	 0.0887 	 -0.9904
							-0.9943 	 -0.003 	 0.1065
							-4.1676 	 -4.2536 	 2.4261
						}
					}
					{bone "clavicle_right"
						{matrix34
							0.9172 	 -0.1457 	 0.3708
							0.093 	 0.9833 	 0.1562
							-0.3873 	 -0.1088 	 0.9155
							-0.1391 	 6.1249 	 1.1725
						}
						{bone "hand1r"
							{matrix34
								0.4351 	 -0.7063 	 0.5584
								0.8932 	 0.2604 	 -0.3665
								0.1135 	 0.6583 	 0.7442
								0.0503 	 -0.226 	 2.9534
							}
							{bone "hand2r"
								{matrix34
									0.9663 	 0.2573 	 0
									-0.2573 	 0.9663 	 0
									0 	 0 	 1
									6.2681 	 0 	 0
								}
								{bone "hand3r"
									{matrix34
										0.9826 	 -0.1857 	 0
										0.1857 	 0.9826 	 0
										0 	 0 	 1
										5.1922 	 0 	 0
									}
								}
								{bone "right_hand"
									{matrix34
										0.9972 	 0.0751 	 0.0003
										-0.0691 	 0.916 	 0.3952
										0.0294 	 -0.3941 	 0.9186
										6.2642 	 1.3994 	 0.337
									}
								}
								{bone "hand_rot1r"
									{matrix34
										0.0033 	 -1 	 0.0086
										-1 	 -0.0033 	 0.0021
										-0.0021 	 -0.0086 	 -1
										5.1922 	 0 	 0
									}
									{bone "palm1r"
										{matrix34
											-0.9959 	 -0.0821 	 0.0371
											0.0595 	 -0.2902 	 0.9551
											-0.0677 	 0.9534 	 0.2939
											0.1214 	 -0.163 	 0.1495
										}
										{bone "palm2r_hide"
											{matrix34
												-0.0078 	 0.5069 	 -0.862
												0.0025 	 0.862 	 0.5069
												1 	 0.0018 	 -0.008
												0.1461 	 0.2423 	 -1.2575
											}
											{bone "palm3r_hide"
												{matrix34
													0.5768 	 0.8169 	 0
													-0.8169 	 0.5768 	 0
													0 	 0 	 1
													0.5819 	 -0.0001 	 0
												}
												{bone "palm4r_hide"
													{matrix34
														1 	 0 	 0
														0 	 1 	 0
														0 	 0 	 1
														0.5345 	 0 	 0
													}
												}
											}
										}
										{bone "palm2r"
											{matrix34
												-0.0078 	 0.5069 	 -0.862
												0.0025 	 0.862 	 0.5069
												1 	 0.0018 	 -0.008
												0.1461 	 0.2423 	 -1.2575
											}
											{bone "palm3r"
												{matrix34
													0.5768 	 0.8169 	 0
													-0.8169 	 0.5768 	 0
													0 	 0 	 1
													0.5819 	 -0.0001 	 0
												}
											}
										}
									}
								}
							}
						}
					}
					{bone "clavicle_left"
						{matrix34
							0.9448 	 0.0118 	 -0.3275
							-0.015 	 0.9999 	 -0.0073
							0.3274 	 0.0119 	 0.9448
							-0.1391 	 6.1249 	 -1.1811
						}
						{bone "hand1l"
							{matrix34
								0.2385 	 -0.8203 	 -0.5198
								0.9296 	 0.038 	 0.3665
								-0.281 	 -0.5706 	 0.7717
								0.0503 	 -0.226 	 -2.9527
							}
							{bone "hand2l"
								{matrix34
									0.9367 	 0.3501 	 0
									-0.3501 	 0.9367 	 0
									0 	 0 	 1
									6.2681 	 0 	 0
								}
								{bone "hand3l"
									{matrix34
										0.9826 	 -0.1857 	 0
										0.1857 	 0.9826 	 0
										0 	 0 	 1
										5.1922 	 0 	 0
									}
								}
								{bone "left_hand"
									{matrix34
										0.2757 	 0.8235 	 -0.4958
										0.0042 	 -0.5168 	 -0.8561
										-0.9612 	 0.2339 	 -0.1459
										5.9978 	 -0.6673 	 0.4099
									}
								}
								{bone "hand_rot1l"
									{matrix34
										0.0013 	 -0.9999 	 0.0116
										-1 	 -0.0013 	 -0.001
										0.0011 	 -0.0116 	 -0.9999
										5.2574 	 -0.0007 	 -0.0016
									}
									{bone "palm1l"
										{matrix34
											0.9363 	 0.1938 	 0.2929
											0.3211 	 -0.1348 	 -0.9374
											-0.1422 	 0.9717 	 -0.1885
											0.0887 	 -0.3377 	 -0.0916
										}
										{bone "palm2l"
											{matrix34
												-0.0049 	 0.4905 	 -0.8714
												-0.0048 	 -0.8714 	 -0.4905
												-1 	 0.0018 	 0.0066
												-0.0738 	 0.2425 	 -1.2634
											}
											{bone "palm3l"
												{matrix34
													0.5784 	 -0.8157 	 0
													0.8157 	 0.5784 	 0
													0 	 0 	 1
													0.5786 	 0.0002 	 0
												}
											}
										}
										{bone "palm2l_hide"
											{matrix34
												-0.0049 	 0.4905 	 -0.8714
												-0.0048 	 -0.8714 	 -0.4905
												-1 	 0.0018 	 0.0066
												-0.0738 	 0.2425 	 -1.2634
											}
											{bone "palm3l_hide"
												{matrix34
													0.5784 	 -0.8157 	 0
													0.8157 	 0.5784 	 0
													0 	 0 	 1
													0.5785 	 0.0002 	 0
												}
												{bone "palm4l_hide"
													{matrix34
														1 	 0 	 0
														0 	 1 	 0
														0 	 0 	 1
														0.5119 	 0 	 0
													}
												}
											}
										}
									}
								}
							}
						}
					}
				}
			}
			{bone revolute "placement"
				{matrix34
					0 	 1 	 0
					-1 	 0 	 0
					0 	 0 	 1
					0.7831 	 0 	 0
				}
			}
		}
		{bone "ik_chain05"
			{Position 1.9399 	 -10.2529 	 20.0263}
		}
		{bone "ik_chain03"
			{matrix34
				1 	 0 	 0
				0 	 -1 	 0
				0 	 0 	 1
				-0.8883 	 1.8586 	 1.7109
			}
		}
		{bone "ik_chain04"
			{matrix34
				1 	 0 	 0
				0 	 -1 	 0
				0 	 0 	 1
				3.0299 	 2.478 	 0.0515
			}
		}
		{bone "ik_chain02"
			{Position 3.2935 	 -2.6165 	 0.0515}
		}
		{bone "ik_chain01"
			{Position -0.9987 	 -1.8803 	 1.7145}
		}
		{bone "ik_chain06"
			{Position 2.0768 	 10.1794 	 20.2598}
		}
		{bone revolute "foresight2rot"
			{limits -20 20}
			{speed 0.1}
			{Position 13.7429 	 0.0247 	 27.5947}
		}
		{bone "palm_ik_holder_right02"
			{matrix34
				0.3452 	 -0.5526 	 -0.7586
				0.9324 	 0.1096 	 0.3444
				-0.1072 	 -0.8262 	 0.5531
				0.1477 	 -7.3837 	 23.9651
			}
			{bone "palm_ik_holder_right01"
				{matrix34
					0.0033 	 -1 	 0.0086
					-1 	 -0.0033 	 0.0021
					-0.0021 	 -0.0086 	 -1
					5.1922 	 0 	 0
				}
				{bone "palm_ik_holder_right"
					{matrix34
						-0.9959 	 -0.0821 	 0.0371
						0.0595 	 -0.2902 	 0.9551
						-0.0677 	 0.9534 	 0.2939
						0.1199 	 -0.1649 	 0.1487
					}
					{bone "ik_chain07"
						{matrix34
							1 	 0.0032 	 -0.0089
							0 	 0.9382 	 0.3461
							0.0094 	 -0.3461 	 0.9381
							0.1387 	 1.0707 	 -1.8021
						}
					}
				}
			}
		}
		{bone "palm_ik_holder_left02"
			{matrix34
				0.3909 	 0.513 	 -0.7642
				0.9202 	 -0.2361 	 0.3122
				-0.0203 	 -0.8253 	 -0.5644
				0.0473 	 7.5158 	 24.2278
			}
			{bone "palm_ik_holder_left01"
				{matrix34
					0.0013 	 -0.9999 	 0.0116
					-1 	 -0.0013 	 -0.001
					0.0011 	 -0.0116 	 -0.9999
					5.2574 	 -0.0007 	 -0.0016
				}
				{bone "palm_ik_holder_left"
					{matrix34
						0.9363 	 0.1938 	 0.2929
						0.3211 	 -0.1348 	 -0.9374
						-0.1422 	 0.9717 	 -0.1885
						0.0856 	 -0.3388 	 -0.0895
					}
					{bone "ik_chain08"
						{matrix34
							1 	 -0.0029 	 0.0076
							0.0002 	 0.9442 	 0.3295
							-0.0081 	 -0.3294 	 0.9441
							-0.0736 	 1.0367 	 -1.8188
						}
					}
				}
			}
		}
		{bone "skin"
			{LODView
				{VolumeView "unif/sov_head_2.ply"}
				{VolumeView "unif/sov_head_2_lod1.ply"}
				{VolumeView "unif/sov_head_2_lod2.ply"}
			}
			{LODView
				{VolumeView "unif/sov_m43_coat_1.ply"}
				{VolumeView "unif/sov_m43_coat_1_lod1.ply"}
				{VolumeView "unif/sov_m43_coat_1_lod2.ply"}
			}
			{LODView
				{VolumeView "equip/sov_rifle.ply"}
				{VolumeView "equip/sov_rifle_lod1.ply"}
			}
		}
	}
}
