;Exported by: misan
;Date:        Thu Jul  4 17:32:57 2024
;File:        D:\Cold War\ModelWIP\West Germany\Raketenjagdpanzer 2\Rakjpz_2_xx.max
{Skeleton
	{bone revolute "basis"
		{Orientation
			1	0	0
			0	-1	0
			0	0	1
		}
		{bone "body"
			{parameters "id=body;"}
			{Position -2.63276	-0.0879293	0.13199}
			{VolumeView "body.ply"}
			{bone "fenderl1"
				{Position 56.6608	22.3604	20.2074}
				{VolumeView "fenderl1.ply"}
			}
			{bone "fenderl2"
				{parameters "id=shieldl2;"}
				{Position -48.2676	22.4001	19.1583}
				{VolumeView "fenderl2.ply"}
			}
			{bone "fenderr1"
				{parameters "id=shieldr1;"}
				{Position 56.6608	-22.3604	20.2074}
				{VolumeView "fenderr1.ply"}
			}
			{bone "fenderr2"
				{parameters "id=shieldr2;"}
				{Position -48.2676	-22.4001	19.1583}
				{VolumeView "fenderr2.ply"}
			}
			{bone "fxsmoke1"
				{Matrix34
					0	0	1
					0	1	0
					-1	0	0
					-30.4288	2.12223	32.4352
				}
			}
			{bone "fxfire3"
				{Position 7.44426	-6.34968	27.097}
			}
			{bone "fxfire1"
				{Position -17.5892	-14.7821	27.097}
			}
			{bone "fxfire3_2"
				{Position 18.1295	9.80077	27.097}
			}
			{bone revolute "wheell1"
				{parameters "id=trackleft;Radius=0.33;"}
				{Matrix34
					1	0	0
					0	0	-1
					0	1	0
					52.9855	22.9873	14.3675
				}
				{VolumeView "wheell1.ply"}
			}
			{bone revolute "wheelr1"
				{parameters "id=trackright;Radius=0.33;"}
				{Matrix34
					1	0	0
					0	0	-1
					0	1	0
					52.9855	-23.2316	14.3675
				}
				{VolumeView "wheelr1.ply"}
			}
			{bone revolute "wheelr10"
				{parameters "id=trackright;Radius=0.15;"}
				{Matrix34
					1	0	0
					0	0	-1
					0	1	0
					-19.68	-22.7807	18.1018
				}
				{VolumeView "wheelr10.ply"}
			}
			{bone revolute "wheelr9"
				{parameters "id=trackright;Radius=0.15;"}
				{Matrix34
					1	0	0
					0	0	-1
					0	1	0
					13.5992	-22.7807	18.1018
				}
				{VolumeView "wheelr9.ply"}
			}
			{bone revolute "wheelr8"
				{parameters "id=trackright;Radius=0.15;"}
				{Matrix34
					1	0	0
					0	0	-1
					0	1	0
					30.4359	-22.7807	18.1018
				}
				{VolumeView "wheelr8.ply"}
			}
			{bone revolute "wheelr7"
				{parameters "id=trackright;Radius=0.35;"}
				{Matrix34
					1	0	0
					0	0	-1
					0	1	0
					-42.9858	-22.5644	14.5849
				}
				{VolumeView "wheelr7.ply"}
			}
			{bone revolute "wheell10"
				{parameters "id=trackleft;Radius=0.15;"}
				{Matrix34
					1	0	0
					0	0	-1
					0	1	0
					-19.68	22.8533	18.1018
				}
				{VolumeView "wheell10.ply"}
			}
			{bone revolute "wheell9"
				{parameters "id=trackleft;Radius=0.15;"}
				{Matrix34
					1	0	0
					0	0	-1
					0	1	0
					13.5992	22.8533	18.1018
				}
				{VolumeView "wheell9.ply"}
			}
			{bone revolute "wheell8"
				{parameters "id=trackleft;Radius=0.15;"}
				{Matrix34
					1	0	0
					0	0	-1
					0	1	0
					30.4359	22.8533	18.1018
				}
				{VolumeView "wheell8.ply"}
			}
			{bone revolute "wheell7"
				{parameters "id=trackleft;Radius=0.35;"}
				{Matrix34
					1	0	0
					0	0	-1
					0	1	0
					-42.9858	22.637	14.5849
				}
				{VolumeView "wheell7.ply"}
			}
			{bone revolute "mgun_turret"
				{parameters "id=body;"}
				{limits -35 35}
				{Position 41.7646	-13.7023	33.2073}
				{VolumeView "mgun_turret.ply"}
				{bone revolute "mgun_vrot"
					{parameters "id=body;"}
					{limits -10 35}
					{Matrix34
						1	0	0
						0	0	1
						0	-1	0
						4.94759	-0.0154591	4.53157
					}
					{VolumeView "mgun_vrot.ply"}
					{bone "mgun_helper"
						{Position -3.95223	-0.00653076	-0.00351906}
					}
				}
			}
			{bone "gunner2"
				{Position 35.4561	-12.8346	16.19}
			}
			{bone "engine"
				{parameters "id=engine;"}
				{Position -0.00024271	0	1.00434e-05}
				{VolumeView "engine.ply"}
				{bone "box"
					{parameters "id=shield1;"}
					{VolumeView "box.ply"}
				}
				{bone "smoke_launchers"
					{parameters "id=engine;"}
					{Position -18.0621	5.57694	34.5135}
					{VolumeView "smoke_launchers.ply"}
				}
			}
			{bone "headlightl"
				{Position 57.592	12.2925	23.0194}
			}
			{bone "headlightr"
				{Position 57.592	-12.8304	23.0194}
			}
			{bone "fxstop2"
				{Matrix34
					-1	0	0
					0	-1	0
					0	0	1
					-44.6635	22.5659	25.0736
				}
			}
			{bone "fxstop1"
				{Matrix34
					-1	0	0
					0	-1	0
					0	0	1
					-44.6635	-22.5747	25.0736
				}
			}
			{bone "cover1"
				{parameters "id=body;"}
				{Matrix34
					0.972084	-0.14168	-0.187028
					-0.234012	-0.643382	-0.728902
					-0.0170594	0.752321	-0.658576
					34.6188	-18.2317	35.3211
				}
				{VolumeView "cover1.ply"}
			}
			{bone "cover2"
				{parameters "id=body;"}
				{Matrix34
					0.972084	0.14168	-0.187027
					0.220244	-0.825826	0.519138
					0.0809003	0.545837	0.833977
					34.6188	18.2892	35.3211
				}
				{VolumeView "cover2.ply"}
			}
			{bone "missile_cover_l"
				{parameters "id=body;"}
				{Matrix34
					-0.469472	-0.882948	0
					0.882948	-0.469472	0
					0	0	1
					16.8897	15.6411	35.7874
				}
				{VolumeView "missile_cover_l.ply"}
			}
			{bone "missile_cover_r"
				{parameters "id=body;"}
				{Matrix34
					0.945519	0.325568	0
					-0.325568	0.945519	0
					0	0	1
					16.8897	-15.2346	35.7874
				}
				{VolumeView "missile_cover_r.ply"}
			}
			{bone "missile_flap_r"
				{parameters "id=body;"}
				{Position 28.6632	-10.5793	36.2405}
				{VolumeView "missile_flap_r.ply"}
			}
			{bone "missile_flap_l"
				{parameters "id=body;"}
				{Position 28.6632	10.7773	36.2405}
				{VolumeView "missile_flap_l.ply"}
			}
			{bone revolute "mgun2_vrot"
				{Matrix34
					1	0	0
					0	0	1
					0	-1	0
					53.7566	-9.15261	23.1982
				}
				{bone revolute "mgun2_hrot"
					{parameters "id=body;"}
					{Matrix34
						1	0	0
						0	0	-1
						0	1	0
						0.00354004	0.00337982	0.00548935
					}
					{VolumeView "mgun2_hrot.ply"}
				}
			}
			{bone revolute "sight_pole"
				{parameters "id=body;"}
				{Position 38.3608	2.17708	32.7204}
				{VolumeView "sight_pole.ply"}
				{bone revolute "sight"
					{parameters "id=body;"}
					{Matrix34
						0.984808	0	-0.173648
						0.173648	0	0.984808
						0	-1	0
						-0.00617599	-0.00493813	5.35012
					}
					{VolumeView "sight.ply"}
				}
			}
			{bone "cw_panorama_basis"
				{Position 38.3854	-2.36717	36.9038}
				{bone "commander_rot"
					{parameters "id=body;"}
					{Position -0.00940704	0.00984573	0.792347}
					{VolumeView "commander_rot.ply"}
					{bone "vision_rot"
						{Matrix34
							1	0	0
							0	0	1
							0	-1	0
							0.00940704	-0.00984335	-0.00598145
						}
					}
				}
			}
		}
		{bone "wheelsr"
			{Position 0	-15.7213	5.9345}
			{bone revolute "wheelr2"
				{parameters "id=trackright;Radius=0.30;"}
				{Matrix34
					0.97378	-0.0867965	0.210284
					0.17041	-0.334067	-0.927017
					0.150711	0.938545	-0.310516
					35.271	-7.43387	1.49166
				}
				{VolumeView "wheelr2.ply"}
			}
			{bone revolute "wheelr3"
				{parameters "id=trackright;Radius=0.30;"}
				{Matrix34
					0.994834	0.0350846	-0.0952603
					-0.100217	0.189787	-0.976697
					-0.0161879	0.981198	0.192323
					18.483	-7.43387	1.49166
				}
				{VolumeView "wheelr3.ply"}
			}
			{bone revolute "wheelr4"
				{parameters "id=trackright;Radius=0.30;"}
				{Matrix34
					0.998013	-0.0503771	0.0378485
					0.0357041	-0.0428077	-0.998445
					0.051919	0.997812	-0.040924
					1.707	-7.43387	1.49166
				}
				{VolumeView "wheelr4.ply"}
			}
			{bone revolute "wheelr5"
				{parameters "id=trackright;Radius=0.30;"}
				{Matrix34
					0.96777	-0.171097	0.184787
					0.143015	-0.230572	-0.962488
					0.207286	0.957895	-0.198672
					-14.8291	-7.43387	1.49166
				}
				{VolumeView "wheelr5.ply"}
			}
			{bone revolute "wheelr6"
				{parameters "id=trackright;Radius=0.30;"}
				{Matrix34
					0.983228	0.141079	-0.115581
					-0.139217	0.171178	-0.975355
					-0.117817	0.975087	0.187948
					-32.0604	-7.43387	1.49166
				}
				{VolumeView "wheelr6.ply"}
			}
			{bone "trackr"
				{parameters "id=trackright;"}
				{Position 2.61469	-6.84803	5.09622}
				{VolumeView "trackr.ply"}
			}
		}
		{bone "wheelsl"
			{Position 0	15.7886	5.9345}
			{bone revolute "wheell2"
				{parameters "id=trackleft;Radius=0.3;"}
				{Matrix34
					0.97142	-0.233713	0.0414939
					0.0949837	0.222529	-0.970288
					0.217536	0.946498	0.238368
					35.271	7.27501	1.49166
				}
				{VolumeView "wheell2.ply"}
			}
			{bone revolute "wheell3"
				{parameters "id=trackleft;Radius=0.3;"}
				{Matrix34
					0.914132	0.178283	0.364113
					0.294376	0.325642	-0.898499
					-0.278757	0.928533	0.245197
					18.483	7.27501	1.49166
				}
				{VolumeView "wheell3.ply"}
			}
			{bone revolute "wheell4"
				{parameters "id=trackleft;Radius=0.3;"}
				{Matrix34
					0.938744	-0.337019	-0.0719581
					-0.0474988	0.080278	-0.99564
					0.341326	0.938069	0.0593526
					1.707	7.27501	1.49166
				}
				{VolumeView "wheell4.ply"}
			}
			{bone revolute "wheell5"
				{parameters "id=trackleft;Radius=0.3;"}
				{Matrix34
					0.962964	0.248533	-0.104558
					-0.0529953	-0.205759	-0.977167
					-0.264372	0.946517	-0.184967
					-14.8291	7.27501	1.49166
				}
				{VolumeView "wheell5.ply"}
			}
			{bone revolute "wheell6"
				{parameters "id=trackleft;Radius=0.3;"}
				{Matrix34
					0.983703	-0.167848	0.0644618
					0.0898762	0.148518	-0.984817
					0.155726	0.974561	0.161183
					-32.0604	7.27501	1.49166
				}
				{VolumeView "wheell6.ply"}
			}
			{bone "trackl"
				{parameters "id=trackleft;"}
				{Position 2.61469	6.75264	5.09621}
				{VolumeView "trackl.ply"}
			}
		}
	}
}
{Volume "ammo"
	{Box 22.9401 19.5775 13.5356}
	{Bone "body"}
	{Position 18.988	0.0879292	18.9853}
}
{Volume "body1"
	{Polyhedron "body1.vol"}
	{Bone "body"}
	{Position 23.7344	-0.0729754	29.4138}
}
{Volume "body2"
	{Polyhedron "body2.vol"}
	{Bone "body"}
	{Position 4.88452	0.00568031	19.7787}
}
{Volume "body3"
	{Polyhedron "body3.vol"}
	{Bone "body"}
	{Position -23.314	-0.033641	27.0574}
}
{Volume "body4"
	{Polyhedron "body4.vol"}
	{Bone "body"}
	{Position 4.84498	-0.0336536	12.2127}
}
{Volume "engine"
	{Box 20.7344 19.8659 14.5466}
	{Bone "body"}
	{Position -18.4191	2.30937	20.2396}
}
{Volume "fuel"
	{Box 26.1203 6.08628 14.438}
	{Bone "body"}
	{Position -18.4321	13.1474	21.8759}
}
{Volume "hole1"
	{Box 74.0816 5.98476 9.64517}
	{Bone "wheelsr"}
	{Matrix34
		1	0	0
		0	0	1
		0	-1	0
		1.78999	-7.02047	11.0958
	}
}
{Volume "hole2"
	{Box 74.0816 5.98476 9.64517}
	{Bone "wheelsl"}
	{Matrix34
		1	0	0
		0	0	1
		0	-1	0
		1.78999	6.6706	11.0958
	}
}
{Volume "ram"
	{Polyhedron "ram.vol"}
	{Bone "body"}
	{Position 11.0471	-0.106087	19.5344}
}
{Volume "shield1"
	{Box 7.14255 10.3659 8.81884}
	{Bone "box"}
	{Matrix34
		0	-1	0
		0.669131	0	0.743145
		-0.743145	0	0.669131
		-43.2694	-8.79398	30.5566
	}
}
{Volume "shieldl1"
	{Box 6.78263 1.94019 9.51895}
	{Bone "fenderl1"}
	{Matrix34
		0.891007	0	-0.453991
		0.453991	0	0.891007
		0	-1	0
		-0.280251	-0.117189	0.0674515
	}
}
{Volume "shieldl2"
	{Box 2.27806 7.49524 9.1}
	{Bone "fenderl2"}
	{Matrix34
		0.766044	0	-0.642788
		0.642788	0	0.766044
		0	-1	0
		-0.508736	0.0945654	0.185329
	}
}
{Volume "shieldr1"
	{Box 6.78263 1.94019 9.51895}
	{Bone "fenderr1"}
	{Matrix34
		0.891007	0	-0.453991
		0.453991	0	0.891007
		0	-1	0
		-0.280258	-0.0585232	0.0674438
	}
}
{Volume "shieldr2"
	{Box 2.27806 7.49524 9.1}
	{Bone "fenderr2"}
	{Matrix34
		0.766044	0	-0.642788
		0.642788	0	0.766044
		0	-1	0
		-0.508736	0.12213	0.185318
	}
}
{Volume "trackleft"
	{Polyhedron "trackleft.vol"}
	{Bone "wheelsl"}
	{Position 1.24068	6.70424	5.25055}
}
{Volume "trackright"
	{Polyhedron "trackright.vol"}
	{Bone "wheelsr"}
	{Position 1.24068	-6.88736	5.25055}
}
{Volume "transmission"
	{Cylinder 5.98972 30.9221}
	{Bone "body"}
	{Matrix34
		1	0	0
		0	0	1
		0	-1	0
		-40.684	0.0990263	15.6703
	}
}
