;Exported by: misan
;Date:        Thu May  5 13:31:35 2022
;File:        D:\Cold War\Model WIP\China\PRC Inf Rework\Finished\PRC Soldier Base.max
{Skeleton
	{bone revolute "basis"
		{limits -30 30}
		{speed 0.1}
		{Orientation
			1	0	0
			0	-1	0
			0	0	1
		}
		{bone "body"
			{parameters "Voxels=0;"}
			{Matrix34
				0	0	1
				0	-1	0
				1	0	0
				0	0.0344553	19.9224
			}
			{bone "foot1l"
				{parameters "Voxels=0;"}
				{Matrix34
					-0.992788	-0.0515215	0.108244
					0.108016	0.00720147	0.994123
					0.0519982	-0.998646	0.00158437
					-0.143509	-2.13095	-0.488995
				}
				{bone "foot2l"
					{parameters "Voxels=0;"}
					{Matrix34
						0.956655	-0.291223	-0.000133533
						0.291223	0.956655	-5.0432e-05
						0.000142451	0	1
						9.37838	-0.0471724	0
					}
					{bone "bone06"
						{Matrix34
							0.22138	0.973964	0.0488401
							-0.972284	0.216582	0.0880677
							0.0751968	-0.0669829	0.994917
							8.74023	0.113252	0.00567913
						}
					}
					{bone "foot3l"
						{parameters "Voxels=0;"}
						{Matrix34
							0.110807	0.963277	0.24458
							0.0234909	-0.248565	0.96833
							0.993564	-0.101552	-0.0501711
							9.2003	-0.34629	-0.0729971
						}
						{bone "bone07"
							{Position 2.60015	0	0}
						}
					}
				}
			}
			{bone "foot1r"
				{parameters "Voxels=0;"}
				{Matrix34
					-0.99367	0.0539348	0.0985399
					0.0982835	-0.00739138	0.995131
					0.0544005	0.998517	0.00204369
					-0.143518	2.17103	-0.488755
				}
				{bone "foot2r"
					{parameters "Voxels=0;"}
					{Matrix34
						0.958268	-0.285871	-0.000143345
						0.285871	0.958268	-5.41741e-05
						0.000153083	1.08373e-05	1
						9.37831	-0.0472317	0
					}
					{bone "bone03"
						{Matrix34
							0.221381	0.973964	0.04884
							-0.972284	0.216582	0.0880676
							0.075197	-0.0669829	0.994916
							8.74023	0.113253	0.00568008
						}
					}
					{bone "foot3r"
						{parameters "Voxels=0;"}
						{Matrix34
							0.0997184	0.973693	0.204885
							-0.0327021	0.209007	-0.977367
							-0.994478	0.0907611	0.0526834
							9.2003	-0.346289	-0.0729959
						}
						{bone "bone05"
							{Position 2.60015	0	0}
						}
					}
				}
			}
			{bone revolute "ik_leftright"
				{parameters "Voxels=0;"}
				{limits -20 20}
				{speed 0.1}
				{Matrix34
					0	0	1
					0	-1	0
					1	0	0
					1.90368	0.0344548	0
				}
				{bone revolute "ik_updown"
					{parameters "Voxels=0;"}
					{limits -40 20}
					{speed 0.1}
					{Matrix34
						1	0	0
						0	0	1
						0	-1	0
						0	0	1.66801
					}
					{bone "head"
						{parameters "Voxels=0;"}
						{Matrix34
							1	0	0
							0	0	-1
							0	1	0
							0	7.21458	0
						}
						{bone "visor"
							{Matrix34
								1	0	0
								0	1	0
								0	0	1
								2.31916	0	2.33291
							}
						}
					}
					{bone "gun_back"
						{parameters "Voxels=0;"}
						{Matrix34
							0.0064783	0.996053	0.0885295
							-0.106389	0.0887156	-0.990359
							-0.994304	-0.00300279	0.106544
							-4.16774	-4.2536	2.42593
						}
					}
					{bone "clavicle_right"
						{Position -0.13918	6.12487	1.17253}
						{bone "hand1r"
							{parameters "Voxels=0;"}
							{Matrix34
								-0.139908	-0.964538	0.223815
								0.8542	-0.231889	-0.465371
								0.500768	0.126073	0.856351
								0.0503405	-0.225973	2.95337
							}
							{bone "hand2r"
								{parameters "Voxels=0;"}
								{Matrix34
									0.941579	0.336792	0
									-0.336792	0.941579	0
									0	0	1
									6.26813	0	0
								}
								{bone "hand3r"
									{Matrix34
										0.982611	-0.185677	0
										0.185677	0.982611	0
										0	0	1
										5.19218	0	0
									}
								}
								{bone "right_hand"
									{parameters "Voxels=0;"}
									{Matrix34
										0.997179	0.075064	0.000306308
										-0.0690742	0.915993	0.395203
										0.0293851	-0.394109	0.918594
										6.26416	1.39944	0.337036
									}
								}
								{bone "hand_rot1r"
									{Matrix34
										0.00333601	-0.999958	0.00855797
										-0.999992	-0.00331791	0.00210726
										-0.00207876	-0.00856488	-0.999961
										5.19224	0	0
									}
									{bone "palm1r"
										{Matrix34
											-0.987462	-0.121604	-0.100652
											-0.0703692	-0.231655	0.97025
											-0.141302	0.965168	0.220194
											0.12139	-0.163	0.149547
										}
										{bone "palm2r_hide"
											{Matrix34
												-0.00760427	0.507041	-0.861888
												0.00255435	0.861921	0.507037
												0.999968	0.00165493	-0.00785186
												0.146144	0.242285	-1.25751
											}
											{bone "palm3r_hide"
												{Matrix34
													0.576833	0.816862	0
													-0.816862	0.576833	0
													0	0	1
													0.581879	-0.000115156	0
												}
												{bone "palm4r_hide"
													{Matrix34
														1	0	0
														0	1	0
														0	0	1
														0.534458	0	0
													}
												}
											}
										}
										{bone "palm2r"
											{Matrix34
												-0.00760606	0.507041	-0.861888
												0.00255346	0.861921	0.507037
												0.999968	0.00165335	-0.00785075
												0.146145	0.242285	-1.25751
											}
											{bone "palm3r"
												{Matrix34
													0.576833	0.816863	0
													-0.816862	0.576832	0
													0	0	1
													0.581881	-0.000115395	0
												}
											}
										}
									}
								}
							}
						}
					}
					{bone "clavicle_left"
						{Position -0.13918	6.12487	-1.18112}
						{bone "hand1l"
							{parameters "Voxels=0;"}
							{Matrix34
								-0.175739	-0.948524	-0.263473
								0.850453	-0.281083	0.444659
								-0.495827	-0.145928	0.856073
								0.0503408	-0.225973	-2.95273
							}
							{bone "hand2l"
								{parameters "Voxels=0;"}
								{Matrix34
									0.864419	0.502773	0
									-0.502773	0.864419	0
									0	0	1
									6.26813	0	0
								}
								{bone "hand3l"
									{Matrix34
										0.982611	-0.185677	0
										0.185676	0.982611	0
										0	0	1
										5.19218	0	0
									}
								}
								{bone "left_hand"
									{parameters "Voxels=0;"}
									{Matrix34
										0.275672	0.823505	-0.495827
										0.0041886	-0.516838	-0.856073
										-0.961242	0.233919	-0.145927
										5.99778	-0.667303	0.409925
									}
								}
								{bone "hand_rot1l"
									{Matrix34
										0.00130214	-0.999932	0.0116372
										-0.999999	-0.00131424	-0.00103842
										0.00105359	-0.0116362	-0.999932
										5.25744	-0.000656366	-0.00162125
									}
									{bone "palm1l"
										{Matrix34
											0.965404	0.249251	-0.0766089
											-0.0261253	-0.199861	-0.979476
											-0.259446	0.947591	-0.186436
											0.0886903	-0.33766	-0.09161
										}
										{bone "palm2l"
											{Matrix34
												-0.00578341	0.491336	-0.870951
												-0.00434284	-0.87097	-0.491318
												-0.999974	0.000941709	0.00717007
												-0.0738366	0.242493	-1.26342
											}
											{bone "palm3l"
												{Matrix34
													0.578449	-0.815719	0
													0.815719	0.578449	0
													0	0	1
													0.578552	0.000164747	0
												}
											}
										}
										{bone "palm2l_hide"
											{Matrix34
												-0.00578359	0.491336	-0.870951
												-0.0043423	-0.870969	-0.491318
												-0.999974	0.000942262	0.00717032
												-0.0738366	0.242493	-1.26342
											}
											{bone "palm3l_hide"
												{Matrix34
													0.578448	-0.815719	0
													0.815719	0.578449	0
													0	0	1
													0.578548	0.000166416	0
												}
												{bone "palm4l_hide"
													{Matrix34
														1	0	0
														0	1	0
														0	0	1
														0.511902	-3.62396e-05	0
													}
												}
											}
										}
									}
								}
							}
						}
					}
				}
			}
			{bone revolute "placement"
				{Matrix34
					0	1	0
					-1	0	0
					0	0	1
					0.783108	0	0
				}
			}
		}
		{bone "ik_chain05"
			{Position -0.156063	-5.80921	18.2262}
		}
		{bone "ik_chain03"
			{Matrix34
				0.999664	-0.0259377	0
				-0.0259377	-0.999664	0
				0	0	1
				-1.03481	3.1035	1.86587
			}
		}
		{bone "ik_chain04"
			{Matrix34
				1	0	0
				0	-1	0
				0	0	1
				3.29347	4.39842	0.0514984
			}
		}
		{bone "ik_chain02"
			{Position 3.29346	-4.22192	0.0514994}
		}
		{bone "ik_chain01"
			{Matrix34
				0.999664	-0.0259378	0
				0.0259378	0.999664	0
				0	0	1
				-1.16152	-3.11831	1.86587
			}
		}
		{bone "ik_chain06"
			{Position 0.240946	5.80709	18.4566}
		}
		{bone revolute "foresight2rot"
			{parameters "Voxels=0;"}
			{limits -20 20}
			{speed 0.1}
			{Position 13.7429	0.0246876	27.5947}
		}
		{bone "palm_ik_holder_right02"
			{Matrix34
				0.155953	-0.0540061	-0.986287
				0.851416	0.513563	0.106506
				0.500768	-0.856351	0.126073
				-0.965799	-5.5288	23.3471
			}
			{bone "palm_ik_holder_right01"
				{Matrix34
					0.00333642	-0.999958	0.00855832
					-0.999992	-0.00331803	0.00210756
					-0.00207909	-0.00856505	-0.999961
					5.19225	0	0
				}
				{bone "palm_ik_holder_right"
					{Matrix34
						-0.987462	-0.121604	-0.100652
						-0.0703697	-0.231656	0.97025
						-0.141303	0.965168	0.220194
						0.119855	-0.164877	0.14873
					}
					{bone "ik_chain07"
						{Matrix34
							0.999955	0.00324064	-0.00886278
							2.76567e-05	0.938189	0.346125
							0.00943687	-0.34611	0.938147
							0.138651	1.07072	-1.80207
						}
					}
				}
			}
		}
		{bone "palm_ik_holder_left02"
			{Matrix34
				0.275673	0.00418823	-0.961242
				0.823505	-0.516838	0.233919
				-0.495827	-0.856073	-0.145927
				-1.19039	5.78534	23.4475
			}
			{bone "palm_ik_holder_left01"
				{Matrix34
					0.001302	-0.999932	0.0116377
					-0.999999	-0.00131415	-0.001038
					0.00105338	-0.0116359	-0.999932
					5.25744	-0.000656843	-0.00162125
				}
				{bone "palm_ik_holder_left"
					{Matrix34
						0.965404	0.24925	-0.0766094
						-0.0261247	-0.199861	-0.979476
						-0.259446	0.947592	-0.186435
						0.0856135	-0.338799	-0.0894642
					}
					{bone "ik_chain08"
						{Matrix34
							0.999967	-0.0028626	0.00758458
							0.000204501	0.944171	0.329455
							-0.00810427	-0.329442	0.944141
							-0.0736468	1.03671	-1.8188
						}
					}
				}
			}
		}
		{bone "skin"
			{Position 0.262855	-0.00984957	32.6528}
			{VolumeView "skin.ply"}
		}
	}
}
