;Exported by:	 guita
;Date:			 23.07.2020 12:21:48
;File:			 D:\Git\3D_Scenes\GoH_3D_vehicles_ger\vehicles\cannon\mg_lafette\8mm_lafette42_x.max
{skeleton
	{bone revolute "basis"
		{orientation
			1 	 0 	 0
			0 	 -1 	 0
			0 	 0 	 1
		}
		{bone "body"
			{parameters "id=body;"}
			{animation
				{sequence "break" {file "body_b.anm"}{speed 1}}
			}
			{Position 2.4419 	 0 	 14.9942}
			{VolumeView "body.ply"}
			{bone "support1"
				{parameters "id=body;"}
				{matrix34
					-0.8746 	 0 	 -0.4848
					0 	 -1 	 0
					-0.4848 	 0 	 0.8746
					1.5522 	 0 	 -0.9928
				}
				{VolumeView "support1.ply"}
				{bone "support1_leg"
					{parameters "id=body;"}
					{Position 0 	 0 	 -9.6114}
					{VolumeView "support1_leg.ply"}
				}
			}
			{bone "supportl"
				{parameters "id=body;"}
				{matrix34
					0.4527 	 -0.1648 	 0.8763
					-0.342 	 -0.9397 	 0
					0.8235 	 -0.2997 	 -0.4818
					-6.9916 	 2.7123 	 -3.9383
				}
				{VolumeView "supportl.ply"}
			}
			{bone "supportr"
				{parameters "id=body;"}
				{matrix34
					0.4556 	 0.1658 	 0.8746
					0.342 	 -0.9397 	 0
					0.8219 	 0.2991 	 -0.4848
					-6.9916 	 -2.7123 	 -3.9383
				}
				{VolumeView "supportr.ply"}
			}
			{bone "support2"
				{parameters "id=body;"}
				{matrix34
					-0.9931 	 0 	 -0.117
					0 	 -1 	 0
					-0.117 	 0 	 0.9931
					-7.4825 	 0 	 -4.4755
				}
				{VolumeView "support2.ply"}
				{bone "support2_leg"
					{parameters "id=body;"}
					{Position -4.4082 	 0 	 0}
					{VolumeView "support2_leg.ply"}
				}
			}
			{bone revolute "turret"
				{parameters "id=body;"}
				{limits -28 28}
				{speed 0.003}
				{VolumeView "turret.ply"}
				{bone revolute "gun_rot"
					{parameters "id=body;"}
					{limits -15 15}
					{speed 0.003}
					{matrix34
						1 	 0 	 0
						0 	 0 	 1
						0 	 -1 	 0
						1.2931 	 0 	 0.5272
					}
					{VolumeView "gun_rot.ply"}
					{bone "lafette42_optic"
						{parameters "id=body;"}
						{matrix34
							-1 	 0 	 0
							0 	 0 	 1
							0 	 1 	 0
							-1.2931 	 -0.5272 	 0
						}
						{VolumeView "lafette42_optic.ply"}
					}
					{bone "lafette_mechtop"
						{parameters "id=body;"}
						{matrix34
							-1 	 0 	 0
							0 	 0 	 1
							0 	 1 	 0
							-1.2931 	 -0.5272 	 0
						}
						{VolumeView "lafette_mechtop.ply"}
						{bone "lafette_trigger"
							{parameters "id=turret;"}
							{Position 6.7406 	 0 	 -2.0343}
							{VolumeView "lafette_trigger.ply"}
						}
					}
					{bone "recoil"
						{parameters "id=body;"}
						{VolumeView "recoil.ply"}
						{bone "mgun"
							{Position -5.1524 	 0.5121 	 0}
						}
					}
				}
				{bone "lafette_mechbot"
					{parameters "id=body;"}
					{VolumeView "lafette_mechbot.ply"}
					{bone "lafette_mech"
						{parameters "id=body;"}
						{matrix34
							-1 	 0 	 0
							0 	 -1 	 0
							0 	 0 	 1
							-7.4788 	 0.8996 	 -2.9328
						}
						{VolumeView "lafette_mech.ply"}
					}
				}
			}
		}
	}
}
