;Exported by:	 guita
;Date:			 26.04.2020 16:42:53
;File:			 D:\Git\3D_Scenes\GoH_3D_vehicles_rus\vehicles\cannon\zis3\76mm_zis3_xx.max
{skeleton
	{bone revolute "basis"
		{orientation
			1 	 0 	 0
			0 	 -1 	 0
			0 	 0 	 1
		}
		{bone "pivot_front"
			{Position -0.2253 	 0.2748 	 8.5741}
			{bone revolute "part1"
				{parameters "id=wheelright;"}
				{matrix34
					0.9891 	 0.1353 	 0.0573
					0.0464 	 0.0821 	 -0.9955
					-0.1394 	 0.9874 	 0.0749
					0.031 	 -14.9167 	 -0.0354
				}
				{VolumeView "part1.ply"}
			}
			{bone revolute "wheell1"
				{parameters "id=wheelleft;"}
				{matrix34
					1 	 0 	 0
					0 	 0.8444 	 -0.5358
					0 	 0.5358 	 0.8444
					0.031 	 16.8473 	 -2.4427
				}
				{VolumeView "wheell1.ply"}
			}
		}
		{bone "body"
			{parameters "id=body;"}
			{matrix34
				0.9704 	 0 	 -0.2416
				-0.0604 	 0.9683 	 -0.2425
				0.234 	 0.2499 	 0.9396
				-0.2058 	 -0.2826 	 7.54
			}
			{VolumeView "body.ply"}
			{bone "part2"
				{parameters "id=body;"}
				{matrix34
					0.9625 	 -0.1019 	 0.2513
					0.1266 	 0.9884 	 -0.0838
					-0.2398 	 0.1125 	 0.9643
					-3.339 	 -5.5973 	 0
				}
				{VolumeView "part2.ply"}
			}
			{bone "shield_lower"
				{parameters "id=shield_lower;"}
				{matrix34
					0.976 	 -0.2176 	 -0.003
					0.2168 	 0.9713 	 0.0977
					-0.0183 	 -0.096 	 0.9952
					-0.5566 	 0 	 -1.6819
				}
				{VolumeView "shield_lower.ply"}
			}
			{bone "standl"
				{parameters "id=body;"}
				{matrix34
					0.8573 	 -0.5119 	 0.0552
					0.5035 	 0.8559 	 0.1176
					-0.1074 	 -0.0731 	 0.9915
					-3.339 	 5.7411 	 0
				}
				{VolumeView "standl.ply"}
			}
			{bone revolute "turret"
				{parameters "id=body;"}
				{Position -1.7596 	 0 	 0}
				{VolumeView "turret.ply"}
				{bone "wheel_hor"
					{parameters "id=body;"}
					{Position 1.7596 	 0 	 0}
					{VolumeView "wheel_hor.ply"}
				}
				{bone "aim_wheel1"
					{parameters "id=body;"}
					{matrix34
						0.2062 	 0.9785 	 0
						0.9785 	 -0.2062 	 0
						0 	 0 	 -1
						-6.2126 	 6.7922 	 4.6454
					}
					{VolumeView "aim_wheel1.ply"}
				}
				{bone "aimsight"
					{parameters "id=body;"}
					{Position 1.7596 	 0 	 0}
					{VolumeView "aimsight.ply"}
					{bone "rigger"
						{parameters "id=body;"}
						{VolumeView "rigger.ply"}
					}
				}
				{bone "shield"
					{parameters "id=shield;"}
					{matrix34
						0.9984 	 -0.0568 	 0.0072
						0.0557 	 0.9925 	 0.1089
						-0.0133 	 -0.1083 	 0.994
						3.6404 	 0 	 6.6502
					}
					{VolumeView "shield.ply"}
					{bone "shield_container_1"
						{parameters "id=turret;"}
						{Position -1.8807 	 0 	 -7.2166}
						{VolumeView "shield_container_1.ply"}
					}
					{bone "shield_container_2"
						{parameters "id=turret;"}
						{matrix34
							0.9908 	 0.1117 	 0.0759
							-0.1137 	 0.9933 	 0.0224
							-0.0729 	 -0.0308 	 0.9969
							-9.3403 	 -6.5783 	 6.8343
						}
						{VolumeView "shield_container_2.ply"}
					}
				}
				{bone revolute "gun_rot"
					{parameters "id=gun;"}
					{matrix34
						0.9915 	 -0.0069 	 -0.1298
						0.1297 	 -0.0084 	 0.9915
						-0.008 	 -0.9999 	 -0.0075
						-2.9128 	 0 	 4.7798
					}
					{VolumeView "gun_rot.ply"}
					{bone "gun"
						{parameters "id=gun;"}
						{matrix34
							0.997 	 0.0771 	 -0.0035
							-0.0258 	 0.2905 	 -0.9565
							-0.0728 	 0.9537 	 0.2917
							22.5673 	 7.0226 	 -0.3379
						}
						{VolumeView "gun.ply"}
					}
					{bone "gun_shield"
						{parameters "id=gun_shield;"}
						{matrix34
							0.9773 	 0.2092 	 0.0333
							-0.011 	 0.2073 	 -0.9782
							-0.2115 	 0.9556 	 0.2049
							10.4914 	 0.3896 	 -0.4078
						}
						{VolumeView "gun_shield.ply"}
					}
				}
			}
		}
	}
}
{obstacle "obstacle"
	{obb2
		{center -0.53159 -0.0236998}
		{extent 8.54335 15.6409}
		{axis 1 0}
	}
	{rotate}
}
{volume "barrel1"
	{cylinder 1.57441 47.0889}
	{bone "gun_rot"}
	{matrix34
		0 	 0 	 -1
		0 	 1 	 0
		1 	 0 	 0
		3.5972 	 0.8544 	 0
	}
}
{volume "barrel2"
	{cylinder 1.36085 70.0938}
	{bone "gun"}
	{matrix34
		0 	 1 	 0
		0 	 0 	 1
		1 	 0 	 0
		1.8744 	 -0.9571 	 -0.3729
	}
}
{volume "barrel3"
	{cylinder 1.18409 26.0273}
	{bone "gun"}
	{matrix34
		0 	 0.9511 	 -0.309
		0 	 0.309 	 0.9511
		1 	 0 	 0
		-13.7516 	 -1.0621 	 2.9478
	}
}
{volume "barrel4"
	{box 7.2711 4.2913 5.0196}
	{bone "gun"}
	{Position -29.8879 	 -1.0621 	 -0.6269}
}
{volume "body1"
	{box 5.32366 2.284 24.952}
	{bone "body"}
	{matrix34
		1 	 0 	 0
		0 	 0 	 1
		0 	 -1 	 0
		-1.1748 	 0.0188 	 0.1152
	}
}
{volume "body2"
	{box 7.71481 2.35997 8.13367}
	{bone "turret"}
	{matrix34
		0 	 1 	 0
		0 	 0 	 1
		1 	 0 	 0
		1.0623 	 0.0007 	 2.3023
	}
}
{volume "hole1"
	{box 1.08578 4.20706 13.1222}
	{bone "shield"}
	{matrix34
		0.9063 	 0 	 0.4226
		0 	 1 	 0
		-0.4226 	 0 	 0.9063
		-4.8371 	 0.0065 	 1.9634
	}
}
{volume "hole2"
	{box 1.08578 2.7741 3.72371}
	{bone "shield"}
	{matrix34
		0.9063 	 0 	 0.4226
		0 	 1 	 0
		-0.4226 	 0 	 0.9063
		-8.5397 	 5.4407 	 9.46
	}
}
{volume "hole3"
	{box 1.08578 5.14706 7.62917}
	{bone "shield"}
	{matrix34
		0.9063 	 0 	 0.4226
		0 	 1 	 0
		-0.4226 	 0 	 0.9063
		-3.6764 	 -13.8092 	 -0.5258
	}
}
{volume "hole4"
	{box 1.08578 5.14706 7.62917}
	{bone "shield"}
	{matrix34
		0.9063 	 0 	 0.4226
		0 	 1 	 0
		-0.4226 	 0 	 0.9063
		-3.6764 	 13.774 	 -0.5258
	}
}
{volume "part1"
	{cylinder 8.73486 3.64797}
	{bone "part1"}
	{matrix34
		1 	 0 	 0
		0 	 -1 	 0
		0 	 0 	 -1
		0.5362 	 0.2974 	 0.3055
	}
}
{volume "part2"
	{cylinder 2.18632 60.6401}
	{bone "part2"}
	{matrix34
		-0.0063 	 -1 	 0.0003
		-0.0714 	 0.0007 	 0.9974
		-0.9974 	 0.0062 	 -0.0714
		-30.7292 	 -0.2851 	 -1.6044
	}
}
{volume "shield_gun"
	{polyhedron "shield_gun.vol"}
	{bone "gun_shield"}
	{matrix34
		0 	 1 	 0
		0 	 0 	 1
		1 	 0 	 0
		-1.6768 	 -0.0284 	 -0.0697
	}
}
{volume "shield_lower"
	{box 22.6667 4.93947 0.933012}
	{bone "shield_lower"}
	{matrix34
		0 	 1 	 0
		0 	 0 	 1
		1 	 0 	 0
		0.2908 	 0.0227 	 -2.5897
	}
}
{volume "shield"
	{box 0.658596 18.2757 31.4961}
	{bone "shield"}
	{matrix34
		0.9063 	 0 	 0.4226
		-0.4226 	 0 	 0.9063
		0 	 -1 	 0
		-5.9947 	 -0.0286 	 4.3155
	}
}
{volume "standl"
	{cylinder 1.52889 60.6401}
	{bone "standl"}
	{matrix34
		0.0063 	 -1 	 0.0003
		-0.0714 	 -0.0001 	 0.9974
		-0.9974 	 -0.0063 	 -0.0714
		-29.2474 	 -0.0512 	 -1.6044
	}
}
{volume "wheelleft1"
	{cylinder 8.73486 3.64797}
	{bone "wheell1"}
	{matrix34
		1 	 0 	 0
		0 	 -1 	 0
		0 	 0 	 -1
		0.0264 	 0.8061 	 -0.5557
	}
}
