;Exported by: misan
;Date:        Mon Dec 12 16:36:45 2022
;File:        D:\Cold War\ModelWIP\USSR\D-20\D-74_xx.max
{Skeleton
	{bone revolute "basis"
		{Orientation
			1	0	0
			0	-1	0
			0	0	1
		}
		{bone "body"
			{parameters "id=body;"}
			{Matrix34
				0.999847	0	-0.0175167
				0	1	0
				0.0175167	0	0.999847
				9.52178	0.0282117	11.2473
			}
			{VolumeView "body.ply"}
			{bone "standf"
				{parameters "id=body;"}
				{Matrix34
					-0.316747	0.947659	0.0401742
					0.941009	0.308644	0.138714
					0.119054	0.0817416	-0.989517
					8.60225	4.19111	0.675235
				}
				{VolumeView "standf.ply"}
			}
			{bone "standr"
				{parameters "id=body;"}
				{Matrix34
					-0.235694	0.947314	-0.216896
					-0.930929	-0.284145	-0.229417
					-0.27896	0.147843	0.948854
					-5.2666	-8.53672	1.80868
				}
				{VolumeView "standr.ply"}
				{bone "seat3"
					{Matrix34
						-0.992342	0.0862705	-0.0884059
						-0.0875388	-0.996105	0.0105657
						-0.0871501	0.0182237	0.996029
						2.876	32.8706	-10.0637
					}
				}
				{bone "seat2"
					{Matrix34
						-0.996195	0	-0.0871557
						-0.00152753	-0.999847	0.0174502
						-0.0871423	0.0175169	0.996042
						2.0024	15.9308	-9.76692
					}
				}
			}
			{bone "standl"
				{parameters "id=body;"}
				{Matrix34
					0.333082	0.928956	0.161546
					-0.923321	0.356075	-0.143838
					-0.191142	-0.101249	0.976327
					-5.26526	8.08924	1.80868
				}
				{VolumeView "standl.ply"}
				{bone "seat4"
					{Matrix34
						0.996195	0	-0.0871557
						-0.00152561	0.999847	-0.01745
						0.0871424	0.0175166	0.996042
						-2.40569	35.9354	-10.1196
					}
				}
				{bone "seat1"
					{Matrix34
						0.992466	-0.0880153	-0.0852274
						0.0861127	0.995952	-0.0257568
						0.0871495	0.0182234	0.996029
						-1.9997	17.0971	-9.69909
					}
				}
			}
			{bone revolute "turret"
				{parameters "id=turret;"}
				{limits -15 15}
				{Matrix34
					-0.173622	0.984808	-0.00304174
					-0.984812	-0.173622	0.000266075
					-0.000266075	0.00304174	0.999995
					-1.71444	-0.0161592	1.1596
				}
				{VolumeView "turret.ply"}
				{bone revolute "gun_rot"
					{parameters "id=gun;"}
					{Matrix34
						-0.00762746	-0.986874	-0.16131
						0.176869	-0.160103	0.971125
						-0.984205	-0.0211235	0.175769
						1.77275	10.2644	13.2904
					}
					{VolumeView "gun_rot.ply"}
					{bone "fx_invers"
						{Matrix34
							-0.999847	-0.0175173	0
							0	0	1
							-0.0175172	0.999847	0
							-12.4691	-0.471069	1.7848
						}
					}
					{bone "gun"
						{parameters "id=gun;"}
						{Matrix34
							1	0	0
							0	0	-1
							0	1	0
							38.6297	-0.639177	1.8275
						}
						{VolumeView "gun.ply"}
						{bone "breech"
							{parameters "id=gun;"}
							{Matrix34
								0.999847	-7.68173e-05	0.0175167
								-0.000230145	0.999847	0.0175161
								-0.0175153	-0.0175173	0.999693
								-42.6815	0.0335989	-0.814148
							}
							{VolumeView "breech.ply"}
						}
					}
				}
			}
			{bone revolute "wheelr1"
				{parameters "id=wheelright;"}
				{Matrix34
					-0.0643249	0.106238	0.992258
					-0.993732	-0.0979178	-0.0539367
					0.0914296	-0.989508	0.11187
					-0.529023	-16.5938	-0.781883
				}
				{VolumeView "wheelr1.ply"}
			}
			{bone revolute "wheell1"
				{parameters "id=wheelleft;"}
				{Matrix34
					-0.111335	-0.0758594	0.990883
					-0.985274	0.138623	-0.100092
					-0.129767	-0.987436	-0.0901758
					-0.529023	16.3659	-0.781886
				}
				{VolumeView "wheell1.ply"}
			}
		}
		{bone "charger"
			{Position -23.4627	-9.75013	0}
		}
		{bone "charger2"
			{Position -46.5872	-13.9225	0}
		}
		{bone "commander"
			{Position -50.1362	13.3114	0}
		}
		{bone "emit1"
			{Position -29.6321	42.8566	0}
		}
		{bone "emit2"
			{Position -23.9798	-44.8392	0}
		}
		{bone "emit3"
			{Position -70.7809	-31.6029	0}
		}
		{bone "emit4"
			{Position -63.1549	28.4761	0}
		}
		{bone "link1"
			{Matrix34
				-1	0	0
				0	0	1
				0	1	0
				-60.9851	0	12.9725
			}
		}
		{bone "gunner"
			{Position -20.5723	13.2539	0}
		}
	}
}
{Volume "body"
	{Box 21.9312 9.07776 11.1665}
	{Bone "body"}
	{Matrix34
		0	-1	0
		-0.0175171	0	0.999846
		-0.999846	0	-0.0175171
		-2.51459	-0.133897	-0.276403
	}
}
{Volume "gun1"
	{Box 9.12116 10.7415 33.5558}
	{Bone "gun_rot"}
	{Matrix34
		0	0	1
		-0.0175169	0.999846	0
		-0.999847	-0.0175169	0
		3.18568	0.559808	1.72142
	}
}
{Volume "gun2"
	{Cylinder 2.72254 79.8191}
	{Bone "gun"}
	{Matrix34
		0	-1	0
		-0.0175171	0	0.999847
		-0.999847	0	-0.0175173
		19.8141	0.0427192	-0.0956453
	}
}
{Volume "shieldl1"
	{Polyhedron "shieldl1.vol"}
	{Bone "turret"}
	{Matrix34
		-1	0	0
		0	0.515094	0.857134
		0	0.857134	-0.515094
		10.4878	1.18027	17.1911
	}
}
{Volume "shieldl2"
	{Polyhedron "shieldl2.vol"}
	{Bone "turret"}
	{Matrix34
		-1	0	0
		0	0.275699	0.961244
		0	0.961244	-0.275699
		8.69728	-3.17309	7.20908
	}
}
{Volume "shieldr1"
	{Polyhedron "shieldr1.vol"}
	{Bone "turret"}
	{Matrix34
		0	-0.999847	0.0175167
		1	0	0
		0	0.0175167	0.999847
		-10.6796	1.18027	17.1911
	}
}
{Volume "shieldr2"
	{Polyhedron "shieldr2.vol"}
	{Bone "turret"}
	{Matrix34
		0	-0.999847	0.0175167
		1	0	0
		0	0.0175167	0.999847
		-8.3408	-3.15969	7.20884
	}
}
{Volume "shieldt"
	{Box 7.35058 5.06941 0.28117}
	{Bone "gun_rot"}
	{Matrix34
		0	0	1
		-0.515094	0.857134	0
		-0.857134	-0.515094	0
		5.24478	7.75448	1.95076
	}
}
{Volume "standl"
	{Box 70 6.25 7.5}
	{Bone "standl"}
	{Matrix34
		0.0406929	-0.999163	-0.00429957
		0.999171	0.0406964	-0.000712901
		0.000887262	-0.00426711	0.999991
		-2.40225	31.791	-0.761631
	}
}
{Volume "standr"
	{Box 69.9998 6.25 7.5}
	{Bone "standr"}
	{Matrix34
		-0.0397907	-0.999199	-0.00429899
		0.999208	-0.0397943	0.000697001
		-0.00086779	-0.00426824	0.999991
		2.05917	31.9217	-0.761652
	}
}
{Volume "turret"
	{Polyhedron "turret.vol"}
	{Bone "turret"}
	{Matrix34
		-1	0	0
		0	-0.15637	0.987698
		0	0.987698	0.15637
		0.181097	6.34601	10.1692
	}
}
{Volume "wheelleft"
	{Cylinder 10.5 5.5}
	{Bone "wheell1"}
	{Matrix34
		0.017517	-0.999847	0
		0.999847	0.017517	0
		0	0	1
		0.112551	-0.10493	0.857061
	}
}
{Volume "wheelright"
	{Cylinder 10.5 5.5}
	{Bone "wheelr1"}
	{Matrix34
		0.017517	-0.999846	0
		0.999847	0.017517	0
		0	0	1
		0.112545	-0.104933	-0.83565
	}
}
