;Exported by: Maksilin
;Date:        Tue Dec 29 17:48:07 2015
;File:        C:\Users\Maksilin\Documents\3dsmax\scenes\Разраб\Стрелковка\Гранатометы\М79\М79.max
{Skeleton
	{bone "body"
		{Orientation
			1	0	0
			0	-1	0
			0	0	1
		}
		{VolumeView "body.ply"}
		{bone "foresight3"
			{Matrix34
				0.996197	0.0871291	5.81711e-005
				5.8133e-005	0	-1
				-0.0871291	0.996197	0
				8.97228	1.4882	-0.0384789
			}
		}
	}
}
{Volume "body"
	{Box 14.2985 1.07526 2.71658}
	{Bone "body"}
	{Matrix34
		0.996198	0.0871291	5.81775e-005
		5.81311e-005	0	-1
		-0.0871292	0.996197	0
		1.6052	0.757519	-0.108208
	}
}
{Volume "select"
	{Box 14.2985 1.07526 2.71658}
	{Bone "body"}
	{Matrix34
		0.996198	0.0871291	5.81775e-005
		5.81311e-005	0	-1
		-0.0871292	0.996197	0
		1.6052	0.757519	-0.108208
	}
}
{Extender "preview"
	{"Stuff"
		{camera
			{origin 1.73312	0.670966	59.5215}
			{lookat 1.73312	0.670956	0}
			{fov 16.923}
		}
		{lights
			{"0"
				{type directional}
				{direction 0.0140999	0	-0.499801}
			}
		}
	}
	{"Stuff_primary"
		{camera
			{origin 1.73312	0.670966	59.5215}
			{lookat 1.73312	0.670956	0}
			{fov 16.923}
		}
		{lights
			{"0"
				{type directional}
				{direction 0.0140999	0	-0.499801}
			}
		}
	}
}
