;Exported by: misan
;Date:        Sun Nov 27 08:22:56 2022
;File:        D:\Cold War\ModelWIP\West Germany\HS30\HS30_xx.max
{Skeleton
	{bone "basis"
		{Orientation
			1	0	0
			0	-1	0
			0	0	1
		}
		{bone "body"
			{parameters "id=body;"}
			{Matrix34
				0.999568	-0.0251543	-0.0151997
				0.025068	0.999669	-0.00583864
				0.0153415	0.00545509	0.999867
				-0.519913	0.0078587	16.8504
			}
			{VolumeView "body.ply"}
			{bone revolute "wheell1"
				{parameters "id=trackleft;Radius=0.3;"}
				{Matrix34
					-1	0	0
					0	0	1
					0	1	0
					48.0068	20.4764	-6.5067
				}
				{VolumeView "wheell1.ply"}
			}
			{bone revolute "wheell10"
				{parameters "id=trackleft;Radius=0.12;"}
				{Matrix34
					-0.983452	0.0937714	0.155016
					0.16076	0.0571253	0.985339
					0.0835413	0.993953	-0.0712547
					-21.1672	21.1656	-4.55758
				}
				{VolumeView "wheell10.ply"}
			}
			{bone revolute "wheell7"
				{parameters "id=trackleft;Radius=0.3;"}
				{Matrix34
					-1	0	0
					0	0	1
					0	1	0
					-41.1668	20.3807	-7.10975
				}
				{VolumeView "wheell7.ply"}
			}
			{bone revolute "wheelr1"
				{parameters "id=wheelright;Radius=0.3;"}
				{Matrix34
					-1	0	0
					0	0	1
					0	1	0
					48.0068	-20.3389	-6.5067
				}
				{VolumeView "wheelr1.ply"}
			}
			{bone revolute "wheelr8"
				{parameters "id=wheelright;Radius=0.12;"}
				{Matrix34
					-0.993699	0.0244868	0.109371
					0.101445	-0.218377	0.970577
					0.0476505	0.975557	0.214517
					24.1083	-21.0361	-4.55758
				}
				{VolumeView "wheelr8.ply"}
			}
			{bone revolute "wheelr10"
				{parameters "id=wheelright;Radius=0.12;"}
				{Matrix34
					-0.993465	-0.0397265	-0.106999
					-0.113204	0.223386	0.968134
					-0.0145584	0.97392	-0.226424
					-21.1672	-21.0361	-4.55758
				}
				{VolumeView "wheelr10.ply"}
			}
			{bone revolute "wheelr7"
				{parameters "id=wheelright;Radius=0.3;"}
				{Matrix34
					-1	0	0
					0	0	1
					0	1	0
					-41.1668	-20.0493	-7.10975
				}
				{VolumeView "wheelr7.ply"}
			}
			{bone revolute "turret"
				{parameters "id=turret;"}
				{Matrix34
					0.774518	0.632551	0.000266074
					-0.632511	0.774474	-0.0109322
					-0.00712126	0.00829892	0.99994
					25.0832	-5.45008	13.5786
				}
				{VolumeView "turret.ply"}
				{bone revolute "gun_rot"
					{parameters "id=mantlet;"}
					{Matrix34
						0.984492	0.000566912	-0.175428
						0.175423	0.00449847	0.984483
						0.00134742	-0.99999	0.00432926
						5.75745	0.0232315	-0.358419
					}
					{VolumeView "gun_rot.ply"}
					{bone "gun"
						{parameters "id=gun;"}
						{Matrix34
							1	0	0
							0	0	-1
							0	1	0
							8.63664	-0.0808945	-3.47126
						}
						{VolumeView "gun.ply"}
						{bone "foresight1"
							{Position 33.1989	-0.0163231	-0.0488586}
						}
					}
				}
				{bone "cover_turret"
					{parameters "id=turret;"}
					{Matrix34
						-0.279291	0.00031578	-0.960206
						0.96011	0.0142518	-0.279259
						0.0135967	-0.999898	-0.00428361
						3.34311	-4.06387	3.14043
					}
					{VolumeView "cover_turret.ply"}
				}
				{bone "fxfire3"
					{Position -2.34765	-3.46551	-0.497221}
				}
			}
			{bone "engine"
				{parameters "id=engine;"}
				{Matrix34
					1	0	0
					0	0	1
					0	-1	0
					-32.8085	1.44467e-05	1.04873
				}
				{VolumeView "engine.ply"}
				{bone "detail2"
					{Matrix34
						1	0	0
						0	0	-1
						0	1	0
						-12.8616	2.38479	-16.905
					}
					{VolumeView "detail2.ply"}
				}
				{bone "detail3"
					{Position -13.8269	5.56267	11.2056}
					{VolumeView "detail3.ply"}
				}
				{bone "fxfire1"
					{Matrix34
						1	0	0
						0	0	-1
						0	1	0
						2.85987	3.90719	8.56983
					}
				}
			}
			{bone "detail1"
				{parameters "id=body;"}
				{Position 24.0736	-22.6786	5.18807}
				{VolumeView "detail1.ply"}
			}
			{bone "fxsmoke1"
				{Matrix34
					0	0	1
					0	1	0
					-1	0	0
					-53.0857	-3.8751	8.41209
				}
			}
			{bone "fxstop2"
				{Position -52.2711	-22.3647	0.687622}
			}
			{bone "fxstop1"
				{Position -52.2711	22.3368	0.687624}
			}
			{bone "cover_commander"
				{Matrix34
					1	0	0
					0	0	1
					0	-1	0
					13.1462	13.6311	9.93479
				}
				{VolumeView "cover_commander.ply"}
			}
			{bone "cover_driver"
				{Matrix34
					1	0	0
					0	0	1
					0	-1	0
					25.0013	13.6311	9.93479
				}
				{VolumeView "cover_driver.ply"}
			}
			{bone "hatchleft_arms"
				{parameters "id=body;"}
				{Matrix34
					0.99984	-0.00425321	0.017377
					-0.0116946	0.579673	0.814766
					-0.0135383	-0.814838	0.57953
					-1.45902	11.0296	11.4383
				}
				{VolumeView "hatchleft_arms.ply"}
				{bone "hatchleft"
					{parameters "id=body;"}
					{Matrix34
						0.999921	-0.00907613	-0.00870917
						0.0118853	0.908428	0.417873
						0.00411898	-0.417943	0.908464
						-0.0388348	0.0373554	6.21963
					}
					{VolumeView "hatchleft.ply"}
				}
			}
			{bone "hatchright_arms"
				{parameters "id=body;"}
				{Matrix34
					0.998453	0.0542618	0.0121114
					0.0428078	-0.611311	-0.790232
					-0.0354756	0.789528	-0.612688
					-1.45902	-11.0415	11.4383
				}
				{VolumeView "hatchright_arms.ply"}
				{bone "hatchright"
					{parameters "id=body;"}
					{Matrix34
						0.999231	0.0385644	-0.00705293
						-0.0112673	0.110182	-0.993848
						-0.0375501	0.993163	0.110532
						-0.0388494	0.0373487	-6.29224
					}
					{VolumeView "hatchright.ply"}
				}
			}
			{bone "fxfire4"
				{Position 25.5018	-5.55211	2.20005}
			}
			{bone "trackl"
				{parameters "id=trackleft;"}
				{Matrix34
					0.999568	0.025068	0.0153416
					-0.0151998	-0.00583878	0.999867
					0.0251543	-0.999669	-0.00545523
					3.07778	21.2972	-7.17948
				}
				{VolumeView "trackl.ply"}
			}
			{bone "trackleft"
				{Matrix34
					0.999568	0.025068	0.0153416
					-0.0151998	-0.00583878	0.999867
					0.0251543	-0.999669	-0.00545523
					1.1208	16.6713	-7.28816
				}
			}
			{bone "trackr"
				{parameters "id=wheelright;"}
				{Matrix34
					0.999568	0.025068	0.0153416
					-0.0151998	-0.00583878	0.999867
					0.0251543	-0.999669	-0.00545523
					4.14017	-20.9239	-7.40989
				}
				{VolumeView "trackr.ply"}
			}
			{bone "trackright"
				{Matrix34
					0.999568	0.025068	0.0153416
					-0.0151998	-0.00583878	0.999867
					0.0251543	-0.999669	-0.00545523
					2.18083	-25.4563	-7.51805
				}
			}
			{bone revolute "wheell2"
				{parameters "id=trackleft;Radius=0.3;"}
				{Matrix34
					-0.960508	0.178308	0.213614
					0.217176	0.000467405	0.976132
					0.173953	0.983975	-0.0391731
					31.7755	22.1975	-8.94619
				}
				{VolumeView "wheell2.ply"}
			}
			{bone revolute "wheell3"
				{parameters "id=trackleft;Radius=0.3;"}
				{Matrix34
					-0.928136	-0.262402	-0.264026
					-0.261038	-0.0468442	0.964191
					-0.265373	0.963821	-0.0250191
					15.6076	21.792	-9.19433
				}
				{VolumeView "wheell3.ply"}
			}
			{bone revolute "wheell4"
				{parameters "id=trackleft;Radius=0.3;"}
				{Matrix34
					-0.986737	0.119646	-0.109707
					-0.133737	-0.216133	0.967161
					0.092006	0.969005	0.229267
					0.24951	21.4069	-9.43006
				}
				{VolumeView "wheell4.ply"}
			}
			{bone revolute "wheell5"
				{parameters "id=trackleft;Radius=0.3;"}
				{Matrix34
					-0.949024	0.27314	0.157316
					0.112745	-0.171919	0.978638
					0.294351	0.946487	0.13236
					-14.069	21.0478	-9.64982
				}
				{VolumeView "wheell5.ply"}
			}
			{bone revolute "wheell6"
				{parameters "id=trackleft;Radius=0.3;"}
				{Matrix34
					-0.941747	0.139087	0.306216
					0.325994	0.153585	0.932813
					0.0827114	0.978298	-0.18998
					-29.6768	20.6564	-9.88937
				}
				{VolumeView "wheell6.ply"}
			}
			{bone revolute "wheelr2"
				{parameters "id=wheelright;Radius=0.3;"}
				{Matrix34
					-0.961496	-0.265817	-0.0697665
					-0.118889	0.173445	0.977641
					-0.247773	0.948292	-0.198369
					32.8468	-20.3761	-9.17851
				}
				{VolumeView "wheelr2.ply"}
			}
			{bone revolute "wheelr3"
				{parameters "id=wheelright;Radius=0.3;"}
				{Matrix34
					-0.96202	0.134852	-0.237343
					-0.220153	0.130798	0.966656
					0.1614	0.982195	-0.0961421
					16.6789	-20.7816	-9.42665
				}
				{VolumeView "wheelr3.ply"}
			}
			{bone revolute "wheelr4"
				{parameters "id=wheelright;Radius=0.3;"}
				{Matrix34
					-0.963462	-0.262399	0.0537375
					0.00736501	0.174599	0.984612
					-0.267744	0.949032	-0.166287
					1.32077	-21.1668	-9.66237
				}
				{VolumeView "wheelr4.ply"}
			}
			{bone revolute "wheelr5"
				{parameters "id=wheelright;Radius=0.3;"}
				{Matrix34
					-0.987528	0.0659913	0.142948
					0.115257	-0.31553	0.94189
					0.107261	0.946618	0.303988
					-12.9977	-21.5258	-9.88214
				}
				{VolumeView "wheelr5.ply"}
			}
			{bone revolute "wheelr6"
				{parameters "id=wheelright;Radius=0.3;"}
				{Matrix34
					-0.900961	0.278978	-0.332324
					-0.303884	0.140993	0.942218
					0.309714	0.949891	-0.0422524
					-28.6055	-21.9173	-10.1217
				}
				{VolumeView "wheelr6.ply"}
			}
		}
		{bone "emit2"
			{Matrix34
				0	1	0
				-1	0	0
				0	0	1
				-2.07574	-42.251	0
			}
		}
		{bone "emit0"
			{Matrix34
				0	-1	0
				1	0	0
				0	0	1
				34.4841	38.9966	0
			}
		}
		{bone "emit1"
			{Matrix34
				0.087156	-0.996195	0
				0.996195	0.087156	0
				0	0	1
				-3.77143	40.9758	0
			}
		}
	}
}
{Volume "ammo"
	{Box 15.2181 7.36026 3.74308}
	{Bone "body"}
	{Matrix34
		1	0	0
		0	0	1
		0	-1	0
		25.4702	-16.1944	4.32881
	}
}
{Volume "body1"
	{Polyhedron "body1.vol"}
	{Bone "body"}
	{Matrix34
		0	-1	0
		0	0	1
		-1	0	0
		41.5195	-0.299487	-6.09957
	}
}
{Volume "body2"
	{Polyhedron "body2.vol"}
	{Bone "body"}
	{Matrix34
		0	-1	0
		0	0	1
		-1	0	0
		39.0004	-0.0162726	4.71922
	}
}
{Volume "body3"
	{Polyhedron "body3.vol"}
	{Bone "body"}
	{Matrix34
		0	-1	0
		0	0	1
		-1	0	0
		10.4669	0.153654	5.39894
	}
}
{Volume "engine"
	{Box 26.1471 15.8897 9.70332}
	{Bone "body"}
	{Position -24.9881	-5.90673	1.65734}
}
{Volume "fuel1"
	{Box 13.8933 2.85857 5.42395}
	{Bone "body"}
	{Position -24.5289	15.1798	7.77196}
}
{Volume "fuel2"
	{Box 13.8933 2.85857 5.42395}
	{Bone "body"}
	{Position -24.5289	-16.1374	7.77196}
}
{Volume "gun"
	{Cylinder 0.753817 48.5647}
	{Bone "gun"}
	{Matrix34
		0	-1	0
		0	0	1
		-1	0	0
		8.84854	-0.0487197	-0.0055785
	}
}
{Volume "mantlet"
	{Cylinder 2.95476 11.8458}
	{Bone "gun_rot"}
	{Position 0.0491861	0.0921784	-0.362694}
}
{Volume "turret"
	{Polyhedron "turret.vol"}
	{Bone "turret"}
	{Position 0.685699	0.0263367	-3.7402}
}
