;Exported by:	 guita
;Date:			 30.01.2022 11:18:40
;File:			 D:\Git\3D_Scenes\GoH_3D_vehicles_fin\3d vehicles\Cannon\120mm Krh40\120_krh40_xx.max
{skeleton
	{bone revolute "basis"
		{orientation
			1 	 0 	 0
			0 	 -1 	 0
			0 	 0 	 1
		}
		{bone "body"
			{Position 0.0005 	 0.0033 	 0.021}
			{bone "foot"
				{parameters "id=body;"}
				{Position 0.0021 	 -0.0027 	 1.5232}
				{VolumeView "foot.ply"}
			}
			{bone "part1"
				{parameters "id=part1;"}
				{Position 0.0021 	 -0.0027 	 1.5232}
				{VolumeView "part1.ply"}
			}
			{bone "part2"
				{parameters "id=part2;"}
				{matrix34
					1 	 0 	 0
					0 	 1 	 0
					0 	 0 	 1
					20.5216 	 -0.0027 	 24.4663
				}
				{VolumeView "part2.ply"}
			}
			{bone "part3"
				{parameters "id=part3;"}
				{matrix34
					0.8952 	 0 	 0.4457
					0 	 1 	 0
					-0.4457 	 0 	 0.8952
					25.2265 	 -0.0032 	 17.3065
				}
				{VolumeView "part3.ply"}
			}
			{bone "part4"
				{parameters "id=part4;"}
				{matrix34
					0.8952 	 0 	 0.4457
					0 	 1 	 0
					-0.4457 	 0 	 0.8952
					25.2265 	 -0.0032 	 17.3065
				}
				{VolumeView "part4.ply"}
			}
		}
		{bone "trailer"
			{parameters "id=body;"}
			{matrix34
				1 	 0 	 0
				0 	 1 	 0
				0 	 0 	 1
				-25.183 	 0.0006 	 7.0205
			}
			{visibility 0}
			{VolumeView "trailer.ply"}
			{bone revolute "wheelr"
				{parameters "id=whellright;"}
				{matrix34
					1 	 0 	 0
					0 	 0 	 -1
					0 	 1 	 0
					0 	 -14.4663 	 0
				}
				{visibility 0}
				{VolumeView "wheelr.ply"}
			}
			{bone revolute "wheell"
				{parameters "id=wheelleft;"}
				{matrix34
					0.5299 	 0 	 0.848
					0.848 	 0 	 -0.5299
					0 	 1 	 0
					0 	 14.4559 	 0
				}
				{visibility 0}
				{VolumeView "wheell.ply"}
			}
		}
	}
}
{volume "body1"
	{box 12.5232 18.0279 3.32668}
	{bone "foot"}
	{Position -0.4766 	 0.0724 	 -1.5055}
}
{volume "body6"
	{box 23.7561 4.83336 3.60132}
	{bone "trailer"}
	{matrix34
		0 	 1 	 0
		0 	 0 	 1
		1 	 0 	 0
		-0.2691 	 -0.1043 	 3.0714
	}
}
{volume "part1"
	{cylinder 1.5093 40.528}
	{bone "part1"}
	{matrix34
		0.8083 	 0 	 -0.5888
		0 	 1 	 0
		0.5888 	 0 	 0.8083
		11.4968 	 0.0055 	 15.6253
	}
}
{volume "part2"
	{cylinder 0.837254 20.1537}
	{bone "part2"}
	{matrix34
		0.9002 	 0 	 0.4354
		0 	 1 	 0
		-0.4354 	 0 	 0.9002
		4.2025 	 0.0482 	 -8.3217
	}
}
{volume "part3"
	{cylinder 0.683256 24.252}
	{bone "part3"}
	{matrix34
		0.0602 	 0.7856 	 0.6158
		-0.9982 	 0.0489 	 0.0352
		-0.0024 	 -0.6168 	 0.7871
		-1.061 	 8.9235 	 -9.0688
	}
}
{volume "part4"
	{cylinder 0.683256 22.4918}
	{bone "part4"}
	{matrix34
		0.9601 	 0.2138 	 -0.1801
		-0.2794 	 0.7584 	 -0.5889
		0.0107 	 0.6157 	 0.7879
		-1.0294 	 -8.5587 	 -8.642
	}
}
{volume "wheelleft"
	{cylinder 7.18504 2.71922}
	{bone "wheell"}
	{matrix34
		0.7199 	 -0.6941 	 0
		0.6941 	 0.7199 	 0
		0 	 0 	 1
		0 	 0 	 -0.1649
	}
}
{volume "wheelright"
	{cylinder 7.18504 2.70953}
	{bone "wheelr"}
	{matrix34
		-0.2071 	 -0.9783 	 0
		0.9783 	 -0.2071 	 0
		0 	 0 	 1
		0 	 0 	 0.1615
	}
}
