;Exported by: pk
;Date:        Mon Mar 04 22:03:33 2019
;File:        E:\Chris models\mi4\mil_mi4_x_export.max
{Skeleton
	{bone "basis"
		{Orientation
			1	0	0
			0	-1	0
			0	0	1
		}
		{bone "pivot_back"
			{Position -17.5103	0	15.1956}
			{bone revolute "wheelr2"
				{parameters "ID=wheelr2;Radius=0.34;support;"}
				{Matrix34
					1	0	0
					0	-0.173179	0.98489
					0	-0.98489	-0.173179
					0	-37.574	-8.46575
				}
				{VolumeView "wheelr2.ply"}
			}
			{bone revolute "wheell2"
				{parameters "ID=wheell2;Radius=0.34;support;"}
				{Matrix34
					-0.999878	-0.0155964	0
					-0.00296435	0.190043	0.981771
					-0.0153121	0.981652	-0.190067
					0	37.6125	-8.46573
				}
				{VolumeView "wheell2.ply"}
			}
		}
		{bone "pivot_front"
			{Position 56.9488	0	9.58093}
			{bone revolute "wheelr1"
				{parameters "ID=wheelr1;Radius=0.2;support;"}
				{Position 0	-14.7771	-5.71454}
				{VolumeView "wheelr1.ply"}
			}
			{bone revolute "wheell1"
				{parameters "ID=wheell1;Radius=0.2;support;"}
				{Position 0	14.8157	-5.71454}
				{VolumeView "wheell1.ply"}
			}
		}
		{bone "body"
			{parameters "id=body;"}
			{Position -1.59413	0.0343208	44.4267}
			{VolumeView "body.ply"}
			{bone "windowl"
				{parameters "ID=body;"}
				{Matrix34
					0.999328	-0.0174456	0.0322448
					0.0174365	0.999848	0.000562617
					-0.0322497	0	0.99948
					29.5247	16.6651	9.24359
				}
				{VolumeView "windowl.ply"}
				{bone "window14"
					{parameters "ID=window14;"}
					{Matrix34
						0.999328	0.0174365	-0.0322497
						-0.0174456	0.999848	0
						0.0322448	0.000562616	0.99948
						-1.82349	-2.85207	15.7622
					}
					{VolumeView "window14.ply"}
				}
				{bone "window15"
					{parameters "ID=window15;"}
					{Matrix34
						0.999328	0.0174365	-0.0322497
						-0.0174456	0.999848	0
						0.0322448	0.000562616	0.99948
						0.293556	-0.96274	5.85969
					}
					{VolumeView "window15.ply"}
				}
			}
			{bone "windowr"
				{parameters "ID=body;"}
				{Matrix34
					0.999543	0	0.0302254
					0	1	0
					-0.0302254	0	0.999543
					29.5247	-17.5045	9.24361
				}
				{VolumeView "windowr.ply"}
				{bone "window11"
					{parameters "ID=window11;"}
					{Matrix34
						0.999543	0	-0.0302254
						0	1	0
						0.0302254	0	0.999543
						-1.90021	2.63692	15.9472
					}
					{VolumeView "window11.ply"}
				}
				{bone "window12"
					{parameters "ID=window12;"}
					{Matrix34
						0.999543	0	-0.0302254
						0	1	0
						0.0302254	0	0.999543
						0.371519	1.28197	5.85165
					}
					{VolumeView "window12.ply"}
				}
			}
			{bone "window1"
				{parameters "ID=window1;"}
				{Position -27.7368	-20.2095	-2.82144}
				{VolumeView "window1.ply"}
			}
			{bone "window2"
				{parameters "ID=window2;"}
				{Position 0.921078	-20.2163	-1.96648}
				{VolumeView "window2.ply"}
			}
			{bone "window3"
				{parameters "ID=window3;"}
				{Position 17.2681	-20.2817	-1.58093}
				{VolumeView "window3.ply"}
			}
			{bone "window5"
				{parameters "ID=window5;"}
				{Position 0.8941	20.1689	-1.99421}
				{VolumeView "window5.ply"}
			}
			{bone "window6"
				{parameters "ID=window6;"}
				{Position 17.1497	20.2366	-1.56727}
				{VolumeView "window6.ply"}
			}
			{bone "window7"
				{parameters "ID=window7;"}
				{Position 52.4334	-7.07175	-25.0644}
				{VolumeView "window7.ply"}
			}
			{bone "window8"
				{parameters "ID=window8;"}
				{Position 53.4976	-0.0343208	-24.7123}
				{VolumeView "window8.ply"}
			}
			{bone "window9"
				{parameters "ID=window9;"}
				{Position 52.4334	7.00311	-25.0644}
				{VolumeView "window9.ply"}
			}
			{bone "window10"
				{parameters "ID=window10;"}
				{Position 16.0039	-13.3765	25.1575}
				{VolumeView "window10.ply"}
			}
			{bone "window13"
				{parameters "ID=window13;"}
				{Position 16.0039	13.3079	25.1575}
				{VolumeView "window13.ply"}
			}
			{bone "window16"
				{parameters "ID=window16;"}
				{Position 38.0151	9.29399	22.3749}
				{VolumeView "window16.ply"}
			}
			{bone "window17"
				{parameters "ID=window17;"}
				{Position 38.0151	-6.83121	22.3749}
				{VolumeView "window17.ply"}
			}
			{bone "doorback1"
				{parameters "id=body;"}
				{Matrix34
					0.999237	0.00108924	0.0390521
					0.00108982	0.998445	-0.0557342
					-0.0390521	0.0557342	0.997682
					-45.494	19.631	-12.2056
				}
				{VolumeView "doorback1.ply"}
			}
			{bone "doorback2"
				{parameters "id=body;"}
				{Matrix34
					0.999237	0.00108128	0.0390507
					-0.00325824	0.998441	0.0557267
					-0.0389295	-0.0558114	0.997682
					-45.494	-19.6997	-12.2056
				}
				{VolumeView "doorback2.ply"}
			}
			{bone "doorleft"
				{parameters "id=body;"}
				{Matrix34
					0.999732	-0.000543449	0.0231622
					0.00137599	0.999353	-0.0359433
					-0.0231277	0.0359655	0.999085
					-36.5185	19.6951	-10.7789
				}
				{VolumeView "doorleft.ply"}
				{bone "window4"
					{parameters "ID=window4;"}
					{Matrix34
						0.999732	0.00137531	-0.0231277
						-0.000542763	0.999353	0.0359655
						0.0231622	-0.0359433	0.999085
						9.04056	-0.601526	6.41038
					}
					{VolumeView "window4.ply"}
				}
			}
			{bone "engine"
				{parameters "id=engine;"}
				{Position 38.9306	-0.0150738	0.303955}
				{VolumeView "engine.ply"}
				{bone "glass_part2"
					{Position -14.4545	-0.0192471	-2.01779}
					{VolumeView "glass_part2.ply"}
				}
				{bone "glass_part1"
					{Position -14.4545	-0.0192471	-2.01778}
					{VolumeView "glass_part1.ply"}
				}
				{bone "rotor"
					{parameters "id=rotor;"}
					{Matrix34
						0.461749	0.887011	0
						-0.887011	0.461749	0
						0	0	1
						-37.4667	-0.0192471	37.0305
					}
					{VolumeView "rotor.ply"}
					{bone "propeller"
						{parameters "ID=propeller;"}
						{VolumeView "propeller.ply"}
					}
					{bone "propeller1"
						{parameters "ID=propeller1;"}
						{VolumeView "propeller1.ply"}
					}
					{bone "propeller2"
						{parameters "ID=propeller2;"}
						{VolumeView "propeller2.ply"}
					}
					{bone "propeller3"
						{parameters "ID=propeller3;"}
						{VolumeView "propeller3.ply"}
					}
					{bone "engine_work"
						{Matrix34
							0.865377	-0.501121	0
							0.501121	0.865377	0
							0	0	1
							0	-3.04878e-005	6.1308
						}
						{visibility 0}
						{VolumeView "engine_work.ply"}
					}
				}
				{bone "rotor_b"
					{parameters "Id=rotor_b;"}
					{Matrix34
						0	1	0
						-1	0	0
						0	0	1
						-287.905	-11.0262	41.3774
					}
					{VolumeView "rotor_b.ply"}
					{bone "propeller_b1"
						{parameters "ID=propeller_b1;"}
						{Orientation
							0	0	1
							0	1	0
							-1	0	0
						}
						{VolumeView "propeller_b1.ply"}
					}
					{bone "propeller_b2"
						{parameters "ID=propeller_b2;"}
						{Orientation
							0	0	1
							0	1	0
							-1	0	0
						}
						{VolumeView "propeller_b2.ply"}
					}
					{bone "propeller_b"
						{parameters "ID=propeller_b;"}
						{Orientation
							0	0	1
							0	1	0
							-1	0	0
						}
						{VolumeView "propeller_b.ply"}
					}
					{bone "rotor_work"
						{Matrix34
							0	0.824975	-0.565169
							0	-0.565169	-0.824975
							-1	0	0
							-3.09715	-1.52588e-005	0
						}
						{visibility 0}
						{VolumeView "rotor_work.ply"}
					}
				}
			}
			{bone "glasses"
				{Position 24.4761	-0.0343208	-1.71384}
				{VolumeView "glasses.ply"}
			}
			{bone "gun_rot1"
				{Matrix34
					0.99618	-0.0327009	0.0809717
					-0.081015	0	0.996713
					-0.0325934	-0.999465	-0.00264956
					50.8748	-0.0347296	-33.7488
				}
				{VolumeView "gun_rot1.ply"}
			}
		}
	}
}
