;Exported by: misan
;Date:        Thu Mar 31 13:07:56 2022
;File:        D:\Cold War\Models\Yak-28\Yak-28 prop.max
{Skeleton
	{bone "basis"
		{Orientation
			1	0	0
			0	-1	0
			0	0	1
		}
		{bone "body"
			{parameters "id=body;"}
			{VolumeView "body.ply"}
			{bone "canopy"
				{Position 48.6828	0.000914672	21.3722}
				{VolumeView "canopy.ply"}
				{bone "window1"
					{Position 1.14441e-05	0	1.14441e-05}
					{VolumeView "window1.ply"}
				}
			}
			{bone "wingr"
				{parameters "id=body;"}
				{Position -38.3883	-64.746	-0.443139}
				{VolumeView "wingr.ply"}
				{bone "engine1"
					{parameters "id=engine1;"}
					{Position 27.7268	19.9194	-7.64205}
					{VolumeView "engine1.ply"}
					{bone "fxsmoke1"
						{Matrix34
							-1	0	0
							0	-1	0
							0	0	1
							-77.7226	-0.200096	-6.16009
						}
					}
				}
				{bone "hatchwingr"
					{Matrix34
						0.203317	0	-0.979113
						0	1	0
						0.979113	0	0.203317
						-33.3791	-45.7059	-10.6927
					}
					{VolumeView "hatchwingr.ply"}
					{bone "wheel4"
						{Position -3.1894	-0.0289383	-24.268}
						{VolumeView "wheel4.ply"}
					}
				}
				{bone "flapr"
					{Position -11.0775	40.0526	3.33644}
					{VolumeView "flapr.ply"}
				}
				{bone "aileronr"
					{Position -41.8019	-8.38379	-5.03481}
					{VolumeView "aileronr.ply"}
				}
				{bone "hardpoint_2"
					{Position -21.7662	-14.1398	-9.31879}
				}
				{bone "wingtipr"
					{Position -59.1937	-55.7107	-12.47}
				}
			}
			{bone "wingl"
				{parameters "id=body;"}
				{Position -38.3883	64.746	-0.443139}
				{VolumeView "wingl.ply"}
				{bone "engine2"
					{parameters "id=engine2;"}
					{Position 27.7268	-19.9195	-7.64205}
					{VolumeView "engine2.ply"}
					{bone "fxsmoke2"
						{Matrix34
							-1	0	0
							0	-1	0
							0	0	1
							-77.7226	-0.0943565	-6.16009
						}
					}
				}
				{bone "hatchwingl"
					{Matrix34
						0.203317	0	-0.979113
						0	1	0
						0.979113	0	0.203317
						-33.3791	45.7058	-10.6927
					}
					{VolumeView "hatchwingl.ply"}
					{bone "wheel3"
						{Position -3.18942	0.0289383	-24.268}
						{VolumeView "wheel3.ply"}
					}
				}
				{bone "flapl"
					{Position -11.0775	-40.0526	3.33644}
					{VolumeView "flapl.ply"}
				}
				{bone "aileronl"
					{Position -41.802	8.38378	-5.03481}
					{VolumeView "aileronl.ply"}
				}
				{bone "hardpoint_3"
					{Position -21.7662	15.4649	-9.31879}
				}
				{bone "wingtipl"
					{Position -59.1938	55.7286	-12.47}
				}
			}
			{bone "hatchf2l"
				{Matrix34
					0.994412	-0.0600538	0.0868242
					0.0871234	0.00237727	-0.996195
					0.0596189	0.998192	0.00759607
					83.617	4.04586	-8.93154
				}
				{VolumeView "hatchf2l.ply"}
			}
			{bone "hatchf1l"
				{Matrix34
					0.990783	-0.110368	0.0785314
					0.0871432	0.0754965	-0.993331
					0.103703	0.991019	0.0844184
					101.231	6.14596	-6.8555
				}
				{VolumeView "hatchf1l.ply"}
			}
			{bone "hatchf2r"
				{Matrix34
					0.993766	0.0699369	0.0868242
					-0.0871427	0.001511	0.996195
					0.0695396	-0.99755	0.00759607
					83.617	-3.93375	-8.93154
				}
				{VolumeView "hatchf2r.ply"}
			}
			{bone "hatchf1r"
				{Matrix34
					0.990733	0.109704	0.0800852
					-0.0871424	0.0611139	0.99432
					0.104187	-0.992084	0.0701075
					101.231	-6.13108	-6.8555
				}
				{VolumeView "hatchf1r.ply"}
			}
			{bone "hatchrl"
				{Matrix34
					0.99983	-0.0184201	0
					0.00319863	0.173619	-0.984808
					0.0181403	0.984641	0.173648
					-104.498	6.49446	-17.5104
				}
				{VolumeView "hatchrl.ply"}
			}
			{bone "hatchrr"
				{Matrix34
					0.999036	0.0439066	0
					-0.00762429	0.173481	0.984808
					0.0432395	-0.983858	0.173648
					-104.498	-6.64338	-17.5104
				}
				{VolumeView "hatchrr.ply"}
			}
			{bone "hatchr"
				{Matrix34
					0.293978	0	-0.955812
					0	1	0
					0.955812	0	0.293978
					-87.8453	0.000921444	-19.43
				}
				{VolumeView "hatchr.ply"}
			}
			{bone "elevatorl"
				{Position -194.827	16.9577	23.6355}
				{VolumeView "elevatorl.ply"}
			}
			{bone "elevatorr"
				{Position -194.827	-16.9559	23.6355}
				{VolumeView "elevatorr.ply"}
			}
			{bone "rudder"
				{Position -181.823	0.000940352	26.0879}
				{VolumeView "rudder.ply"}
			}
			{bone "window4"
				{Position 0	0	13.8231}
				{VolumeView "window4.ply"}
			}
			{bone "window3"
				{Position 0	0	13.8231}
				{VolumeView "window3.ply"}
			}
			{bone "window2"
				{Position 0	0	13.8231}
				{VolumeView "window2.ply"}
			}
			{bone "visor"
				{Position 73.6531	-0.232351	24.4607}
			}
			{bone "hardpoint_1"
				{Position 8.97313	-0.232351	-15.4363}
			}
		}
	}
}
