;Exported by: misan
;Date:        Sun Apr  3 09:03:53 2022
;File:        D:\Cold War\Models\Yak-28\Yak-28b.max
{Skeleton
	{animation
		{sequence "flyin_1" {speed 0.05}}
		{sequence "approach_1" {speed 0.075}}
		{sequence "flyout_1" {speed 0.1}}
		{sequence "flyin_2" {speed 0.05}}
		{sequence "approach_2" {speed 0.075}}
		{sequence "flyout_2" {speed 0.1}}
		{sequence "flyin_3" {speed 0.05}}
		{sequence "approach_3" {speed 0.075}}
		{sequence "flyout_3" {speed 0.1}}
		{sequence "flyin_4" {speed 0.05}}
		{sequence "approach_4" {speed 0.075}}
		{sequence "flyout_4" {speed 0.1}}
		{sequence "flyin_5" {speed 0.05}}
		{sequence "approach_5" {speed 0.075}}
		{sequence "flyout_5" {speed 0.1}}
		{sequence "flyin_6" {speed 0.05}}
		{sequence "approach_6" {speed 0.075}}
		{sequence "flyout_6" {speed 0.1}}
		{sequence "flyin_7" {speed 0.05}}
		{sequence "approach_7" {speed 0.075}}
		{sequence "flyout_7" {speed 0.1}}
		{sequence "flyin_8" {speed 0.05}}
		{sequence "approach_8" {speed 0.075}}
		{sequence "flyout_8" {speed 0.1}}
	}
	{bone "basis"
		{Orientation
			1	0	0
			0	-1	0
			0	0	1
		}
		{bone "body"
			{parameters "id=body;"}
			{Position -11811	0	1968.5}
			{VolumeView "body.ply"}
			{bone "canopy"
				{Position 48.6826	0.000914672	21.3722}
				{VolumeView "canopy.ply"}
				{bone "window1"
					{VolumeView "window1.ply"}
				}
			}
			{bone "wingr"
				{parameters "id=body;"}
				{Position -38.3887	-64.746	-0.443115}
				{VolumeView "wingr.ply"}
				{bone "engine1"
					{parameters "id=engine1;"}
					{Position 27.7266	19.9194	-7.64209}
					{VolumeView "engine1.ply"}
					{bone "fxsmoke1"
						{Matrix34
							-1	0	0
							0	-1	0
							0	0	1
							-77.7227	-0.200096	-6.16003
						}
					}
				}
				{bone "hatchwingr"
					{Matrix34
						0.203317	0	-0.979113
						0	1	0
						0.979113	0	0.203317
						-33.3789	-45.7059	-10.6926
					}
					{VolumeView "hatchwingr.ply"}
					{bone "wheel4"
						{Position -3.18945	-0.0289383	-24.2676}
						{VolumeView "wheel4.ply"}
					}
				}
				{bone "flapr"
					{Position -11.0771	40.0526	3.33643}
					{VolumeView "flapr.ply"}
				}
				{bone "aileronr"
					{Position -41.8018	-8.38379	-5.03479}
					{VolumeView "aileronr.ply"}
				}
				{bone "hardpoint_2"
					{Position -21.7666	-14.1398	-9.31885}
				}
				{bone "wingtipr"
					{Position -59.1934	-55.7107	-12.47}
				}
			}
			{bone "wingl"
				{parameters "id=body;"}
				{Position -38.3887	64.746	-0.443115}
				{VolumeView "wingl.ply"}
				{bone "engine2"
					{parameters "id=engine2;"}
					{Position 27.7266	-19.9195	-7.64209}
					{VolumeView "engine2.ply"}
					{bone "fxsmoke2"
						{Matrix34
							-1	0	0
							0	-1	0
							0	0	1
							-77.7227	-0.0943565	-6.16003
						}
					}
				}
				{bone "hatchwingl"
					{Matrix34
						0.203317	0	-0.979113
						0	1	0
						0.979113	0	0.203317
						-33.3789	45.7058	-10.6926
					}
					{VolumeView "hatchwingl.ply"}
					{bone "wheel3"
						{Position -3.18945	0.0289383	-24.2676}
						{VolumeView "wheel3.ply"}
					}
				}
				{bone "flapl"
					{Position -11.0771	-40.0526	3.33643}
					{VolumeView "flapl.ply"}
				}
				{bone "aileronl"
					{Position -41.8018	8.38378	-5.03479}
					{VolumeView "aileronl.ply"}
				}
				{bone "hardpoint_3"
					{Position -21.7666	15.4649	-9.31885}
				}
				{bone "wingtipl"
					{Position -59.1934	55.7286	-12.47}
				}
			}
			{bone "hatchf2l"
				{Matrix34
					0.994412	-0.0600538	0.0868242
					0.0871234	0.00237727	-0.996195
					0.0596189	0.998192	0.00759607
					83.6172	4.04586	-8.93152
				}
				{VolumeView "hatchf2l.ply"}
			}
			{bone "hatchf1l"
				{Matrix34
					0.990783	-0.110368	0.0785314
					0.0871432	0.0754965	-0.993331
					0.103703	0.991019	0.0844184
					101.23	6.14596	-6.85547
				}
				{VolumeView "hatchf1l.ply"}
			}
			{bone "hatchf2r"
				{Matrix34
					0.993766	0.0699369	0.0868242
					-0.0871427	0.001511	0.996195
					0.0695396	-0.99755	0.00759607
					83.6172	-3.93375	-8.93152
				}
				{VolumeView "hatchf2r.ply"}
			}
			{bone "hatchf1r"
				{Matrix34
					0.990733	0.109704	0.0800852
					-0.0871424	0.0611139	0.99432
					0.104187	-0.992084	0.0701075
					101.23	-6.13108	-6.85547
				}
				{VolumeView "hatchf1r.ply"}
			}
			{bone "hatchrl"
				{Matrix34
					0.99983	-0.0184201	0
					0.00319863	0.173619	-0.984808
					0.0181403	0.984641	0.173648
					-104.498	6.49446	-17.5104
				}
				{VolumeView "hatchrl.ply"}
			}
			{bone "hatchrr"
				{Matrix34
					0.999036	0.0439066	0
					-0.00762429	0.173481	0.984808
					0.0432395	-0.983858	0.173648
					-104.498	-6.64338	-17.5104
				}
				{VolumeView "hatchrr.ply"}
			}
			{bone "hatchr"
				{Matrix34
					0.293978	0	-0.955812
					0	1	0
					0.955812	0	0.293978
					-87.8457	0.000921444	-19.4299
				}
				{VolumeView "hatchr.ply"}
			}
			{bone "elevatorl"
				{Position -194.827	16.9577	23.6355}
				{VolumeView "elevatorl.ply"}
			}
			{bone "elevatorr"
				{Position -194.827	-16.9559	23.6355}
				{VolumeView "elevatorr.ply"}
			}
			{bone "rudder"
				{Position -181.822	0.000940352	26.0879}
				{VolumeView "rudder.ply"}
			}
			{bone "window4"
				{Position 0	0	13.8231}
				{VolumeView "window4.ply"}
			}
			{bone "window3"
				{Position 0	0	13.8231}
				{VolumeView "window3.ply"}
			}
			{bone "window2"
				{Position 0	0	13.8231}
				{VolumeView "window2.ply"}
			}
			{bone "visor"
				{Position 73.6533	-0.232351	24.4607}
			}
			{bone "hardpoint_1"
				{Position 8.97266	-0.232351	-15.4363}
			}
		}
	}
}
{Volume "body1"
	{Polyhedron "body1.vol"}
	{Bone "wingl"}
	{Matrix34
		0.993594	0	0.113008
		0	1	0
		-0.113008	0	0.993594
		89.0889	-64.8055	14.1727
	}
}
{Volume "body2"
	{Cylinder 12.3329 154.206}
	{Bone "engine1"}
	{Matrix34
		0	-1	0
		-0.0644758	0	0.997919
		-0.997919	0	-0.0644758
		-2.84273	-0.154536	1.12542
	}
}
{Volume "body3"
	{Cylinder 12.3329 154.206}
	{Bone "engine2"}
	{Matrix34
		0	-1	0
		-0.0929919	0	0.995667
		-0.995667	0	-0.0929919
		-2.66907	-0.269469	-1.07325
	}
}
{Volume "body"
	{Cylinder 18.5811 363.596}
	{Bone "body"}
	{Matrix34
		0	-1	0
		-0.0433703	0	0.999059
		-0.999059	0	-0.0433703
		1.08572	-0.0877082	2.12415
	}
}
