;Exported by: misan
;Date:        Mon Feb 13 18:04:07 2023
;File:        D:\Cold War\ModelWIP\Smallarms\M60\M60 MOWAS2.max
{Skeleton
	{animation
		{sequence "recoil" {speed 0.3}}
		{sequence "bipod_open" {speed 0.3}}
	}
	{bone "m60"
		{parameters "id=mgun;"}
		{Orientation
			1	0	0
			0	-1	0
			0	0	1
		}
		{LODView
			{VolumeView "m60.ply"}
			{VolumeView "m60_lod1.ply"}
			{VolumeView "m60_lod2.ply"}
		}
		{bone "foresight14"
			{Position 15.7025	1.69667	0.00170927}
		}
		{bone "fxshell"
			{Matrix34
				0	0.258819	0.965926
				0	-0.965926	0.258819
				1	0	0
				0.884658	2.00784	0.636483
			}
		}
		{bone "handle"
			{Matrix34
				0	1	0
				0	0	-1
				-1	0	0
				3.86407	1.76154	1.22646
			}
		}
		{bone "magazine"
			{Position 1.0638	1.89304	-0.603036}
			{VolumeView "magazine.ply"}
		}
		{bone "standl"
			{Matrix34
				0	-0.819152	-0.573576
				1	0	0
				0	-0.573576	0.819152
				13.9804	0.998907	-0.540609
			}
			{LODView
				{VolumeView "standl.ply"}
				{VolumeView "standl_lod1.ply"}
				{VolumeView "standl_lod2.ply"}
			}
		}
		{bone "standr"
			{Matrix34
				0	-0.819152	0.573576
				1	0	0
				0	0.573576	0.819152
				13.9804	0.998907	0.527273
			}
			{LODView
				{VolumeView "standr.ply"}
				{VolumeView "standr_lod1.ply"}
				{VolumeView "standr_lod2.ply"}
			}
		}
	}
}
{Volume "body"
	{Box 22.405 4.76939 1.2257}
	{Bone "m60"}
	{Position 4.51055	0.80322	0}
}
{Volume "magazine"
	{Box 3.14806 3.04322 1.88579}
	{Bone "magazine"}
	{Matrix34
		0	1	0
		0	0	1
		1	0	0
		0.0316467	-1.80865	-1.87329
	}
}
{Volume "select"
	{Box 26.3253 9.85145 2.1012}
	{Bone "m60"}
	{Position 4.56137	0.0936925	0}
}
{Extender "preview"
	{"stuff"
		{camera
			{origin 4.62198	-2.82464	28.7414}
			{lookat 4.62198	-1.23578	11.5463}
			{fov 45}
			{horizon 180}
		}
		{lights
			{"0"
				{type point}
				{position 0.611365	-8.3114	20.8018}
			}
			{"1"
				{type point}
				{position 0.611362	11.4818	26.6927}
			}
		}
	}
	{"stuff_primary"
		{camera
			{origin 4.95581	-3.4461	28.9044}
			{lookat 4.81733	-1.86329	11.7094}
			{fov 45}
			{horizon 179.98}
		}
		{lights
			{"0"
				{type point}
				{position 1.40254	-8.26569	21.0567}
			}
			{"1"
				{type point}
				{position -0.322556	11.4522	26.9476}
			}
		}
	}
}
