;Exported by: misan
;Date:        Wed Jun  1 15:03:06 2022
;File:        D:\Cold War\Model WIP\USSR\t-44\T-44_XX.max
{Skeleton
	{bone "basis"
		{Orientation
			1	0	0
			0	-1	0
			0	0	1
		}
		{bone "body"
			{parameters "id=body;"}
			{Matrix34
				0.99963	0.0153714	-0.022424
				-0.0148812	0.99965	0.0218632
				0.0227522	-0.0215214	0.999509
				-0.723947	-0.586927	8.73228
			}
			{VolumeView "body.ply"}
			{bone revolute "turret"
				{parameters "id=turret;"}
				{Matrix34
					0.993925	0.110002	0.00357722
					-0.10974	0.992989	-0.0439342
					-0.00838498	0.0432748	0.999028
					1.42635	0.593754	19.7751
				}
				{VolumeView "turret.ply"}
				{bone "detail1"
					{parameters "id=turret;"}
					{Position -30.9007	0	8.86522}
					{VolumeView "detail1.ply"}
				}
				{bone revolute "gun_rot"
					{parameters "id=mantlet;"}
					{Matrix34
						0.994309	0	-0.106533
						0.106533	0	0.994309
						0	-1	0
						18.6134	0	7.21428
					}
					{VolumeView "gun_rot.ply"}
					{bone "gun"
						{parameters "id=gun;"}
						{Matrix34
							1	0	0
							0	0	-1
							0	1	0
							12.0143	-0.0711212	1.0773
						}
						{VolumeView "gun.ply"}
					}
					{bone "foresight5"
						{Matrix34
							1	0	0
							0	0	-1
							0	1	0
							6.73311	-0.107632	-6.41994
						}
					}
				}
				{bone "cover2"
					{parameters "id=turret;"}
					{Matrix34
						0.65436	0.141778	-0.742773
						-0.101925	0.989839	0.0991447
						0.749283	0.010831	0.662162
						1.4817	-10.3054	15.8298
					}
					{VolumeView "cover2.ply"}
				}
				{bone "cover1"
					{parameters "id=turret;"}
					{Matrix34
						-0.868182	0.0287528	-0.495413
						-0.023602	0.994798	0.0990972
						0.495685	0.0977271	-0.862986
						-6.01241	6.89337	19.5949
					}
					{VolumeView "cover1.ply"}
				}
				{bone "fxfire3"
					{Position -7.81183	7.07568	14.6232}
				}
				{bone "fxfire3_2"
					{Position -4.12005	-10.1436	11.8204}
				}
			}
			{bone "shield1"
				{parameters "id=shield1;"}
				{Position 54.3802	25.8806	12.8325}
				{VolumeView "shield1.ply"}
			}
			{bone "shield2"
				{parameters "id=shield2;"}
				{Position 54.3802	-25.6114	12.8325}
				{VolumeView "shield2.ply"}
			}
			{bone "shield3"
				{parameters "id=shield3;"}
				{Position -53.4996	26.2041	13.4896}
				{VolumeView "shield3.ply"}
			}
			{bone "shield4"
				{parameters "id=shield4;"}
				{Position -53.4996	-25.8006	13.4895}
				{VolumeView "shield4.ply"}
			}
			{bone "detail2"
				{parameters "id=body;"}
				{Position -60.2224	-0.259137	12.7118}
				{VolumeView "detail2.ply"}
			}
			{bone "engine"
				{parameters "id=engine;"}
				{VolumeView "engine.ply"}
				{bone "detail7"
					{parameters "id=engine;"}
					{Position -57.3761	-9.71669	18.3881}
					{VolumeView "detail7.ply"}
				}
			}
			{bone "vane"
				{Position 0	0	0.0175037}
				{VolumeView "vane.ply"}
			}
			{bone "cover_driver"
				{Position 28.031	11.7641	19.877}
				{VolumeView "cover_driver.ply"}
			}
			{bone "fxsmoke1"
				{Matrix34
					0	1	0
					-1	0	0
					0	0	1
					-29.5668	29.431	14.4166
				}
			}
			{bone "headlightl"
				{Position 41.5456	20.5965	17.6089}
			}
			{bone "fxfire4"
				{Position 2.18923	0.658043	13.0452}
			}
			{bone "fxfire1"
				{Position -44.9936	0.0603103	20.3341}
			}
			{bone "detail12"
				{parameters "id=body;"}
				{Position 24.939	-20.5928	12.01}
				{VolumeView "detail12.ply"}
			}
			{bone "detail11"
				{parameters "id=body;"}
				{Position 20.4904	19.5999	12.1177}
				{VolumeView "detail11.ply"}
			}
			{bone "detail8"
				{parameters "id=body;"}
				{Matrix34
					-0.352462	0	0.935826
					0	1	0
					-0.935826	0	-0.352462
					-60.1195	2.58027	10.352
				}
				{VolumeView "detail8.ply"}
			}
			{bone revolute "wheelr1"
				{parameters "id=trackright;Radius=0.18;"}
				{Matrix34
					-1	0	0
					0	0	1
					0	1	0
					51.745	-23.2336	4.96211
				}
				{VolumeView "wheelr1.ply"}
			}
			{bone revolute "wheelr7"
				{parameters "id=trackright;Radius=0.18;"}
				{Matrix34
					-0.991352	0.0958688	0.0896155
					0.0752349	-0.144325	0.986666
					0.107524	0.984875	0.135864
					-51.5694	-22.7643	5.04215
				}
				{VolumeView "wheelr7.ply"}
			}
			{bone revolute "wheell1"
				{parameters "id=trackleft;Radius=0.18;"}
				{Matrix34
					-1	0	0
					0	0	1
					0	1	0
					51.745	22.9128	4.96212
				}
				{VolumeView "wheell1.ply"}
			}
			{bone revolute "wheell7"
				{parameters "id=trackleft;Radius=0.18;"}
				{Matrix34
					-0.989829	-0.0610663	0.128488
					0.123502	0.0794152	0.989161
					-0.0706083	0.99497	-0.0710656
					-51.5694	22.3065	5.04216
				}
				{VolumeView "wheell7.ply"}
			}
			{bone "trackl"
				{parameters "id=trackleft;"}
				{Matrix34
					0.99963	-0.014881	0.0227522
					0.0153712	0.99965	-0.0215215
					-0.022424	0.0218633	0.999509
					1.01999	-0.158966	-8.3986
				}
				{VolumeView "trackl.ply"}
			}
			{bone "trackr"
				{parameters "id=trackright;"}
				{Matrix34
					0.99963	-0.014881	0.0227522
					0.0153711	0.99965	-0.0215208
					-0.022424	0.0218626	0.999509
					1.01534	-0.460985	-8.39208
				}
				{VolumeView "trackr.ply"}
			}
			{bone revolute "wheell2"
				{parameters "id=trackleft;Radius=0.39;"}
				{Matrix34
					-0.973256	0.162814	-0.162064
					-0.174192	-0.0631113	0.982687
					0.149767	0.984636	0.0897843
					36.9045	22.2037	0.943872
				}
				{VolumeView "wheell2.ply"}
			}
			{bone revolute "wheell3"
				{parameters "id=trackleft;Radius=0.39;"}
				{Matrix34
					-0.950977	-0.271949	0.147265
					0.104695	0.164973	0.980726
					-0.291002	0.948065	-0.128414
					14.518	22.537	0.434341
				}
				{VolumeView "wheell3.ply"}
			}
			{bone revolute "wheell4"
				{parameters "id=trackleft;Radius=0.39;"}
				{Matrix34
					-0.992498	0.114673	-0.0424116
					-0.0627671	-0.180197	0.981626
					0.104924	0.976923	0.186043
					-2.59825	22.7918	0.0447674
				}
				{VolumeView "wheell4.ply"}
			}
			{bone revolute "wheell5"
				{parameters "id=trackleft;Radius=0.39;"}
				{Matrix34
					-0.97797	0.187334	-0.0920884
					-0.100558	-0.0362018	0.994272
					0.182927	0.981629	0.0542421
					-19.7861	23.0476	-0.346442
				}
				{VolumeView "wheell5.ply"}
			}
			{bone revolute "wheell6"
				{parameters "id=trackleft;Radius=0.39;"}
				{Matrix34
					-0.925601	-0.378223	-0.0145389
					-0.047468	0.0778856	0.995832
					-0.375514	0.922433	-0.0900444
					-36.8265	23.3013	-0.734292
				}
				{VolumeView "wheell6.ply"}
			}
			{bone revolute "wheelr2"
				{parameters "id=trackright;Radius=0.39;"}
				{Matrix34
					-0.993815	0.0331495	0.105989
					0.100514	-0.137297	0.985417
					0.0472181	0.989975	0.133116
					34.8988	-22.9392	1.88633
				}
				{VolumeView "wheelr2.ply"}
			}
			{bone revolute "wheelr3"
				{parameters "id=trackright;Radius=0.39;"}
				{Matrix34
					-0.982943	-0.175705	-0.0543297
					-0.0829005	0.159601	0.983695
					-0.164169	0.971419	-0.171445
					12.0656	-22.5993	1.36663
				}
				{VolumeView "wheelr3.ply"}
			}
			{bone revolute "wheelr4"
				{parameters "id=trackright;Radius=0.39;"}
				{Matrix34
					-0.981974	0.186242	-0.032261
					-0.0408729	-0.0425862	0.998256
					0.184544	0.981581	0.0494308
					-4.65005	-22.3504	0.986174
				}
				{VolumeView "wheelr4.ply"}
			}
			{bone revolute "wheelr5"
				{parameters "id=trackright;Radius=0.39;"}
				{Matrix34
					-0.978948	-0.147328	-0.141266
					-0.173521	0.23626	0.956071
					-0.10748	0.960456	-0.256851
					-21.6905	-22.0968	0.598324
				}
				{VolumeView "wheelr5.ply"}
			}
			{bone revolute "wheelr6"
				{parameters "id=trackright;Radius=0.39;"}
				{Matrix34
					-0.982724	-0.0829487	-0.16545
					-0.180284	0.226858	0.957096
					-0.0418562	0.970389	-0.237893
					-38.7421	-21.8429	0.210217
				}
				{VolumeView "wheelr6.ply"}
			}
			{bone "wheelsl"
				{parameters "id=trackleft;"}
				{Matrix34
					0.99963	-0.014881	0.0227522
					0.0153712	0.99965	-0.0215217
					-0.022424	0.0218634	0.999509
					0.313492	22.6951	1.07044
				}
				{VolumeView "wheelsl.ply"}
			}
			{bone "wheelsr"
				{parameters "id=trackright;"}
				{Matrix34
					0.99963	-0.014881	0.0227522
					0.0153712	0.99965	-0.0215217
					-0.022424	0.0218634	0.999509
					-0.37683	-22.3666	1.9272
				}
				{VolumeView "wheelsr.ply"}
			}
		}
		{bone "emit2"
			{Matrix34
				0	1	0
				-1	0	0
				0	0	1
				4.36279	-51.6866	0
			}
		}
		{bone "emit1"
			{Matrix34
				0	-1	0
				1	0	0
				0	0	1
				6.59501	50.3114	0
			}
		}
	}
}
{Volume "ammo1"
	{Box 15.6425 13.9825 14.4462}
	{Bone "body"}
	{Matrix34
		0	-1	0
		0	0	1
		-1	0	0
		18.509	-9.82467	9.80521
	}
}
{Volume "ammo2"
	{Box 5.03013 15.3358 15.4585}
	{Bone "body"}
	{Matrix34
		0	-1	0
		0	0	1
		-1	0	0
		-7.00528	-16.6337	8.33904
	}
}
{Volume "ammo3"
	{Box 16.0719 4.04865 11.2871}
	{Bone "turret"}
	{Matrix34
		0	-1	0
		0	0	1
		-1	0	0
		-20.3939	-0.439166	8.43679
	}
}
{Volume "body1"
	{Polyhedron "body1.vol"}
	{Bone "body"}
	{Position 0	-0.135709	3.16338}
}
{Volume "body"
	{Polyhedron "body.vol"}
	{Bone "body"}
	{Position 0	-0.13571	9.41047}
}
{Volume "gun"
	{Cylinder 1.4445 83.6433}
	{Bone "gun"}
	{Matrix34
		0	-1	0
		0	0	1
		-1	0	0
		17.0807	0.00897317	-0.0255895
	}
}
{Volume "shield1"
	{Polyhedron "shield1.vol"}
	{Bone "shield1"}
	{Matrix34
		1	0	0
		0	0	1
		0	-1	0
		2.01537	-0.0538006	-2.60219
	}
}
{Volume "shield2"
	{Polyhedron "shield2.vol"}
	{Bone "shield2"}
	{Matrix34
		1	0	0
		0	0	1
		0	-1	0
		2.01535	0.0961723	-2.60219
	}
}
{Volume "shield3"
	{Polyhedron "shield3.vol"}
	{Bone "shield3"}
	{Matrix34
		1	0	0
		0	0	1
		0	-1	0
		-2.38554	0.12957	-2.38697
	}
}
{Volume "shield4"
	{Polyhedron "shield4.vol"}
	{Bone "shield4"}
	{Matrix34
		1	0	0
		0	0	1
		0	-1	0
		-2.38554	-0.101559	-2.38698
	}
}
{Volume "trackleft"
	{Polyhedron "trackleft.vol"}
	{Bone "body"}
	{Matrix34
		0.99963	-0.014881	0.0227522
		0.0153712	0.99965	-0.0215215
		-0.022424	0.0218633	0.999509
		0.33686	25.9749	2.18891
	}
}
{Volume "trackright"
	{Polyhedron "trackright.vol"}
	{Bone "body"}
	{Matrix34
		0.99963	-0.014881	0.0227522
		0.0153712	0.99965	-0.0215215
		-0.022424	0.0218633	0.999509
		-0.459804	-25.8348	3.30432
	}
}
{Volume "turret2"
	{Polyhedron "turret2.vol"}
	{Bone "turret"}
	{Position -3.07724	-0.058713	1.36109}
}
{Volume "turret"
	{Polyhedron "turret.vol"}
	{Bone "turret"}
	{Position -1.68761	-0.058713	8.80449}
}
