;Exported by: misan
;Date:        Fri Jun 16 14:28:55 2023
;File:        D:\Cold War\ModelWIP\AIRCRAFT\Bomb Run.max
{Skeleton
	{bone "basis"
		{Orientation
			1	0	0
			0	-1	0
			0	0	1
		}
		{bone "rand_rot"
			{bone "attach"
				{Matrix34
					0.996195	0	0.0871557
					0	1	0
					-0.0871557	0	0.996195
					2	0	25
				}
				{bone "body"
					{parameters "id=body;"}
					{Matrix34
						0.996195	0	-0.0871557
						0	1	0
						0.0871557	0	0.996195
						-4.50391	0	24.3613
					}
					{VolumeView "body.ply"}
					{bone "engine"
						{parameters "id=body;"}
						{VolumeView "engine.ply"}
					}
					{bone "wingr1"
						{parameters "id=body;"}
						{Position -14.1699	-42.2064	-5.92493}
						{VolumeView "wingr1.ply"}
						{bone "flapr"
							{parameters "id=body;"}
							{Matrix34
								0.766044	0.642396	0.0224328
								-0.642788	0.765578	0.0267346
								0	-0.0348994	0.999391
								-40.5742	8.63338	0.283325
							}
							{VolumeView "flapr.ply"}
						}
						{bone "wingr2"
							{parameters "id=body;"}
							{Position -78.5713	-32.8531	-2.16785}
							{VolumeView "wingr2.ply"}
							{bone "aileronr"
								{parameters "id=body;"}
								{Matrix34
									0.776673	0.628937	0.0348993
									-0.62932	0.777146	0
									-0.0271219	-0.0219628	0.999391
									-1.77832	2.70259	0.539063
								}
								{VolumeView "aileronr.ply"}
							}
							{bone "wingtipr"
								{Matrix34
									-1	0	0
									0	-1	0
									0	0	1
									-9.88672	-16.4661	0.278076
								}
							}
						}
						{bone "gear_r_door1"
							{parameters "id=body;"}
							{Position -2.29688	3.69971	-0.21936}
							{VolumeView "gear_r_door1.ply"}
						}
						{bone "gear_r_door2"
							{parameters "id=body;"}
							{Position -4.05469	2.01435	-1.68713}
							{VolumeView "gear_r_door2.ply"}
						}
						{bone "shooter00"
							{Position 64.8447	22.0123	2.95593}
						}
						{bone "hardpoint_1"
							{Position -20.7852	-6.34071	-7.05994}
						}
						{bone "hardpoint_5"
							{Position -20.8408	-6.34071	-7.05994}
						}
					}
					{bone "wingl1"
						{parameters "id=body;"}
						{Position -14.5459	42.1974	-5.92505}
						{VolumeView "wingl1.ply"}
						{bone "flapl"
							{parameters "id=body;"}
							{Matrix34
								0.766045	-0.641907	0.0336407
								0.642787	0.764995	-0.0400919
								0	0.052336	0.99863
								-39.7754	-9.03415	0.283691
							}
							{VolumeView "flapl.ply"}
						}
						{bone "wingl2"
							{parameters "id=body;"}
							{Position -78.1758	32.8714	-2.16772}
							{VolumeView "wingl2.ply"}
							{bone "aileronl"
								{parameters "id=body;"}
								{Matrix34
									0.776673	-0.628937	0.0348993
									0.62932	0.777146	0
									-0.0271219	0.0219628	0.999391
									-2.17871	-2.69235	0.53894
								}
								{VolumeView "aileronl.ply"}
							}
							{bone "wingtipl"
								{Matrix34
									-1	0	0
									0	-1	0
									0	0	1
									-9.90723	16.4397	0.27832
								}
							}
						}
						{bone "gear_l_door1"
							{parameters "id=body;"}
							{Position -1.94531	-3.8269	-0.219238}
							{VolumeView "gear_l_door1.ply"}
						}
						{bone "gear_l_door2"
							{parameters "id=body;"}
							{Position -3.66699	-2.0881	-1.68701}
							{VolumeView "gear_l_door2.ply"}
						}
						{bone "shooter01"
							{Position 65.2207	-22.0025	3.02405}
						}
						{bone "hardpoint_2"
							{Position -20.4082	6.39319	-7.16577}
						}
						{bone "hardpoint_6"
							{Position -20.4648	6.39319	-7.16577}
						}
					}
					{bone "elevatorl"
						{parameters "id=body;"}
						{Matrix34
							0.996195	0.0871557	0
							-0.0871557	0.996195	0
							0	0	1
							-135.228	14.0798	-2.47803
						}
						{VolumeView "elevatorl.ply"}
					}
					{bone "elevatorr"
						{parameters "id=body;"}
						{Matrix34
							0.996195	-0.0871557	0
							0.0871557	0.996195	0
							0	0	1
							-135.228	-14.2958	-2.47803
						}
						{VolumeView "elevatorr.ply"}
					}
					{bone "cockpit_glass"
						{parameters "id=body;"}
						{Matrix34
							0	1	0
							0.0871556	0	0.996195
							0.996195	0	-0.0871556
							56.1914	0	15.8174
						}
						{VolumeView "cockpit_glass.ply"}
					}
					{bone "canopy"
						{parameters "id=body;"}
						{Matrix34
							0.996195	0	-0.0871557
							0	1	0
							0.0871557	0	0.996195
							84.4355	0	12.6614
						}
						{VolumeView "canopy.ply"}
						{bone "canopy_glass"
							{parameters "id=body;"}
							{Matrix34
								0	1	0
								0	0	1
								1	0	0
								-28.4102	0	0.682373
							}
							{VolumeView "canopy_glass.ply"}
						}
					}
					{bone "rudder"
						{parameters "id=body;"}
						{Matrix34
							0.656059	0	-0.75471
							0	1	0
							0.75471	0	0.656059
							-155.752	0	36.9219
						}
						{VolumeView "rudder.ply"}
					}
					{bone "gear_f_door2"
						{parameters "id=body;"}
						{Matrix34
							0	0.997564	0.0697566
							0	-0.0697566	0.997564
							1	0	0
							87.9375	3.86549	-14.6748
						}
						{VolumeView "gear_f_door2.ply"}
					}
					{bone "gear_f_door1"
						{parameters "id=body;"}
						{Matrix34
							0	0.997564	-0.0697564
							0	-0.0697564	-0.997564
							-1	0	0
							87.9375	-3.8555	-14.6748
						}
						{VolumeView "gear_f_door1.ply"}
					}
					{bone "hardpoint_3"
						{Position 10.8467	-5.59496	-19.5969}
					}
					{bone "hardpoint_4"
						{Position 10.8477	5.83699	-19.6899}
					}
					{bone "hardpoint_7"
						{Position 10.791	-5.59496	-19.5969}
					}
					{bone "hardpoint_8"
						{Position 10.79	5.83699	-19.6899}
					}
					{bone "fxsmoke1"
						{Matrix34
							-1	0	0
							0	-1	0
							0	0	1
							-153.9	0.104902	1.92017
						}
					}
				}
			}
		}
	}
}
{Volume "body2"
	{Polyhedron "body2.vol"}
	{Bone "body"}
	{Position -32.5371	-0.279058	-4.51758}
}
{Volume "body"
	{Cylinder 17.5752 301.363}
	{Bone "body"}
	{Matrix34
		0	-1	0
		0	0	1
		-1	0	0
		-13.1993	2.45492e-05	0.496192
	}
}
