;Exported by: pk
;Date:        Thu Mar 28 11:40:08 2019
;File:        E:\Chris models\bm-21_grad\bm21_xx_export.max
{Skeleton
	{bone "basis"
		{Orientation
			1	0	0
			0	-1	0
			0	0	1
		}
		{bone "body"
			{parameters "ID=body;"}
			{Position -3.11518	0.354326	30.8089}
			{VolumeView "body.ply"}
			{bone "part1"
				{Matrix34
					-0.691759	0.69826	-0.184128
					-0.722025	-0.664481	0.192729
					0.0122248	0.266267	0.963822
					36.6398	18.872	0.818903
				}
				{VolumeView "part1.ply"}
			}
			{bone "part2"
				{Matrix34
					-0.642788	-0.766044	0
					0.766044	-0.642788	0
					0	0	1
					36.4511	-18.8295	0.40716
				}
				{VolumeView "part2.ply"}
			}
			{bone "engine"
				{parameters "ID=engine;"}
				{Matrix34
					-0.982452	0	-0.186514
					0	-1	0
					-0.186514	0	0.982452
					42.9575	0	9.81535
				}
				{VolumeView "engine.ply"}
			}
			{bone revolute "turret"
				{parameters "ID=turret;"}
				{speed 0.005}
				{Position -38.9966	-0.392197	-0.405474}
				{VolumeView "turret.ply"}
				{bone "gun_rot"
					{Matrix34
						0.906308	-0.408218	-0.109382
						0	-0.258819	0.965926
						-0.422618	-0.875426	-0.234569
						-13.4206	6.84981	2.48587
					}
					{bone revolute "gun"
						{parameters "ID=gun;"}
						{limits -5 20}
						{speed 0.005}
						{Position 0	0	0}
						{VolumeView "gun.ply"}
					}
				}
				{bone "spring"
					{parameters "id=turret;"}
					{Matrix34
						0.906308	-0.422618	0
						0.422618	0.906308	0
						0	0	1
						-13.4206	6.84981	2.48586
					}
					{VolumeView "spring.ply"}
				}
			}
		}
		{bone revolute "pivot_back"
			{Position -52.5377	0.0148638	11.6022}
			{bone prizmatic "suspension_l3"
				{limits -0.3 0.1}
				{Position 27.8115	21.5763	0.485146}
			}
			{bone prizmatic "suspension_l4"
				{limits -0.3 0.1}
				{Position -0.0067215	21.5763	0.485146}
			}
			{bone prizmatic "suspension_r3"
				{limits -0.3 0.1}
				{Position 27.8115	-20.8973	0.485146}
			}
			{bone prizmatic "suspension_r4"
				{limits -0.3 0.1}
				{Position -0.00674057	-20.8973	0.485146}
			}
			{bone revolute "wheell2"
				{parameters "ID=wheelleft2;"}
				{Matrix34
					1	0	0
					0	0	-1
					0	1	0
					27.8115	21.5763	0.485143
				}
				{VolumeView "wheell2.ply"}
			}
			{bone revolute "wheell3"
				{parameters "ID=wheelleft3;"}
				{Matrix34
					1	0	0
					0	0	-1
					0	1	0
					-0.0067215	21.5763	0.485143
				}
				{VolumeView "wheell3.ply"}
			}
			{bone revolute "wheelr2"
				{parameters "ID=wheelright2;"}
				{Matrix34
					1	0	0
					0	0	-1
					0	1	0
					27.8115	-20.8973	0.485143
				}
				{VolumeView "wheelr2.ply"}
			}
			{bone revolute "wheelr3"
				{parameters "ID=wheelright3;"}
				{Matrix34
					1	0	0
					0	0	-1
					0	1	0
					-0.00673676	-20.8973	0.485143
				}
				{VolumeView "wheelr3.ply"}
			}
		}
		{bone "pivot_front"
			{Position 44.9914	0.000766686	12.0777}
			{bone revolute "steer_r1"
				{Matrix34
					-1	0	0
					0	1	0
					0	0	-1
					-0.0140839	-20.8832	0.00964832
				}
				{bone prizmatic "suspension_r1"
					{limits -0.3 0.1}
					{Matrix34
						1	0	0
						0	-1	0
						0	0	-1
						-0.135704	0	-0.223425
					}
				}
				{bone revolute "wheelr1"
					{parameters "ID=wheelright1;"}
					{Matrix34
						-1	0	0
						0	0	1
						0	1	0
						0	0	0
					}
					{VolumeView "wheelr1.ply"}
				}
			}
			{bone revolute "steer_l1"
				{Matrix34
					-1	0	0
					0	1	0
					0	0	-1
					-0.0140724	21.5903	0.00964832
				}
				{bone prizmatic "suspension_l1"
					{limits -0.3 0.1}
					{Matrix34
						1	0	0
						0	-1	0
						0	0	-1
						-0.135715	0	-0.223423
					}
				}
				{bone revolute "wheell1"
					{parameters "ID=wheelleft1;"}
					{Matrix34
						-1	0	0
						0	0	1
						0	1	0
						0	0	0
					}
					{VolumeView "wheell1.ply"}
				}
			}
		}
	}
}
{Volume "body1"
	{Polyhedron "body1.vol"}
	{Bone "body"}
	{Position 43.6222	-0.354295	-17.6115}
}
{Volume "body2"
	{Polyhedron "body2.vol"}
	{Bone "body"}
	{Matrix34
		-1	0	0
		0	0	1
		0	1	0
		0.594409	-5.20501	-3.9326
	}
}
{Volume "body"
	{Polyhedron "body.vol"}
	{Bone "body"}
	{Position 30.9829	-0.354291	-19.0738}
}
{Volume "crew"
	{Box 15.196 33.539 17.4004}
	{Bone "body"}
	{Position 28.0056	-0.354326	9.58957}
}
{Volume "gun"
	{Box 55.8306 33.3773 13.4503}
	{Bone "gun"}
	{Matrix34
		0.979449	0.20169	0
		0	0	-1
		-0.20169	0.97945	0
		18.3848	16.8984	0.291638
	}
}
{Volume "inventory"
	{Box 22.0926 18.1557 6.59338}
	{Bone "body"}
	{Position 51.4932	-0.354324	3.51934}
}
{Volume "part1"
	{Box 16.658 3.80742 27.3763}
	{Bone "part1"}
	{Position 8.83689	0	5.21019}
}
{Volume "part2"
	{Box 16.4213 2.41058 27.2025}
	{Bone "part2"}
	{Position 8.5469	0.0750311	5.46526}
}
{Volume "turret"
	{Box 32.1175 33.1175 9.00682}
	{Bone "turret"}
	{Position 0	0	3.89144}
}
{Volume "wheelleft1"
	{Cylinder 9.84252 9.84252}
	{Bone "wheell1"}
	{Matrix34
		0.991445	0.130525	0
		-0.130525	0.991445	0
		0	0	1
		3.2974e-005	0	-0.442708
	}
}
{Volume "wheelleft2"
	{Cylinder 9.84252 9.84252}
	{Bone "wheell2"}
	{Matrix34
		0.0971362	-0.995271	-1.28746e-005
		0.995271	0.0971362	0
		1.07422e-005	-1.18874e-005	1
		5.85872e-005	-6.51765e-005	-0.41109
	}
}
{Volume "wheelleft3"
	{Cylinder 9.84252 9.84252}
	{Bone "wheell3"}
	{Matrix34
		0.867091	-0.498151	0
		0.498151	0.867091	0
		0	0	1
		0.121697	0.380859	-0.329906
	}
}
{Volume "wheelright1"
	{Cylinder 9.84252 9.84252}
	{Bone "wheelr1"}
	{Matrix34
		-0.793354	-0.608761	0
		0.608761	-0.793354	0
		0	0	1
		-2.11317e-005	0	0.345317
	}
}
{Volume "wheelright2"
	{Cylinder 9.84252 9.84252}
	{Bone "wheelr2"}
	{Matrix34
		1	0	0
		0	1	0
		0	0	1
		0	-1.33186e-005	0.385373
	}
}
{Volume "wheelright3"
	{Cylinder 9.84252 9.84252}
	{Bone "wheelr3"}
	{Matrix34
		1	0	0
		0	1	0
		0	0	1
		0	-1.22899e-005	0.342984
	}
}
