;Exported by: doc
;Date:        Thu Dec 13 12:22:23 2018
;File:        Z:\work\0.KRIS\vehicles3\UH-1 Iroquois\export\uh_1h_xx.max
{Skeleton
	{bone "basis"
		{Orientation
			1	0	0
			0	-1	0
			0	0	1
		}
		{bone "body"
			{parameters "ID=body;"}
			{Position 0	0	0}
			{VolumeView "body.ply"}
			{bone "part3"
				{parameters "ID=body;"}
				{Matrix34
					0.951584	0.304332	0.0432461
					-0.296624	0.946032	-0.130526
					-0.0806355	0.111379	0.990501
					-44.7411	11.0623	14.8524
				}
				{VolumeView "part3.ply"}
			}
			{bone "part4"
				{parameters "ID=body;"}
				{Matrix34
					0.499597	0.865328	0.0401318
					-0.863434	0.501172	-0.0575175
					-0.0698844	-0.00591555	0.997538
					51.2418	-17.4606	18.3604
				}
				{VolumeView "part4.ply"}
			}
			{bone "part2"
				{parameters "ID=body;"}
				{Matrix34
					0.346946	-0.937885	0
					0.0989138	0.0365905	-0.994423
					0.932655	0.345011	0.105465
					30.5634	21.358	31.3322
				}
				{VolumeView "part2.ply"}
			}
			{bone "part1"
				{parameters "ID=body;"}
				{Matrix34
					0.499908	0.865866	0.0191972
					-0.860642	0.499128	-0.100829
					-0.0968863	0.0338833	0.994719
					30.175	-21.7913	23.754
				}
				{VolumeView "part1.ply"}
			}
			{bone "engine"
				{parameters "ID=engine;"}
				{Position -20.8655	0.00514936	48.0459}
				{VolumeView "engine.ply"}
				{bone "rotor"
					{parameters "ID=rotor;"}
					{Matrix34
						0.0185576	-0.999828	0
						0.999828	0.0185576	0
						0	0	1
						20.863	-0.000348472	6.54074
					}
					{VolumeView "rotor.ply"}
					{bone "propeller"
						{parameters "ID=propeller;"}
						{VolumeView "propeller.ply"}
					}
					{bone "propeller1"
						{parameters "ID=propeller1;"}
						{VolumeView "propeller1.ply"}
					}
					{bone "engine_work"
						{Matrix34
							0.887038	-0.461696	0
							0.461696	0.887038	0
							0	0	1
							1.44625e-005	-6.50687e-005	18.5566
						}
						{visibility 0}
						{VolumeView "engine_work.ply"}
					}
				}
				{bone "rotor_b"
					{parameters "ID=rotor_b;"}
					{Matrix34
						0	1	0
						-0.191456	0	0.981501
						0.981501	0	0.191456
						-144.474	-0.00514746	16.0266
					}
					{VolumeView "rotor_b.ply"}
					{bone "rotor_work"
						{Matrix34
							0	-1	0
							0	0	-1
							1	0	0
							7.51302	0.0272751	0.504761
						}
						{visibility 0}
						{VolumeView "rotor_work.ply"}
					}
					{bone "propeller_b"
						{parameters "ID=propeller_b;"}
						{Matrix34
							0	-1	0
							1	0	0
							0	0	1
							6.93593	0.927452	14.5759
						}
						{VolumeView "propeller_b.ply"}
					}
					{bone "propeller_b1"
						{parameters "ID=propeller_b1;"}
						{Matrix34
							0	-1	0
							1	0	0
							0	0	1
							6.93593	-0.87281	-14.589
						}
						{VolumeView "propeller_b1.ply"}
					}
				}
			}
		}
		{bone "pivot_front"
			{Position 43.9549	0	9.72206}
		}
		{bone "pivot_back"
			{Position -10.0914	0	9.72206}
		}
	}
}
{Obstacle "body1"
	{Obb2
		{Center -100.662 0.126928}
		{Extent 51.8484 10.1586}
		{Axis 1 0}
	}
	{Rotate}
	{Rotate}
}
{Obstacle "body2"
	{Obb2
		{Center -153.848 0.126932}
		{Extent 18.6524 4.43931}
		{Axis 1 0}
	}
	{Rotate}
	{Rotate}
}
{Obstacle "body3"
	{Obb2
		{Center 61.444 0.126932}
		{Extent 7.08442 18.0643}
		{Axis 1 0}
	}
	{Rotate}
	{Rotate}
}
{Obstacle "body4"
	{Obb2
		{Center -109.837 -0.00515747}
		{Extent 7.945 33.1638}
		{Axis 1 0}
	}
	{Rotate}
	{Rotate}
}
{Obstacle "body"
	{Obb2
		{Center 3.15688 0.126932}
		{Extent 51.5565 25.5223}
		{Axis 1 0}
	}
	{Rotate}
	{Rotate}
}
{Volume "body1"
	{Polyhedron "body1.vol"}
	{Bone "body"}
	{Position -103.025	-0.126927	10.4191}
}
{Volume "body2"
	{Polyhedron "body2.vol"}
	{Bone "body"}
	{Matrix34
		0.707107	0	-0.707107
		0	1	0
		0.707107	0	0.707107
		-159.162	-0.12693	41.2145
	}
}
{Volume "body3"
	{Polyhedron "body3.vol"}
	{Bone "body"}
	{Position 57.8109	-0.12693	12.1721}
}
{Volume "body4"
	{Box 15.89 66.3276 3.27502}
	{Bone "body"}
	{Position -109.837	0.00515842	30.4455}
}
{Volume "body"
	{Polyhedron "body.vol"}
	{Bone "body"}
	{Position 16.5159	-0.12693	9.32055}
}
{Volume "engine"
	{Polyhedron "engine.vol"}
	{Bone "engine"}
	{Matrix34
		0.99985	0	0.0173064
		0	1	0
		-0.0173064	0	0.99985
		4.64074	-0.00514746	-4.74252
	}
}
{Volume "part1"
	{Box 9.91552 4.65319 25.3914}
	{Bone "part1"}
	{Matrix34
		0.999816	0.00193587	-0.0190994
		0	0.994902	0.100848
		0.0191972	-0.100829	0.994718
		-4.69414	0.0489596	4.88703
	}
}
{Volume "part2"
	{Box 10.3287 3.23138 25.1374}
	{Bone "part2"}
	{Matrix34
		0.985705	0.0177686	0.167539
		-0.168479	0.103957	0.980208
		0	-0.994423	0.105465
		-5.0883	2.95116	-1.26428
	}
}
{Volume "part3"
	{Box 36.0333 4.10386 25.8989}
	{Bone "part3"}
	{Position 17.5118	1.1248	12.6191}
}
{Volume "part4"
	{Box 17.6496 4.65319 25.1374}
	{Bone "part4"}
	{Matrix34
		0.990646	0.1326	-0.0322089
		-0.130421	0.989499	0.062301
		0.0401317	-0.0575175	0.997538
		-8.3416	-1.61595	10.3573
	}
}
{Volume "propeller1"
	{Box 132.329 19.4305 4.0536}
	{Bone "propeller1"}
	{Matrix34
		0.988819	0.0436194	0.142602
		-0.0431728	0.999048	-0.00622611
		-0.142737	0	0.989761
		-73.9947	2.00677	10.2309
	}
}
{Volume "propeller_b1"
	{Box 5.32004 1.01559 24.4967}
	{Bone "propeller_b1"}
	{Matrix34
		-1	0	0
		0	1	0
		0	0	-1
		0	0	0.926671
	}
}
{Volume "propeller_b"
	{Box 5.32004 1.01559 24.4967}
	{Bone "propeller_b"}
	{Position 0	0	-0.781806}
}
{Volume "propeller"
	{Box 82.1766 19.4305 4.0536}
	{Bone "propeller"}
	{Matrix34
		0.998435	0	-0.0559261
		0	1	0
		0.0559261	0	0.998435
		48.972	-4.81133	15.7179
	}
}
{Volume "rotor_b"
	{Box 3.93701 6.65354 3.93701}
	{Bone "rotor_b"}
	{Matrix34
		0	-1	0
		1	0	0
		0	0	1
		7.51302	0.0272751	-0.272707
	}
}
{Volume "rotor"
	{Box 13.7795 13.7795 7.87402}
	{Bone "rotor"}
	{Position 1.39857e-005	-6.49455e-005	17.2312}
}
