;Exported by: misan
;Date:        Thu Jan 19 09:51:50 2023
;File:        D:\Cold War\ModelWIP\USA\M113\M132_Zippo_x.max
{Skeleton
	{bone "basis"
		{Orientation
			1	0	0
			0	-1	0
			0	0	1
		}
		{bone "wheelsr"
			{parameters "id=trackright;"}
			{Matrix34
				0	-1	0
				0	0	1
				-1	0	0
				0	-17.7707	7.62159
			}
			{bone prizmatic "suspension_r4"
				{limits -0.1 0.1}
				{Matrix34
					0	0	-1
					-1	0	0
					0	1	0
					1.63734	-0.423809	11.1367
				}
				{bone revolute "wheelr5"
					{parameters "id=trackright;radius=0.3;"}
					{Matrix34
						0.985327	-0.127273	-0.11372
						-0.0709406	0.300614	-0.951104
						0.155235	0.945216	0.287174
						-0.00594997	-3.10308	-0.099072
					}
					{VolumeView "wheelr5.ply"}
				}
			}
			{bone prizmatic "suspension_r5"
				{limits -0.1 0.1}
				{Matrix34
					0	0	-1
					-1	0	0
					0	1	0
					1.63735	-0.423805	25.4138
				}
				{bone revolute "wheelr6"
					{parameters "id=trackright;radius=0.3;"}
					{Matrix34
						0.979564	-0.0930472	0.178313
						0.144803	-0.289039	-0.946303
						0.13959	0.952785	-0.269659
						0.0256996	-3.10308	-0.0990734
					}
					{VolumeView "wheelr6.ply"}
				}
			}
			{bone prizmatic "suspension_r1"
				{limits -0.1 0.1}
				{Matrix34
					0	0	-1
					-1	0	0
					0	1	0
					1.63734	-0.423815	-30.8631
				}
				{bone revolute "wheelr2"
					{parameters "id=trackright;radius=0.3;"}
					{Matrix34
						0.922893	0.377844	-0.0741781
						-0.0148119	-0.157664	-0.987382
						-0.384771	0.912346	-0.13991
						0.0141487	-3.10308	-0.0990739
					}
					{VolumeView "wheelr2.ply"}
				}
			}
			{bone prizmatic "suspension_r2"
				{limits -0.1 0.1}
				{Matrix34
					0	0	-1
					-1	0	0
					0	1	0
					1.63734	-0.423813	-17.2536
				}
				{bone revolute "wheelr3"
					{parameters "id=trackright;radius=0.3;"}
					{Matrix34
						0.9272	-0.334808	0.167938
						0.130265	-0.132136	-0.982635
						0.351184	0.932976	-0.078903
						-0.00479126	-3.10308	-0.0990734
					}
					{VolumeView "wheelr3.ply"}
				}
			}
			{bone prizmatic "suspension_r3"
				{limits -0.1 0.1}
				{Matrix34
					0	0	-1
					-1	0	0
					0	1	0
					1.63734	-0.423811	-3.05649
				}
				{bone revolute "wheelr4"
					{parameters "id=trackright;radius=0.3;"}
					{Matrix34
						0.854659	0.512648	-0.0821568
						0.143629	-0.385519	-0.911452
						-0.498928	0.767181	-0.403119
						-0.00349092	-3.10308	-0.0990725
					}
					{VolumeView "wheelr4.ply"}
				}
			}
			{bone "fxtracer3"
				{Position 4.81497	-7.66135	25.4856}
			}
			{bone "fxtracer2"
				{Position 4.81497	-7.66136	-0.610054}
			}
			{bone "fxtracer1"
				{Position 4.81496	-7.66136	-30.3486}
			}
			{bone "trackr"
				{parameters "id=trackleft;"}
				{Matrix34
					0	0	-1
					-1	0	0
					0	1	0
					4.71681	0.5606	-2.7212
				}
				{VolumeView "trackr.ply"}
			}
		}
		{bone "wheelsl"
			{parameters "id=trackleft;"}
			{Matrix34
				0	-1	0
				0	0	1
				-1	0	0
				0	17.8035	7.62159
			}
			{bone prizmatic "suspension_l2"
				{limits -0.1 0.1}
				{Matrix34
					0	0	-1
					-1	0	0
					0	1	0
					-2.09829	-0.423813	-17.2536
				}
				{bone revolute "wheell3"
					{parameters "id=trackleft;radius=0.3;"}
					{Matrix34
						0.933237	0.197833	0.299885
						0.251722	0.235497	-0.938711
						-0.25633	0.951527	0.169975
						-0.0048027	2.82457	-0.0990739
					}
					{VolumeView "wheell3.ply"}
				}
			}
			{bone prizmatic "suspension_l1"
				{limits -0.1 0.1}
				{Matrix34
					0	0	-1
					-1	0	0
					0	1	0
					-2.0983	-0.423817	-30.8631
				}
				{bone revolute "wheell2"
					{parameters "id=trackleft;radius=0.3;"}
					{Matrix34
						0.940444	-0.339917	-0.00469874
						0.106584	0.307952	-0.945413
						0.322809	0.888607	0.325841
						0.0141373	2.82457	-0.0990725
					}
					{VolumeView "wheell2.ply"}
				}
			}
			{bone prizmatic "suspension_l4"
				{limits -0.1 0.1}
				{Matrix34
					0	0	-1
					-1	0	0
					0	1	0
					-2.09829	-0.423809	11.1367
				}
				{bone revolute "wheell5"
					{parameters "id=trackleft;radius=0.3;"}
					{Matrix34
						0.919653	-0.255442	-0.298307
						-0.362187	-0.25796	-0.895699
						0.151848	0.931776	-0.329752
						-0.00594997	2.82457	-0.0990729
					}
					{VolumeView "wheell5.ply"}
				}
			}
			{bone prizmatic "suspension_l5"
				{limits -0.1 0.1}
				{Matrix34
					0	0	-1
					-1	0	0
					0	1	0
					-2.09829	-0.423807	25.4138
				}
				{bone revolute "wheell6"
					{parameters "id=trackleft;radius=0.3;"}
					{Matrix34
						0.904062	0.269944	0.331364
						0.272893	0.232112	-0.933624
						-0.32894	0.934481	0.136178
						0.0256882	2.82457	-0.0990725
					}
					{VolumeView "wheell6.ply"}
				}
			}
			{bone prizmatic "suspension_l3"
				{limits -0.1 0.1}
				{Matrix34
					0	0	-1
					-1	0	0
					0	1	0
					-2.09829	-0.423811	-3.05649
				}
				{bone revolute "wheell4"
					{parameters "id=trackleft;radius=0.3;"}
					{Matrix34
						0.986334	-0.114027	0.118928
						0.143827	0.243774	-0.959108
						0.0803728	0.963105	0.256842
						-0.00349355	2.82457	-0.0990734
					}
					{VolumeView "wheell4.ply"}
				}
			}
			{bone "trackl"
				{parameters "id=trackleft;"}
				{Matrix34
					0	0	-1
					-1	0	0
					0	1	0
					-4.73899	0.5606	-2.7212
				}
				{VolumeView "trackl.ply"}
			}
			{bone "fxtracel3"
				{Position -4.69225	-7.66135	25.4856}
			}
			{bone "fxtracel2"
				{Position -4.69226	-7.66136	-0.610052}
			}
			{bone "fxtracel1"
				{Position -4.69226	-7.66136	-30.3486}
			}
		}
		{bone "body"
			{parameters "id=body;"}
			{Position 0	0.0252657	23.4749}
			{VolumeView "body.ply"}
			{bone "detail13"
				{parameters "id=body;"}
				{Position 42.1317	22.5919	2.16088}
				{VolumeView "detail13.ply"}
			}
			{bone "detail12"
				{parameters "id=body;"}
				{Position 44.8284	22.6454	-0.436043}
				{VolumeView "detail12.ply"}
			}
			{bone "cover_driver"
				{parameters "id=body;"}
				{Matrix34
					-0.937234	0.233679	0.258819
					0.241922	0.970296	0
					-0.251131	0.062614	-0.965926
					12.6063	16.1729	14.8588
				}
				{VolumeView "cover_driver.ply"}
			}
			{bone "ramp"
				{parameters "id=body;"}
				{Position -42.1315	0	-15.7404}
				{VolumeView "ramp.ply"}
				{bone "door_rear"
					{parameters "id=body;"}
					{Matrix34
						0.930548	0.34202	0.13078
						-0.338692	0.939693	-0.0476
						-0.139173	0	0.990268
						-3.52948	-2.83069	17.4081
					}
					{VolumeView "door_rear.ply"}
				}
			}
			{bone "cover_back"
				{parameters "id=body;"}
				{Position -30.5479	0.0779877	14.3611}
				{VolumeView "cover_back.ply"}
			}
			{bone "trim"
				{parameters "id=body;"}
				{Matrix34
					0.88667	-0.292371	-0.358238
					0.201914	0.941776	-0.268864
					0.415988	0.166061	0.894079
					50.9463	-0.870753	-7.83135
				}
				{VolumeView "trim.ply"}
			}
			{bone revolute "wheelr1"
				{parameters "id=trackright;radiu=0.22;"}
				{Matrix34
					1	0	0
					0	0	-1
					0	1	0
					43.7472	-22.4407	-12.2451
				}
				{VolumeView "wheelr1.ply"}
			}
			{bone revolute "wheelr7"
				{parameters "id=trackright;radius=0.2;"}
				{Matrix34
					1	0	0
					0	0	-1
					0	1	0
					-38.5264	-22.5099	-13.6357
				}
				{VolumeView "wheelr7.ply"}
			}
			{bone revolute "wheell1"
				{parameters "id=trackleft;radius=0.22;"}
				{Matrix34
					1	0	0
					0	0	-1
					0	1	0
					43.7472	22.4979	-12.2451
				}
				{VolumeView "wheell1.ply"}
			}
			{bone revolute "wheell7"
				{parameters "id=trackleft;radius=0.2;"}
				{Matrix34
					1	0	0
					0	0	-1
					0	1	0
					-38.5264	22.5357	-13.6357
				}
				{VolumeView "wheell7.ply"}
			}
			{bone "visor2"
				{Position 24.909	14.4303	16.3048}
			}
			{bone "headlightl"
				{Position 37.645	20.1112	10.8874}
			}
			{bone "headlightr"
				{Position 37.645	-20.8133	10.8874}
			}
			{bone "fxsmoke1"
				{Matrix34
					-0.422619	0	0.906308
					0	1	0
					-0.906308	0	-0.422619
					28.1553	-24.7307	13.4926
				}
			}
			{bone "fxfire1"
				{Position 21.5829	-11.1153	2.89083}
			}
			{bone "fxstop2"
				{Matrix34
					-1	0	0
					0	0	1
					0	1	0
					-45.6335	-23.2975	8.62976
				}
			}
			{bone "fxstop1"
				{Matrix34
					-1	0	0
					0	0	1
					0	1	0
					-45.6335	23.4722	8.62976
				}
			}
			{bone "engine"
				{parameters "id=engine;"}
				{Position 21.6867	-11.0136	13.0237}
				{VolumeView "engine.ply"}
			}
			{bone revolute "turret"
				{parameters "id=turret;"}
				{Position -0.28285	-0.0262499	18.9126}
				{VolumeView "turret.ply"}
				{bone revolute "gun_rot"
					{limits -5 30}
					{Matrix34
						1	0	0
						0	0	1
						0	-1	0
						9.4718	0.000984192	-0.154076
					}
					{bone "mg"
						{parameters "id=turret;"}
						{Matrix34
							1	0	0
							0	0	-1
							0	1	0
							14.1944	0.0513916	2.52225
						}
						{VolumeView "mg.ply"}
						{bone "foresight5"
							{Position -0.163696	-0.027637	-0.0802307}
						}
					}
					{bone "gun"
						{parameters "id=turret;"}
						{Matrix34
							1	0	0
							0	0	-1
							0	1	0
							-0.0246334	0.0137291	-2.46459
						}
						{VolumeView "gun.ply"}
						{bone "foresight1"
							{Position 25.7131	0.00139284	0.123405}
						}
					}
					{bone "mantlet"
						{parameters "id=turret;"}
						{Matrix34
							1	0	0
							0	0	-1
							0	1	0
							2.22609	-0.0189285	0.000980377
						}
						{VolumeView "mantlet.ply"}
					}
				}
				{bone "visor1"
					{Position 6.02414	0.00950634	4.31657}
				}
				{bone "cover_turret"
					{parameters "id=turret;"}
					{Matrix34
						-0.237477	0.0461608	0.970296
						0.190809	0.981627	0
						-0.952469	0.185141	-0.241922
						-10.3494	3.35983	-2.39417
					}
					{VolumeView "cover_turret.ply"}
				}
			}
			{bone "tanks"
				{parameters "id=body;"}
				{Position -16.6879	2.98416	-2.98431}
				{VolumeView "tanks.ply"}
			}
		}
		{bone "emit2"
			{Matrix34
				0	1	0
				-1	0	0
				0	0	1
				-2.96045	-49.1493	0
			}
		}
		{bone "emit1"
			{Matrix34
				0	-1	0
				1	0	0
				0	0	1
				-0.445074	47.5417	0
			}
		}
		{bone "emit0"
			{Matrix34
				0	-1	0
				1	0	0
				0	0	1
				22.5832	47.6278	0
			}
		}
		{bone "emit3"
			{Position -65.326	-7.24659	0}
		}
		{bone "emit4"
			{Position -65.1791	7.40131	0}
		}
	}
}
{Volume "ammo"
	{Box 29.5426 21.4676 33.2846}
	{Bone "body"}
	{Matrix34
		0	-1	0
		0	0	1
		-1	0	0
		-20.9207	0.664146	-2.16871
	}
}
{Volume "body1"
	{Polyhedron "body1.vol"}
	{Bone "body"}
	{Position 1.65079	-0.0769322	3.15702}
}
{Volume "body2"
	{Polyhedron "body2.vol"}
	{Bone "body"}
	{Position 3.10682	-0.417305	-11.3586}
}
{Volume "engine"
	{Box 23.2003 14.532 19.2486}
	{Bone "body"}
	{Matrix34
		-1	0	0
		0	0	1
		0	1	0
		20.5846	-10.8566	2.52064
	}
}
{Volume "fuel1"
	{Box 11.0902 14.0221 6.62865}
	{Bone "body"}
	{Matrix34
		-1	0	0
		0	0	1
		0	1	0
		-36.3944	-22.1842	4.10181
	}
}
{Volume "fuel2"
	{Box 11.0902 14.0221 6.62865}
	{Bone "body"}
	{Matrix34
		-1	0	0
		0	0	1
		0	1	0
		-36.3944	21.8267	4.10181
	}
}
{Volume "gun"
	{Box 3.29892 1.96951 22.6788}
	{Bone "gun"}
	{Matrix34
		0	-1	0
		0	0	1
		-1	0	0
		14.3886	0.0408859	0.119926
	}
}
{Volume "mantlet"
	{Cylinder 3.03815 12.676}
	{Bone "turret"}
	{Matrix34
		-1	0	0
		0	0	1
		0	1	0
		9.62827	0.400148	-0.0520859
	}
}
{Volume "trackleft"
	{Polyhedron "trackleft.vol"}
	{Bone "wheelsl"}
	{Matrix34
		0	0	-1
		-1	0	0
		0	1	0
		-4.74258	0.801252	-2.66289
	}
}
{Volume "trackright"
	{Polyhedron "trackright.vol"}
	{Bone "wheelsr"}
	{Matrix34
		0	0	-1
		-1	0	0
		0	1	0
		4.6772	0.801254	-2.66289
	}
}
{Volume "transmission"
	{Cylinder 4.31345 34.2905}
	{Bone "body"}
	{Matrix34
		-1	0	0
		0	0	1
		0	1	0
		-37.0955	-0.0851774	-11.705
	}
}
{Volume "turret"
	{Polyhedron "turret.vol"}
	{Bone "turret"}
	{Position -0.0666258	0.148777	-4.80719}
}
