;Exported by: misan
;Date:        Sat Feb 18 08:45:18 2023
;File:        D:\Cold War\ModelWIP\USSR\KRAZ-255\KRAZ-255 XX.max
{Skeleton
	{bone "basis"
		{Orientation
			1	0	0
			0	-1	0
			0	0	1
		}
		{bone "body"
			{parameters "id=body;"}
			{Matrix34
				0.999668	0.000424845	-0.0257571
				0.00042468	0.999456	0.0329677
				0.0257571	-0.0329677	0.999125
				-4.39044	0.00947167	17.2543
			}
			{VolumeView "body.ply"}
			{bone "door_left"
				{Matrix34
					0.939693	-0.34202	0
					0.34202	0.939693	0
					0	0	1
					41.8108	17.7745	23.965
				}
				{VolumeView "door_left.ply"}
			}
			{bone "door_right"
				{Matrix34
					0.358368	0.93358	0
					-0.933581	0.358368	0
					0	0	1
					41.8108	-17.7746	23.965
				}
				{VolumeView "door_right.ply"}
			}
			{bone "engine"
				{parameters "id=engine;"}
				{VolumeView "engine.ply"}
			}
			{bone "steering"
				{Position 37.7012	9.7611	24.0951}
				{VolumeView "steering.ply"}
			}
			{bone "fxsmoke"
				{Matrix34
					0	0.866025	-0.5
					-1	0	0
					0	0.5	0.866025
					-7.22103	14.9091	-2.07582
				}
			}
			{bone "commander"
				{Position 30.7371	-10.1619	9.08612}
			}
			{bone "driver"
				{Position 30.7371	9.84105	9.08612}
			}
			{bone "headlightl"
				{Matrix34
					0	1	0
					0	0	1
					1	0	0
					75.2442	14.5399	12.6258
				}
			}
			{bone "headlightr"
				{Matrix34
					0	1	0
					0	0	1
					1	0	0
					75.2442	-14.5093	12.6258
				}
			}
			{bone "fxfire1"
				{Position 60.096	-0.0094716	16.7867}
			}
			{bone "link2"
				{Matrix34
					-1	0	0
					0	-1	0
					0	0	1
					-76.9188	-0.00947171	0.829668
				}
			}
			{bone "bodyback"
				{parameters "id=body;"}
				{Position 20.3488	0	-12.5263}
				{VolumeView "bodyback.ply"}
				{bone "backdoor"
					{parameters "id=body;"}
					{Matrix34
						-0.927184	0	0.374607
						0	1	0
						-0.374607	0	-0.927184
						-96.4911	-0.104604	25.5384
					}
					{VolumeView "backdoor.ply"}
				}
				{bone "fxstop1"
					{Matrix34
						-1	0	0
						0	-1	0
						0	0	1
						-95.0205	21.351	21.1793
					}
				}
				{bone "fxstop2"
					{Matrix34
						-1	0	0
						0	-1	0
						0	0	1
						-95.0205	-21.2987	21.1793
					}
				}
			}
		}
		{bone "pivot_back"
			{Position -39.8382	0	11.613}
			{bone prizmatic "suspension_l2"
				{Position 12.1966	16.5151	0}
				{bone revolute "wheell2"
					{parameters "id=wheelleft2;"}
					{Matrix34
						0.995063	0.0353783	-0.0927242
						-0.0813916	-0.243699	-0.96643
						-0.0567874	0.969205	-0.239616
						0.0321541	2.47289	0.124977
					}
					{VolumeView "wheell2.ply"}
				}
			}
			{bone prizmatic "suspension_r2"
				{Position 12.1966	-16.4515	0}
				{bone revolute "wheelr2"
					{parameters "id=wheelright2;"}
					{Matrix34
						0.976627	-0.201343	-0.0752378
						-0.0306276	0.216109	-0.975889
						0.212748	0.955384	0.204891
						0.0321579	-2.46667	0.124977
					}
					{VolumeView "wheelr2.ply"}
				}
			}
			{bone prizmatic "suspension_l3"
				{Position -12.4179	16.5151	0}
				{bone revolute "wheell3"
					{parameters "id=wheelleft2;"}
					{Matrix34
						0.983095	-0.182925	0.00796882
						0.0662988	0.315066	-0.946751
						0.170674	0.931274	0.321867
						0.0946274	2.47289	0.124978
					}
					{VolumeView "wheell3.ply"}
				}
			}
			{bone prizmatic "suspension_r3"
				{Position -12.4179	-16.4515	0}
				{bone revolute "wheelr3"
					{parameters "id=wheelright3;"}
					{Matrix34
						0.989035	-0.143348	0.0355131
						0.0424325	0.0455043	-0.998063
						0.141454	0.988626	0.051088
						0.0946274	-2.46667	0.124978
					}
					{VolumeView "wheelr3.ply"}
				}
			}
			{bone "fxtracel2"
				{Matrix34
					-1	0	0
					0	0	1
					0	1	0
					12.1059	18.8143	-11.613
				}
			}
			{bone "fxtracel3"
				{Matrix34
					-1	0	0
					0	0	1
					0	1	0
					-12.3443	18.8143	-11.613
				}
			}
			{bone "fxtracer2"
				{Matrix34
					-1	0	0
					0	0	1
					0	1	0
					12.1059	-18.8036	-11.613
				}
			}
			{bone "fxtracer3"
				{Matrix34
					-1	0	0
					0	0	1
					0	1	0
					-12.3442	-18.8036	-11.613
				}
			}
		}
		{bone "pivot_front"
			{Position 57.5631	0	11.613}
			{bone revolute "steer_l1"
				{limits -25 25}
				{Matrix34
					1	0	0
					0	-1	0
					0	0	-1
					-1.14441e-05	16.5151	0.126574
				}
				{bone prizmatic "suspension_l1"
					{Matrix34
						1	0	0
						0	-1	0
						0	0	-1
						0	0	0.126574
					}
					{bone revolute "wheell1"
						{parameters "id=wheelleft1;"}
						{Matrix34
							0.992452	-0.111028	0.0520752
							0.0807492	0.272052	-0.958889
							0.0922963	0.955856	0.278964
							-0.0181122	2.47288	0.124977
						}
						{VolumeView "wheell1.ply"}
					}
				}
			}
			{bone revolute "steer_r1"
				{limits -25 25}
				{Matrix34
					1	0	0
					0	-1	0
					0	0	-1
					1.14441e-05	-16.4515	0.126574
				}
				{bone prizmatic "suspension_r1"
					{Matrix34
						1	0	0
						0	-1	0
						0	0	-1
						0	0	0.126574
					}
				}
			}
			{bone "fxtracel1"
				{Matrix34
					-1	0	0
					0	0	1
					0	1	0
					-0.111053	18.8143	-11.613
				}
			}
			{bone "fxtracer1"
				{Matrix34
					-1	0	0
					0	0	1
					0	1	0
					-0.111042	-18.8036	-11.613
				}
			}
		}
		{bone "emit2"
			{Matrix34
				0	1	0
				-1	0	0
				0	0	1
				27.1819	-40.7613	0
			}
		}
		{bone "emit1"
			{Matrix34
				0	-1	0
				1	0	0
				0	0	1
				27.1819	38.4529	0
			}
		}
		{bone "emit4"
			{Position -101.818	-12.6872	0}
		}
		{bone "emit3"
			{Position -101.2	11.0389	0}
		}
	}
}
{Volume "body1"
	{Polyhedron "body1.vol"}
	{Bone "body"}
	{Position 61.3961	-0.00947165	13.471}
}
{Volume "body2"
	{Polyhedron "body2.vol"}
	{Bone "body"}
	{Position 32.0247	-0.00947136	20.0935}
}
{Volume "body3"
	{Box 85.3877 56.3428 9.79229}
	{Bone "bodyback"}
	{Position -53.646	-0.099021	28.7495}
}
{Volume "body4"
	{Box 24.2093 7.77633 97.3479}
	{Bone "body"}
	{Matrix34
		0	1	0
		0	0	1
		1	0	0
		-27.8662	-0.0191884	4.87174
	}
}
{Volume "engine"
	{Box 24.3984 13.8978 17.5112}
	{Bone "body"}
	{Position 60.4952	-0.589195	12.4257}
}
{Volume "fuel1"
	{Cylinder 3.94246 17.9725}
	{Bone "body"}
	{Matrix34
		0	1	0
		0	0	1
		1	0	0
		2.09762	-16.9657	3.16191
	}
}
{Volume "fuel2"
	{Cylinder 3.94246 17.9725}
	{Bone "body"}
	{Matrix34
		0	1	0
		0	0	1
		1	0	0
		2.09762	16.6632	3.16191
	}
}
{Volume "hole1"
	{Box 31.9547 8.30319 21.1461}
	{Bone "body"}
	{Matrix34
		0	1	0
		0	0	1
		1	0	0
		33.9705	-0.00947119	30.1733
	}
}
{Volume "hole2"
	{Box 9.68897 7.87229 41.9124}
	{Bone "body"}
	{Matrix34
		-1	0	0
		0	0	1
		0	1	0
		33.5102	-0.00947362	29.1066
	}
}
{Volume "hole3"
	{Box 80.8017 52.1935 8.9537}
	{Bone "bodyback"}
	{Position -53.5364	-0.426595	30.2577}
}
{Volume "shield1"
	{Box 8.9537 12.8846 18.414}
	{Bone "body"}
	{Position 15.2273	14.3358	14.5895}
}
{Volume "transmission"
	{Cylinder 4.8574 101.745}
	{Bone "body"}
	{Matrix34
		0	1	0
		0	0	1
		1	0	0
		11.0467	-0.385981	0.48668
	}
}
{Volume "wheelleft1"
	{Cylinder 11.9792 9.59436}
	{Bone "wheell1"}
	{Matrix34
		-1	0	0
		0	-1	0
		0	0	1
		-0.0682023	0.0653857	-0.0994091
	}
}
{Volume "wheelleft2"
	{Cylinder 11.9792 9.59436}
	{Bone "wheell2"}
	{Matrix34
		-1	0	0
		0	-1	0
		0	0	1
		0.00910262	0.0653844	-0.0994029
	}
}
{Volume "wheelleft3"
	{Cylinder 11.9792 9.59436}
	{Bone "wheell3"}
	{Matrix34
		-1	0	0
		0	-1	0
		0	0	1
		-0.0539695	0.0657158	-0.0994105
	}
}
{Volume "wheelright2"
	{Cylinder 11.9792 9.59436}
	{Bone "wheelr2"}
	{Matrix34
		-1	0	0
		0	-1	0
		0	0	1
		0.00894037	0.0655493	0.0671196
	}
}
{Volume "wheelright3"
	{Cylinder 11.9792 9.59436}
	{Bone "wheelr3"}
	{Matrix34
		-1	0	0
		0	-1	0
		0	0	1
		-0.0533022	0.0658823	0.0671215
	}
}
