;Exported by: Alexey
;Date:        Wed Oct 07 17:21:23 2009
;File:        D:\Documents and Settings\Alexey\Рабочий стол\Models_For_WiW\cannon\m338\m-338.max
{Skeleton
	{animation
		{sequence "fire" {speed 0.6}}
	}
	{bone "basis"
		{Orientation
			1	0	0
			0	-1	0
			0	0	1
		}
		{bone "emit2"
			{Matrix34
				0.112609	0.993639	0
				-0.993639	0.112609	0
				0	0	1
				-1.38104	-18.8133	0.210129
			}
		}
		{bone "emit1"
			{Matrix34
				0.140095	-0.990138	0
				0.990138	0.140095	0
				0	0	1
				-2.22671	16.9888	0.210129
			}
		}
		{bone "emit3"
			{Matrix34
				0.517698	0.855563	0
				-0.855563	0.517698	0
				0	0	1
				-12.1607	-10.7255	-0.0204214
			}
		}
		{bone "emit4"
			{Matrix34
				0.399695	-0.916648	0
				0.916648	0.399695	0
				0	0	1
				-12.1607	9.40158	-0.0204214
			}
		}
		{bone "body"
			{Position -0.161025	-0.0185628	12.1374}
			{VolumeView "body.ply"}
			{bone "opora1"
				{Position -11.1885	0.0349235	-4.11849}
				{VolumeView "opora1.ply"}
			}
			{bone "opora2"
				{Position 5.85546	-9.84947	-4.11849}
				{VolumeView "opora2.ply"}
			}
			{bone "opora3"
				{Position 5.8936	9.85325	-4.11849}
				{VolumeView "opora3.ply"}
			}
			{bone revolute "turret"
				{Position 0.174858	0.0025306	5.01925}
				{VolumeView "turret.ply"}
				{bone revolute "gun_rot"
					{Matrix34
						1	0	0
						0	0	-1
						0	1	0
						-7.79689	0.0160353	6.93107
					}
					{VolumeView "gun_rot.ply"}
					{bone "visor"
						{Matrix34
							1	0	0
							0	0	1
							0	-1	0
							19.2138	5.05626	-5.13422
						}
					}
					{bone "visor2"
						{Matrix34
							1	0	0
							0	0	1
							0	-1	0
							19.3008	5.05626	5.88847
						}
					}
					{bone "fxshot"
						{Matrix34
							-0.931333	0.364168	0
							0	0	-1
							-0.364168	-0.931333	0
							-22.9535	8.78661	-0.130235
						}
					}
					{bone "shooter00"
						{Matrix34
							0.935249	-0.353988	0.00118787
							-0.00207345	-0.00883379	-0.999959
							-0.353984	-0.935208	0.00899566
							33.7432	-13.2416	2.64853
						}
						{bone "foresight1"
							{Matrix34
								0.999668	0.00141899	0.0257345
								0.00118781	-0.999959	0.0089961
								-0.0257463	0.00896254	0.999628
								0.835403	2.78261	0.304651
							}
						}
						{bone "rocket"
							{Matrix34
								0.999955	0.00127325	0.00941277
								0.00118858	-0.999959	0.00899582
								-0.00942391	0.00898422	0.999915
								5.86845	2.68381	0.0026474
							}
							{VolumeView "rocket.ply"}
						}
					}
					{bone prizmatic "vint"
						{Matrix34
							1	0	0
							0	0	1
							0	-1	0
							12.9383	3.44648	-0.00126437
						}
						{VolumeView "vint.ply"}
					}
				}
			}
		}
		{bone "gunner"
			{Position -10.37986	9.36369	0}
		}
		{bone "commander"
			{Position -37.47242	18.6299	0}
		}
		{bone "charger"
			{Position -35.9298	-13.2102	0}
		}
		{bone "charger2"
			{Position -50.61812	-13.235	0}
		}
		{bone "driver1"
			{Position -0.37986	9.36369	0}
		}
		{bone "driver2"
			{Position -22.47242	9.6299	0}
		}
		{bone "driver3"
			{Position -25.9298	-0.2102	0}
		}
		{bone "driver4"
			{Position -10.61812	-13.235	0}
		}
	}
}
{Obstacle "body1"
	{Obb2
		{Center 5.27371 8.59584}
		{Extent 10.1828 0.908411}
		{Axis 0.50046 0.86576}
	}
	{Rotate}
	{Tags  "gun"}
}
{Obstacle "body2"
	{Obb2
		{Center 5.27386 -9.18999}
		{Extent 0.931147 10.1847}
		{Axis 0.866158 0.49977}
	}
	{Rotate}
	{Tags  "gun"}
}
{Obstacle "body3"
	{Obb2
		{Center -10.5229 -0.136962}
		{Extent 10.18 0.875003}
		{Axis 1 0}
	}
	{Rotate}
	{Tags  "gun"}
}
{Obstacle "gun1"
	{Obb2
		{Center 22.5417 0.399071}
		{Extent 11.6574 1.65425}
		{Axis 1 0}
	}
	{Rotate}
	{Tags  "gun"}
}
{Obstacle "gun"
	{Obb2
		{Center -1.00652 0.123657}
		{Extent 27.5872 3.16414}
		{Axis 1 0}
	}
	{Rotate}
	{Tags  "gun"}
}
{Obstacle "rocket00"
	{Obb2
		{Center 31.7286 0.123669}
		{Extent 9.55393 4.91114}
		{Axis 1 0}
	}
	{Rotate}
	{Tags  "gun"}
}
{Obstacle "turret1"
	{Obb2
		{Center 0.166066 0.0877399}
		{Extent 7.38049 3.74422}
		{Axis 1 0}
	}
	{Rotate}
	{Tags  "gun"}
}
{Volume "body1"
	{Polyhedron "body1.vol"}
	{Bone "body"}
	{Matrix34
		-0.497616	0.867398	0
		0	0	1
		0.867398	0.497616	0
		3.66262	-7.24667	-4.2626
	}
}
{Volume "body2"
	{Polyhedron "body2.vol"}
	{Bone "body"}
	{Matrix34
		-0.494984	-0.868902	0
		0	0	1
		-0.868902	0.494984	0
		5.18738	7.00636	-4.2626
	}
}
{Volume "body3"
	{Polyhedron "body3.vol"}
	{Bone "body"}
	{Matrix34
		1	0	0
		0	0	1
		0	-1	0
		-8.3259	1.03052	-4.2626
	}
}
{Volume "gun1"
	{Polyhedron "gun1.vol"}
	{Bone "gun_rot"}
	{Matrix34
		0.923178	-0.384373	0
		-0.384372	-0.923178	0
		0	0	-1
		30.58	-4.84263	1.25518
	}
}
{Volume "gun"
	{Polyhedron "gun.vol"}
	{Bone "gun_rot"}
	{Matrix34
		0	0	-1
		-0.371631	-0.92838	0
		-0.92838	0.371631	0
		7.78306	-3.25556	-0.123663
	}
}
{Volume "rocket"
	{Polyhedron "rocket.vol"}
	{Bone "rocket"}
	{Matrix34
		0	-1	0
		-0.00950924	0	0.999955
		-0.999955	0	-0.00950897
		0.347637	-0.0954799	0.103153
	}
}
{Volume "turret1"
	{Polyhedron "turret1.vol"}
	{Bone "turret"}
	{Matrix34
		1	0	0
		0	0	1
		0	-1	0
		0.152233	0.256071	2.19609
	}
}
