;Exported by: misan
;Date:        Sun Dec 11 06:26:29 2022
;File:        D:\Cold War\ModelWIP\USSR\D-20\D-20.max
{Skeleton
	{bone revolute "basis"
		{Orientation
			1	0	0
			0	-1	0
			0	0	1
		}
		{bone "pivot_front"
			{Matrix34
				1	0	0
				0	0	1
				0	-1	0
				9.02352	0	8.72779
			}
		}
		{bone "body"
			{parameters "id=body;"}
			{Matrix34
				0.999847	0	-0.0175167
				0	1	0
				0.0175167	0	0.999847
				9.52178	0.0282117	11.2473
			}
			{VolumeView "body.ply"}
			{bone "standr"
				{parameters "id=body;"}
				{Matrix34
					-0.414134	0.906308	-0.0842566
					-0.888113	-0.422619	-0.180688
					-0.199368	0	0.979925
					-5.2666	-8.53672	1.80868
				}
				{VolumeView "standr.ply"}
				{bone "seat3"
					{Matrix34
						-0.992342	0.0862704	-0.0884059
						-0.0875387	-0.996105	0.0105657
						-0.0871501	0.0182238	0.996029
						2.876	32.8707	-10.0637
					}
				}
				{bone "seat2"
					{Matrix34
						-0.996195	0	-0.0871557
						-0.00152747	-0.999847	0.0174502
						-0.0871424	0.0175169	0.996042
						2.0024	15.9308	-9.76692
					}
				}
			}
			{bone "standl"
				{parameters "id=body;"}
				{Matrix34
					0.414134	0.906308	0.0842568
					-0.888113	0.422619	-0.180689
					-0.199368	0	0.979925
					-5.26526	8.08924	1.80868
				}
				{VolumeView "standl.ply"}
				{bone "seat4"
					{Matrix34
						0.996195	0	-0.0871558
						-0.00152553	0.999847	-0.01745
						0.0871424	0.0175166	0.996042
						-2.40569	35.9354	-10.1196
					}
				}
				{bone "seat1"
					{Matrix34
						0.992467	-0.0880152	-0.0852275
						0.0861127	0.995952	-0.0257567
						0.0871494	0.0182235	0.996029
						-1.9997	17.0971	-9.69909
					}
				}
			}
			{bone revolute "turret"
				{parameters "id=turret;"}
				{limits -15 15}
				{Matrix34
					0.201092	0.978398	0.0479433
					-0.979571	0.200924	0.00835073
					-0.00146262	-0.0486432	0.998815
					-1.71444	-0.0161592	1.1596
				}
				{VolumeView "turret.ply"}
				{bone revolute "gun_rot"
					{parameters "id=gun;"}
					{Matrix34
						-0.0516123	-0.998562	-0.0145046
						0.0469111	-0.016932	0.998756
						-0.997565	0.0508676	0.0477175
						1.77275	10.308	15.7817
					}
					{VolumeView "gun_rot.ply"}
					{bone "gun"
						{parameters "id=gun;"}
						{Matrix34
							1	0	0
							0	0	-1
							0	1	0
							38.2597	-0.587801	1.79121
						}
						{VolumeView "gun.ply"}
						{bone "breech"
							{parameters "id=gun;"}
							{Matrix34
								0.999847	-7.68121e-05	0.0175167
								-0.00023016	0.999847	0.0175157
								-0.0175153	-0.017517	0.999693
								-42.3116	-0.00268877	-0.865515
							}
							{VolumeView "breech.ply"}
						}
					}
					{bone "fx_invers"
						{Matrix34
							-0.999847	-0.0175172	0
							0	0	1
							-0.0175172	0.999847	0
							-12.4691	-0.471067	1.7848
						}
					}
				}
			}
			{bone revolute "wheelr1"
				{parameters "id=wheelright;"}
				{Matrix34
					-0.0759356	0.167081	0.983015
					-0.996935	-0.0313517	-0.0716821
					0.0188424	-0.985444	0.16895
					-0.529023	-16.5938	-0.781883
				}
				{VolumeView "wheelr1.ply"}
			}
			{bone revolute "wheell1"
				{parameters "id=wheelleft;"}
				{Matrix34
					0.00241393	-0.0522625	0.99863
					-0.993576	0.112862	0.00830824
					-0.113141	-0.992235	-0.0516543
					-0.529023	16.3659	-0.781886
				}
				{VolumeView "wheell1.ply"}
			}
		}
		{bone "charger"
			{Position -23.4627	-9.75013	0}
		}
		{bone "charger2"
			{Position -46.5872	-13.9225	0}
		}
		{bone "commander"
			{Position -50.1362	13.3114	0}
		}
		{bone "driver1"
			{Position -9.13556	16.5816	0}
		}
		{bone "driver2"
			{Position -9.02765	-16.828	0}
		}
		{bone "driver3"
			{Position -29.9755	-16.4278	0}
		}
		{bone "driver4"
			{Position -29.7068	15.8652	0}
		}
		{bone "emit1"
			{Position -29.6321	42.8566	0}
		}
		{bone "emit2"
			{Position -23.9798	-44.8392	0}
		}
		{bone "emit3"
			{Position -70.7809	-31.6029	0}
		}
		{bone "emit4"
			{Position -63.1549	28.4761	0}
		}
		{bone "link1"
			{Matrix34
				-1	0	0
				0	0	1
				0	1	0
				-60.9851	0	12.9725
			}
		}
		{bone "gunner"
			{Position -20.5723	13.2539	0}
		}
	}
}
{Volume "body"
	{Box 21.9312 9.07776 11.1665}
	{Bone "body"}
	{Matrix34
		0	-1	0
		-0.0175171	0	0.999846
		-0.999846	0	-0.0175171
		-2.51459	-0.133897	-0.276403
	}
}
{Volume "gun1"
	{Box 9.12116 10.7415 33.5558}
	{Bone "gun_rot"}
	{Matrix34
		0	0	1
		-0.0175169	0.999847	0
		-0.999846	-0.0175169	0
		3.18569	0.559812	1.72142
	}
}
{Volume "gun2"
	{Cylinder 2.72254 55.6192}
	{Bone "gun"}
	{Matrix34
		0	-1	0
		-0.017517	0	0.999847
		-0.999847	0	-0.0175169
		7.16839	0.00641676	-0.375051
	}
}
{Volume "shieldl1"
	{Polyhedron "shieldl1.vol"}
	{Bone "turret"}
	{Matrix34
		-1	0	0
		0	0.515093	0.857134
		0	0.857134	-0.515094
		10.4878	1.18027	17.1911
	}
}
{Volume "shieldl2"
	{Polyhedron "shieldl2.vol"}
	{Bone "turret"}
	{Matrix34
		-1	0	0
		0	0.275699	0.961244
		0	0.961244	-0.275699
		8.69728	-3.17309	7.20908
	}
}
{Volume "shieldr1"
	{Polyhedron "shieldr1.vol"}
	{Bone "turret"}
	{Matrix34
		0	-0.999847	0.0175167
		1	0	0
		0	0.0175167	0.999847
		-10.6796	1.18027	17.1911
	}
}
{Volume "shieldr2"
	{Polyhedron "shieldr2.vol"}
	{Bone "turret"}
	{Matrix34
		0	-0.999847	0.0175167
		1	0	0
		0	0.0175167	0.999847
		-8.3408	-3.15969	7.20885
	}
}
{Volume "shieldt"
	{Box 7.35058 5.06941 0.28117}
	{Bone "gun_rot"}
	{Matrix34
		0	0	1
		-0.515093	0.857134	0
		-0.857134	-0.515094	0
		5.24478	7.75448	1.95076
	}
}
{Volume "standl"
	{Box 70 6.25 7.5}
	{Bone "standl"}
	{Matrix34
		0.0406927	-0.999163	-0.00429963
		0.999172	0.0406967	-0.000712878
		0.000887216	-0.00426707	0.999991
		-2.40225	31.791	-0.761629
	}
}
{Volume "standr"
	{Box 69.9998 6.25 7.5}
	{Bone "standr"}
	{Matrix34
		-0.0397908	-0.999199	-0.00429915
		0.999208	-0.0397943	0.000697121
		-0.000867606	-0.00426796	0.999991
		2.05917	31.9217	-0.761652
	}
}
{Volume "turret"
	{Polyhedron "turret.vol"}
	{Bone "turret"}
	{Matrix34
		-1	0	0
		0	-0.15637	0.987698
		0	0.987699	0.15637
		0.181097	6.34601	10.1692
	}
}
{Volume "wheelleft"
	{Cylinder 10.5 5.5}
	{Bone "wheell1"}
	{Matrix34
		0.017517	-0.999846	0
		0.999846	0.017517	0
		0	0	1
		0.112548	-0.104929	0.857065
	}
}
{Volume "wheelright"
	{Cylinder 10.5 5.5}
	{Bone "wheelr1"}
	{Matrix34
		0.017517	-0.999846	0
		0.999846	0.017517	0
		0	0	1
		0.112546	-0.104934	-0.835653
	}
}
