;Exported by: Administrator
;Date:        Sun Aug  5 14:32:27 2018
;File:        C:\Users\Administrator\Desktop\umodel_win32\UmodelExport\VH_SU122_54\plugin.max
{Skeleton
	{animation
		{sequence "start"}
		{sequence "stop"}
		{sequence "fire"}
		{sequence "open1" {resume} {events {2 "hatch_medium"}}}
		{sequence "hit"}
		{sequence "fire_mgun"}
	}
	{bone revolute "basis"
		{limits 0 0}
		{speed 0.01}
		{parameters "Wheelradius=0.465;"}
		{Orientation
			1	0	0
			0	-1	0
			0	0	1
		}
		{bone "body"
			{parameters "ID=body;"}
			{animation
				{sequence "repair" {file "body_r.anm"}}
			}
			{Position 1.01861	0.026341	12.936}
			{VolumeView "body.ply"}
			{bone revolute "turret"
				{limits -8 8}
				{speed 0.005}
				{Position 38.7748	2.26173	14.7048}
				{bone revolute "gun_rot"
					{parameters "ID=mantlet;"}
					{limits -16 4}
					{speed 0.005}
					{Matrix34
						1	0	0
						0	0	-1
						0	1	0
						-1.34895	-1.37911	-2.35249
					}
					{VolumeView "gun_rot.ply"}
					{bone "gun"
						{parameters "ID=gun;"}
						{Matrix34
							1	0	0
							0	0	1
							0	-1	0
							13.2932	-0.848536	1.44499
						}
						{VolumeView "gun.ply"}
						{bone "foresight1"
							{Matrix34
								1	0	0
								0	0	1
								0	-1	0
								74.0065	0.00142431	0.0371208
							}
						}
					}
					{bone "foresight5"
						{Matrix34
							1	0	0
							0	0	-1
							0	1	0
							20.751	0.0356598	-4.74298
						}
					}
				}
				{bone "visor1"
					{Position 9.97887	6.12234	-2.39388}
				}
			}
			{bone "engine"
				{parameters "ID=engine;"}
				{animation
					{sequence "repair" {file "engine_r.anm"}}
				}
				{Position -55.9591	-0.0254669	13.6255}
				{VolumeView "engine.ply"}
			}
			{bone revolute "wheell1"
				{parameters "ID=trackleft;"}
				{Matrix34
					1	0	0
					0	0	-1
					0	1	0
					50.3606	24.5381	0.561992
				}
				{VolumeView "wheell1.ply"}
			}
			{bone revolute "wheell7"
				{parameters "ID=trackleft;"}
				{Matrix34
					1	0	0
					0	0	-1
					0	1	0
					-52.5139	26.2793	1.02079
				}
				{VolumeView "wheell7.ply"}
			}
			{bone revolute "wheelr1"
				{parameters "ID=trackright;"}
				{Matrix34
					-1	0	0
					0	0	1
					0	1	0
					50.3606	-24.4012	0.561992
				}
				{VolumeView "wheelr1.ply"}
			}
			{bone revolute "wheelr7"
				{parameters "ID=trackright;"}
				{Matrix34
					-1	0	0
					0	0	1
					0	1	0
					-52.5069	-26.3366	1.02079
				}
				{VolumeView "wheelr7.ply"}
			}
			{bone "fxsmoke2"
				{Matrix34
					-0.0970072	0.730901	0.675554
					-0.982833	-0.177373	0.0507735
					0.156935	-0.659031	0.73556
					-28.7439	32.1643	9.22853
				}
			}
			{bone "fxsmoke1"
				{Matrix34
					-0.0970072	0.730901	0.675554
					-0.982833	-0.177373	0.0507735
					0.156935	-0.659031	0.73556
					-28.7439	32.1643	9.22853
				}
			}
			{bone "seat02"
				{Matrix34
					0	0.984808	0.173648
					-1	0	0
					0	-0.173648	0.984808
					-48.416	26.8652	8.30759
				}
			}
			{bone "seat03"
				{Matrix34
					0	-0.984808	0.173648
					1	0	0
					0	0.173648	0.984808
					-48.02	-26.4341	8.30759
				}
			}
			{bone "seat01"
				{Matrix34
					0.254786	0.952307	0.167917
					-0.966998	0.250915	0.0442433
					0	-0.173648	0.984808
					-31.7373	26.8652	9.73066
				}
			}
			{bone "seat04"
				{Matrix34
					0.293223	-0.94152	0.166015
					0.956044	0.288768	-0.0509176
					0	0.173648	0.984808
					-31.7373	-26.4341	9.73066
				}
			}
			{bone "fxfire2"
				{Matrix34
					0	0	1
					0	-1	0
					1	0	0
					0.15222	0.0589752	-0.836904
				}
			}
			{bone "visor2"
				{Position 29.126	-11.7196	23.0751}
			}
			{bone revolute "turret_mg"
				{parameters "id=turret_mg;"}
				{Position -2.34695	9.58157	23.9472}
				{VolumeView "turret_mgun.ply"}
				{bone revolute "mgun"
					{parameters "id=turret_mg;"}
					{Matrix34
						1	0	0
						0	0	-1
						0	1	0
						7.68174	-0.882824	5.93174
					}
					{VolumeView "mgun.ply"}
					{bone "mgun_barrel"
						{parameters "id=turret_mg;"}
						{Position 12.6702	0.0453339	0.336149}
						{VolumeView "mgun_barrel.ply"}
						{bone "foresight3"
							{Matrix34
								1	0	0
								0	0	-1
								0	1	0
								23.137	-0.00378799	0.0190353
							}
						}
					}
				}
				{bone "cover1"
					{parameters "id=turret_mg;"}
					{Position -7.69543	-0.130568	2.96949}
					{VolumeView "cover1.ply"}
				}
			}
			{bone "enumerator"
				{Matrix34
					0.980053	-0.188087	-0.0641784
					-0.000281287	-0.324248	0.945972
					-0.198734	-0.927085	-0.317833
					-8.75688	-25.4785	14.7917
				}
				{VolumeView "enumerator.ply"}
			}
			{bone "anten"
				{parameters "ID=turret;"}
				{Position 1.65267	-27.105	22.1949}
				{VolumeView "anten.ply"}
			}
			{bone "headlightl"
				{Position 36.6661	23.1637	16.4316}
			}
			{bone "headlightr"
				{Position 36.6661	-23.2578	16.4316}
			}
		}
		{bone "emit2"
			{Matrix34
				0	1	0
				-1	0	0
				0	0	1
				0	-44.9222	0
			}
			{visibility 0}
		}
		{bone "emit3"
			{Matrix34
				0	-1	0
				1	0	0
				0	0	1
				-30.2321	44.796	0
			}
			{visibility 0}
		}
		{bone "emit4"
			{Matrix34
				0	-1	0
				1	0	0
				0	0	1
				-47.1249	44.796	0
			}
			{visibility 0}
		}
		{bone "emit6"
			{Matrix34
				0	1	0
				-1	0	0
				0	0	1
				-30.3147	-44.9222	0
			}
			{visibility 0}
		}
		{bone "emit5"
			{Matrix34
				0	1	0
				-1	0	0
				0	0	1
				-46.8763	-44.9222	0
			}
			{visibility 0}
		}
		{bone "emit1"
			{Matrix34
				0	-1	0
				1	0	0
				0	0	1
				0	44.796	0
			}
			{visibility 0}
		}
		{bone "wheelsr"
			{parameters "ID=trackright;"}
			{Position -3.28201	-20.4511	11.352}
			{VolumeView "wheelsr.ply"}
			{bone "trackr"
				{parameters "ID=trackright;"}
				{Position 3.6741	-5.05315	-1.26822}
				{VolumeView "trackr.ply"}
			}
			{bone revolute "wheelr2"
				{parameters "ID=trackright;"}
				{Matrix34
					-1	0	0
					0	0	1
					0	1	0
					40.5312	-5.23304	-2.05222
				}
				{VolumeView "wheelr2.ply"}
			}
			{bone revolute "wheelr3"
				{parameters "ID=trackright;"}
				{Matrix34
					-1	0	0
					0	0	1
					0	1	0
					23.7097	-5.23304	-2.05221
				}
				{VolumeView "wheelr3.ply"}
			}
			{bone revolute "wheelr4"
				{parameters "ID=trackright;"}
				{Matrix34
					-1	0	0
					0	0	1
					0	1	0
					6.76367	-5.22455	-2.11647
				}
				{VolumeView "wheelr4.ply"}
			}
			{bone revolute "wheelr5"
				{parameters "ID=trackright;"}
				{Matrix34
					-1	0	0
					0	0	1
					0	1	0
					-14.2882	-5.22455	-2.11645
				}
				{VolumeView "wheelr5.ply"}
			}
			{bone revolute "wheelr6"
				{parameters "ID=trackright;"}
				{Matrix34
					-1	0	0
					0	0	1
					0	1	0
					-31.2132	-5.22455	-2.11647
				}
				{VolumeView "wheelr6.ply"}
			}
			{bone "fxtracer2"
				{Matrix34
					-0.965926	0	0.258819
					0	-1	0
					0.258819	0	0.965926
					-32.5887	-5.53461	-7.86319
				}
			}
			{bone "fxtracer1"
				{Matrix34
					-1	0	0
					0	-1	0
					0	0	1
					39.5508	-5.40747	-3.90141
				}
			}
		}
		{bone "wheelsl"
			{parameters "ID=trackleft;"}
			{Position -3.28201	20.4465	11.352}
			{VolumeView "wheelsl.ply"}
			{bone "trackl"
				{parameters "ID=trackleft;"}
				{Position 3.6741	5.05315	-1.26822}
				{VolumeView "trackl.ply"}
			}
			{bone revolute "wheell2"
				{parameters "ID=trackleft;"}
				{Matrix34
					1	0	0
					0	0	-1
					0	1	0
					40.5312	5.23304	-2.05222
				}
				{VolumeView "wheell2.ply"}
			}
			{bone revolute "wheell3"
				{parameters "ID=trackleft;"}
				{Matrix34
					1	0	0
					0	0	-1
					0	1	0
					23.6397	5.23304	-2.05221
				}
				{VolumeView "wheell3.ply"}
			}
			{bone revolute "wheell4"
				{parameters "ID=trackleft;"}
				{Matrix34
					1	0	0
					0	0	-1
					0	1	0
					6.76367	5.22455	-2.11647
				}
				{VolumeView "wheell4.ply"}
			}
			{bone revolute "wheell5"
				{parameters "ID=trackleft;"}
				{Matrix34
					1	0	0
					0	0	-1
					0	1	0
					-14.2882	5.22455	-2.11645
				}
				{VolumeView "wheell5.ply"}
			}
			{bone revolute "wheell6"
				{parameters "ID=trackleft;"}
				{Matrix34
					1	0	0
					0	0	-1
					0	1	0
					-31.2132	5.22455	-2.11647
				}
				{VolumeView "wheell6.ply"}
			}
			{bone "fxtracel2"
				{Matrix34
					-0.965926	0	0.258819
					0	-1	0
					0.258819	0	0.965926
					-32.5887	5.44452	-8.42252
				}
			}
			{bone "fxtracel1"
				{Matrix34
					-1	0	0
					0	-1	0
					0	0	1
					39.5508	5.44452	-4.46074
				}
			}
		}
	}
}
{Volume "body1"
	{Polyhedron "body1.vol"}
	{Bone "body"}
	{Matrix34
		0	1	0
		0	0	1
		1	0	0
		11.9636	-0.0226703	18.7871
	}
}
{Volume "body2"
	{Polyhedron "body2.vol"}
	{Bone "body"}
	{Matrix34
		0	1	0
		0	0	1
		1	0	0
		-1.60253	-0.0797072	4.60496
	}
}
{Volume "turret_mg"
	{Cylinder 10 3}
	{Bone "turret_mg"}
	{position  0	0	2}
}
{Volume "mgun"
	{Box 10 5 5}
	{Bone "mgun"}
	{position  4	0	0}
}
{Volume "gun"
	{Cylinder 1.75394 88.5827}
	{Bone "gun"}
	{Matrix34
		0	1	0
		0	0	1
		1	0	0
		30.8548	-0.0990376	0.00463615
	}
}
{Volume "breech"
	{Box 8 8 20}
	{Bone "gun"}
	{Matrix34
		0	1	0
		0	0	1
		1	0	0
		-23.3548	-0.0990376	0.00463615
	}
}
{Volume "mantlet"
	{Polyhedron "mantlet.vol"}
	{Bone "gun_rot"}
	{Position 6.44071	-1.60373	1.44499}
}
{Volume "shield"
	{Polyhedron "shieldl1.vol"}
	{Bone "body"}
	{Position 41.0018	2.28629	13.268}
}
{Volume "trackleft"
	{Polyhedron "trackleft.vol"}
	{Bone "wheelsl"}
	{Position 3.67348	5.05488	-1.26826}
}
{Volume "trackright"
	{Polyhedron "trackright.vol"}
	{Bone "wheelsr"}
	{Position 3.67348	-5.05488	-1.26826}
}
{Volume "ammo1"
	{Box 11.682 9.36104 10.5308}
	{Bone "body"}
	{Position 29.8827	10.5647	0.6935}
}
{Volume "ammo2"
	{Box 3.94963 11.6778 15.5906}
	{Bone "body"}
	{Matrix34
		0	0.906308	0.422618
		0	-0.422618	0.906308
		1	0	0
		10.79531	20.9372	16.0013
	}
}
{Volume "ammo3"
	{Polyhedron "ammo3.vol"}
	{Bone "body"}
	{Matrix34
		0	1	0
		0	0	1
		1	0	0
		-14.5818	18.9921	13.7458
	}
}
{Volume "ammo4"
	{Box 17.1012 2.69008 10.1839}
	{Bone "body"}
	{Position -5.10987	13.8617	5.09194}
}
{Volume "ammo5"
	{Box 3.26653 19.2149 10.1839}
	{Bone "body"}
	{Position -11.6781	-5.73746	2.09194}
}
{Volume "ammo6"
	{Box 3.15124 26.5165 11.3368}
	{Bone "body"}
	{Matrix34
		0.939693	0	-0.34202
		0	1	0
		0.34202	0	0.939693
		-15.1764	-2.85523	17.4039
	}
}
{Volume "ammo7"
	{Box 2.75464 8.81485 11.8056}
	{Bone "body"}
	{Matrix34
		0	0.866025	-0.5
		0	0.5	0.866025
		1	0	0
		-6.59644	-21.0594	15.3602
	}
}
{Volume "fuel1"
	{Polyhedron "fuel1.vol"}
	{Bone "body"}
	{Position 35.1123	-1.39884	-2.0}
}
{Volume "fuel2"
	{Polyhedron "fuel2.vol"}
	{Bone "body"}
	{Position 43.2765	10.5673	0.03678}
}
{Volume "fuel3"
	{Box 6 31.2801 12.9492}
	{Bone "body"}
	{Matrix34
		1	0	0
		0	1	0
		0	0	1
		-18.6087	0.333058	1.96114
	}
}
{Volume "engine"
	{Box 17 28 16}
	{Bone "body"}
	{Matrix34
		1	0	0
		0	1	0
		0	0	1
		-30.6087	0.333058	1.96114
	}
}
{Volume "transmission"
	{cylinder 5.59661 33.1079}
	{Bone "body"}
	{Matrix34
		-1 	 0 	 0
		0 	 0 	 1
		0 	 1 	 0
		-49.6087	-0.333058	4.0
	}
}
