;Exported by: ubrashaev
;Date:        Wed Jan 03 22:11:58 2018
;File:        E:\work\0.KRIS\vehicles\bmp1\bmp1_xx_export.max
{Skeleton
	{bone "basis"
		{Orientation
			1	0	0
			0	-1	0
			0	0	1
		}
		{bone "body"
			{parameters "ID=body;"}
			{Matrix34
				0.999648	0.00426178	-0.0261767
				-0.00562358	0.998622	-0.0521724
				0.0259183	0.0523013	0.998295
				2.008	-0.0643625	23.3802
			}
			{VolumeView "body.ply"}
			{bone revolute "turret"
				{parameters "ID=turret;"}
				{speed 0.01}
				{Matrix34
					0.974333	-0.224942	-0.00872654
					0.224951	0.97437	0
					0.00850288	-0.00196304	0.999962
					-2.82609	0.064391	8.69488
				}
				{VolumeView "turret.ply"}
				{bone "cover"
					{Matrix34
						0	1	0
						0.258819	0	0.965926
						0.965926	0	-0.258819
						0.83899	6.26244	6.85756
					}
					{VolumeView "cover.ply"}
				}
				{bone "gun_rot"
					{parameters "ID=gun;"}
					{Matrix34
						0.999391	0	-0.0348995
						0.000609106	0.999848	0.0174418
						0.0348942	-0.0174524	0.999239
						13.582	-8.29697e-005	3.97169
					}
					{VolumeView "gun_rot.ply"}
					{bone "gun"
						{parameters "ID=gun;"}
						{Orientation
							0	1	0
							-1	0	0
							0	0	1
						}
						{VolumeView "gun.ply"}
					}
				}
			}
			{bone "engine"
				{parameters "ID=engine;"}
				{VolumeView "engine.ply"}
			}
			{bone "back_door_l"
				{parameters "ID=body;"}
				{Matrix34
					0.865977	0.500083	-0.00131082
					-0.49985	0.865487	-0.0328968
					-0.0153166	0.029143	0.999458
					-53.6741	18.6329	-8.58179
				}
				{VolumeView "back_door_l.ply"}
			}
			{bone "part1"
				{Matrix34
					-0.422584	0.906218	0.0138278
					-0.906266	-0.42268	0.00480777
					0.0102016	-0.0105	0.999893
					-53.6741	-18.5042	-8.58179
				}
				{VolumeView "part1.ply"}
			}
			{bone revolute "wheell0"
				{parameters "ID=trackleft;Radius=0.34;"}
				{Matrix34
					-1	0	0
					0	-0.0166244	0.999862
					0	0.999862	0.0166244
					49.7411	25.2254	-7.63165
				}
				{VolumeView "wheell0.ply"}
			}
			{bone revolute "part2"
				{Matrix34
					-1	0	0
					0	0	1
					0	1	0
					-45.9476	23.9131	-9.06844
				}
				{VolumeView "part2.ply"}
			}
			{bone revolute "wheelr0"
				{parameters "ID=trackright;Radius=0.34;"}
				{Matrix34
					-0.995034	0.0728859	-0.0677841
					-0.0637311	0.0565669	0.996363
					0.0764552	0.995735	-0.0516409
					49.6789	-23.7222	-7.63165
				}
				{VolumeView "wheelr0.ply"}
			}
			{bone revolute "wheelr8"
				{parameters "ID=trackright;Radius=0.3;"}
				{Matrix34
					-0.996195	0	-0.087158
					-0.0866554	-0.107237	0.99045
					-0.00934662	0.994234	0.106829
					-45.9474	-23.7844	-9.07387
				}
				{VolumeView "wheelr8.ply"}
			}
		}
		{bone "wheelsl"
			{parameters "wheelsL;"}
			{Position 2.008	-0.0643625	23.3802}
			{VolumeView "wheelsl.ply"}
			{bone prizmatic "suspension_l1"
				{limits -0.1 0.1}
				{Matrix34
					-1	0	0
					0	-1	0
					0	0	1
					36.141	25.2253	-16.3152
				}
				{bone revolute "wheell1"
					{parameters "ID=trackleft;Radius=0.31;"}
					{Matrix34
						-0.995405	-0.0957493	0
						0	0	-1
						0.0957493	-0.995405	0
						0	0	0
					}
					{VolumeView "wheell1.ply"}
				}
			}
			{bone prizmatic "suspension_l2"
				{limits -0.1 0.1}
				{Position 23.2402	25.2253	-16.6819}
				{bone revolute "wheell2"
					{parameters "ID=trackleft;Radius=0.31;"}
					{Matrix34
						0.968004	-0.249649	-0.0253842
						-0.019038	0.0278025	-0.999432
						0.250213	0.967937	0.0221601
						0	0	0
					}
					{VolumeView "wheell2.ply"}
				}
			}
			{bone prizmatic "suspension_l3"
				{limits -0.1 0.1}
				{Position 10.5423	25.2253	-16.6819}
				{bone revolute "wheell3"
					{parameters "ID=trackleft;Radius=0.31;"}
					{Matrix34
						1	0	0
						0	0.258819	-0.965926
						0	0.965926	0.258819
						0	0	0
					}
					{VolumeView "wheell3.ply"}
				}
			}
			{bone prizmatic "suspension_l4"
				{limits -0.1 0.1}
				{Position -2.14717	25.2253	-16.6819}
				{bone revolute "wheell4"
					{parameters "ID=trackleft;Radius=0.31;"}
					{Matrix34
						0.992848	0.0603433	0.103018
						0.0898897	0.190058	-0.977649
						-0.078574	0.979917	0.183274
						0	0	0
					}
					{VolumeView "wheell4.ply"}
				}
			}
			{bone prizmatic "suspension_l5"
				{limits -0.1 0.1}
				{Position -16.5405	25.2253	-16.6819}
				{bone revolute "wheell5"
					{parameters "ID=trackleft;Radius=0.31;"}
					{Matrix34
						1	0	0
						0	0.258819	-0.965926
						0	0.965926	0.258819
						0	0	0
					}
					{VolumeView "wheell5.ply"}
				}
			}
			{bone prizmatic "suspension_l6"
				{limits -0.1 0.1}
				{Position -31.1187	25.2253	-16.3152}
				{bone revolute "wheell6"
					{parameters "ID=trackleft;Radius=0.31;"}
					{Matrix34
						0.997565	-0.067581	-0.0172142
						-0.0173364	-0.00122147	-0.999849
						0.0675498	0.997713	-0.0023901
						0	0	0
					}
					{VolumeView "wheell6.ply"}
				}
			}
		}
		{bone "wheelsr"
			{parameters "wheelsR;"}
			{Position 2.008	-0.0643625	23.3802}
			{VolumeView "wheelsr.ply"}
			{bone prizmatic "suspension_r4"
				{limits -0.1 0.1}
				{Position -2.14717	-25.0966	-16.6819}
				{bone revolute "wheelr5"
					{parameters "ID=trackright;Radius=0.31;"}
					{Matrix34
						1	0	0
						0	0	-1
						0	1	0
						0	0	0
					}
					{VolumeView "wheelr5.ply"}
				}
			}
			{bone prizmatic "suspension_r5"
				{limits -0.1 0.1}
				{Position -16.5405	-25.0966	-16.6819}
				{bone revolute "wheelr6"
					{parameters "ID=trackright;Radius=0.31;"}
					{Matrix34
						0.989642	-0.142369	0.0184363
						0.0318566	0.0925683	-0.995197
						0.139979	0.985476	0.0961448
						0	0	0
					}
					{VolumeView "wheelr5.ply"}
				}
			}
			{bone prizmatic "suspension_r3"
				{limits -0.1 0.1}
				{Position 10.5423	-25.0966	-16.6819}
				{bone revolute "wheelr4"
					{parameters "ID=trackright;Radius=0.31;"}
					{Matrix34
						1	0	0
						0	0	-1
						0	1	0
						0	0	-1.01444
					}
					{VolumeView "wheelr5.ply"}
				}
			}
			{bone prizmatic "suspension_r2"
				{limits -0.1 0.1}
				{Position 23.2402	-25.0966	-16.6819}
				{bone revolute "wheelr3"
					{parameters "ID=trackright;Radius=0.31;"}
					{Matrix34
						1	0	0
						0	0	-1
						0	1	0
						0	0	0
					}
					{VolumeView "wheelr5.ply"}
				}
			}
			{bone prizmatic "suspension_r1"
				{limits -0.1 0.1}
				{Matrix34
					-1	0	0
					0	-1	0
					0	0	1
					36.141	-25.0966	-16.3152
				}
				{bone revolute "wheelr1"
					{parameters "ID=trackright;Radius=0.31;"}
					{Matrix34
						-1	0	0
						0	-0.34202	-0.939693
						0	-0.939693	0.34202
						0	0.497826	-0.92196
					}
					{VolumeView "wheelr5.ply"}
				}
			}
			{bone prizmatic "suspension_r6"
				{limits -0.1 0.1}
				{Position -31.1187	-25.0966	-16.3152}
				{bone revolute "wheelr7"
					{parameters "ID=trackright;Radius=0.31;"}
					{Matrix34
						1	0	0
						0	0.173648	-0.984808
						0	0.984808	0.173648
						0	0.196241	-1.11294
					}
					{VolumeView "wheelr5.ply"}
				}
			}
		}
	}
}
{Volume "body"
	{Polyhedron "body.vol"}
	{Bone "body"}
}
{Volume "crew"
	{Box 57.046 31.2801 15.0572}
	{Bone "body"}
	{Matrix34
		1	0	0
		0	1	0
		0	0	1
		7.82717	2.37032	-5.19108
	}
}
{Volume "gun"
	{Cylinder 1.47149 28.4476}
	{Bone "gun"}
	{Matrix34
		-1	0	0
		0	0	1
		0	1	0
		5.38565e-005	-17.0465	-0.04646
	}
}
{Volume "inventory"
	{Box 24.987 11.7922 8.21523}
	{Bone "body"}
	{Matrix34
		1	0	0
		0	1	0
		0	0	1
		-7.06069	-5.48559	-0.368289
	}
}
{Volume "part1"
	{Box 4.15786 18.0373 21.1441}
	{Bone "part1"}
	{Matrix34
		-0.00975902	-0.965606	0.259827
		0.999736	-0.00401055	0.022645
		-0.0208241	0.259979	0.96539
		8.81494	0.929751	5.6183
	}
}
{Volume "part2"
	{Cylinder 6.04046 3.47314}
	{Bone "part2"}
	{Matrix34
		-0.999361	0.0234265	-0.0269857
		0.0235246	0.999718	-0.00332361
		0.0269002	-0.00395633	-0.99963
		-0.0435785	-0.00819284	1.38194
	}
}
{Volume "turret"
	{Polyhedron "turret.vol"}
	{Bone "turret"}
}
