;Exported by: misan
;Date:        Sat Dec  9 15:45:54 2023
;File:        D:\Cold War\ModelWIP\USA\Infantry\New Rig\RIGGING\US Soldier Base.max
{Skeleton
	{bone revolute "basis"
		{limits -30 30}
		{speed 0.1}
		{Orientation
			1	0	0
			0	-1	0
			0	0	1
		}
		{bone "body"
			{parameters "Voxels=0;"}
			{Matrix34
				0	0	1
				0	-1	0
				1	0	0
				0	0.0344553	19.9224
			}
			{bone "foot1l"
				{parameters "Voxels=0;"}
				{Matrix34
					-0.993535	-0.0202547	0.111703
					0.111666	0.00297537	0.993741
					0.0204603	-0.99979	0.000694357
					-0.143509	-2.13095	-0.488995
				}
				{bone "foot2l"
					{parameters "Voxels=0;"}
					{Matrix34
						0.952385	-0.304899	-0.000108004
						0.304899	0.952385	-4.08287e-05
						0.000115292	0	1
						9.37838	-0.0471725	0
					}
					{bone "bone06"
						{Matrix34
							0.22138	0.973964	0.0488401
							-0.972284	0.216583	0.0880677
							0.0751968	-0.0669829	0.994916
							8.74023	0.113252	0.00567889
						}
					}
					{bone "foot3l"
						{parameters "Voxels=0;"}
						{Matrix34
							0.0905581	0.979615	0.179314
							0.00345619	-0.180362	0.983594
							0.995885	-0.088453	-0.019719
							9.2003	-0.34629	-0.0729971
						}
						{bone "bone07"
							{Position 2.60015	0	0}
						}
					}
				}
			}
			{bone "foot1r"
				{parameters "Voxels=0;"}
				{Matrix34
					-0.993573	0.0113961	0.112618
					0.112606	-0.00168935	0.993638
					0.0115138	0.999934	0.00039523
					-0.143518	2.17103	-0.488755
				}
				{bone "foot2r"
					{parameters "Voxels=0;"}
					{Matrix34
						0.951792	-0.306745	-0.000104398
						0.306745	0.951792	-3.94727e-05
						0.000111675	0	1
						9.37831	-0.0472322	0
					}
					{bone "bone03"
						{Matrix34
							0.221381	0.973964	0.04884
							-0.972284	0.216582	0.0880676
							0.075197	-0.0669829	0.994916
							8.74023	0.113252	0.00568032
						}
					}
					{bone "foot3r"
						{parameters "Voxels=0;"}
						{Matrix34
							0.0880245	0.974738	0.205276
							0.00721112	0.205447	-0.978642
							-0.996092	0.0876247	0.0110552
							9.2003	-0.346289	-0.0729964
						}
						{bone "bone05"
							{Position 2.60015	0	0}
						}
					}
				}
			}
			{bone revolute "ik_leftright"
				{parameters "Voxels=0;"}
				{limits -20 20}
				{speed 0.1}
				{Matrix34
					0	0	1
					0	-1	0
					1	0	0
					1.90368	0.0344548	0
				}
				{bone revolute "ik_updown"
					{parameters "Voxels=0;"}
					{limits -40 20}
					{speed 0.1}
					{Matrix34
						1	0	0
						0	0	1
						0	-1	0
						0	0	1.66801
					}
					{bone "head"
						{parameters "Voxels=0;"}
						{Matrix34
							1	0	0
							0	0	-1
							0	1	0
							0	7.21458	0
						}
						{bone "visor"
							{Matrix34
								1	0	0
								0	1	0
								0	0	1
								2.31916	0	2.33291
							}
						}
					}
					{bone "clavicle_right"
						{Position -0.13918	6.12487	1.17253}
						{bone "hand1r"
							{parameters "Voxels=0;"}
							{Matrix34
								-0.0658226	-0.821237	0.566778
								0.840306	-0.351932	-0.412346
								0.538102	0.449125	0.713255
								0.0503405	-0.225973	2.95337
							}
							{bone "hand2r"
								{parameters "Voxels=0;"}
								{Matrix34
									0.999998	-0.00213471	0
									0.00213474	0.999998	0
									0	0	1
									6.26813	0	0
								}
								{bone "hand3r"
									{Matrix34
										0.982611	-0.185677	0
										0.185677	0.982611	0
										0	0	1
										5.19218	0	0
									}
								}
								{bone "hand_rot1r"
									{Matrix34
										0.00333586	-0.999958	0.00855798
										-0.999992	-0.00331801	0.00210723
										-0.00207874	-0.00856483	-0.999961
										5.19224	0	0
									}
									{bone "palm1r"
										{Matrix34
											-0.987462	-0.121604	-0.100652
											-0.0703693	-0.231655	0.97025
											-0.141302	0.965168	0.220194
											0.12139	-0.163003	0.149548
										}
										{bone "palm2r_hide"
											{Matrix34
												-0.00760147	0.507044	-0.861887
												0.00255594	0.861919	0.50704
												0.999968	0.00165269	-0.00785032
												0.146144	0.242283	-1.25751
											}
											{bone "palm3r_hide"
												{Matrix34
													0.576833	0.816862	0
													-0.816862	0.576833	0
													0	0	1
													0.581878	-0.000114441	0
												}
												{bone "palm4r_hide"
													{Matrix34
														1	0	0
														0	1	0
														0	0	1
														0.53446	0	0
													}
												}
											}
										}
										{bone "palm2r"
											{Matrix34
												-0.00760326	0.507044	-0.861886
												0.00255499	0.861919	0.50704
												0.999968	0.00165093	-0.00784919
												0.146144	0.242287	-1.25751
											}
											{bone "palm3r"
												{Matrix34
													0.576833	0.816863	0
													-0.816862	0.576832	0
													0	0	1
													0.581881	-0.000114441	0
												}
											}
										}
									}
								}
							}
						}
					}
					{bone "clavicle_left"
						{Position -0.13918	6.12487	-1.18113}
						{bone "hand1l"
							{parameters "Voxels=0;"}
							{Matrix34
								-0.0769224	-0.830285	-0.552006
								0.836571	-0.354956	0.41732
								-0.542432	-0.42969	0.721896
								0.0503408	-0.225973	-2.95273
							}
							{bone "hand2l"
								{parameters "Voxels=0;"}
								{Matrix34
									0.999998	-0.002132	0
									0.00213197	0.999998	0
									0	0	1
									6.26812	0	0
								}
								{bone "hand3l"
									{Matrix34
										0.982611	-0.185677	0
										0.185677	0.982611	0
										0	0	1
										5.19218	0	0
									}
								}
								{bone "left_hand"
									{parameters "Voxels=0;"}
									{Matrix34
										0.275673	0.823505	-0.495827
										0.00418857	-0.516838	-0.856073
										-0.961242	0.233919	-0.145927
										5.99778	-0.667303	0.409924
									}
								}
								{bone "hand_rot1l"
									{Matrix34
										0.00130206	-0.999931	0.0116372
										-0.999999	-0.00131428	-0.00103831
										0.00105366	-0.011636	-0.999932
										5.25744	-0.000656128	-0.0016222
									}
									{bone "palm1l"
										{Matrix34
											0.965404	0.249251	-0.076609
											-0.0261253	-0.199861	-0.979476
											-0.259446	0.947591	-0.186436
											0.0886898	-0.33766	-0.091609
										}
										{bone "palm2l"
											{Matrix34
												-0.00578409	0.491338	-0.87095
												-0.00434271	-0.870969	-0.491319
												-0.999974	0.000941128	0.00717071
												-0.0738354	0.242493	-1.26342
											}
											{bone "palm3l"
												{Matrix34
													0.578449	-0.815719	0
													0.815719	0.578449	0
													0	0	1
													0.578554	0.000164986	0
												}
											}
										}
										{bone "palm2l_hide"
											{Matrix34
												-0.0057843	0.491337	-0.87095
												-0.00434215	-0.870969	-0.49132
												-0.999974	0.000941604	0.00717074
												-0.0738354	0.242493	-1.26342
											}
											{bone "palm3l_hide"
												{Matrix34
													0.578448	-0.815719	0
													0.815719	0.578449	0
													0	0	1
													0.57855	0.000165939	0
												}
												{bone "palm4l_hide"
													{Matrix34
														1	0	0
														0	1	0
														0	0	1
														0.5119	-3.33786e-05	0
													}
												}
											}
										}
									}
								}
							}
						}
					}
				}
			}
			{bone revolute "placement"
				{Matrix34
					0	1	0
					-1	0	0
					0	0	1
					0.783108	0	0
				}
			}
		}
		{bone "ik_chain05"
			{Position -0.913807	-11.1477	19.23}
		}
		{bone "ik_chain03"
			{Matrix34
				1	0	0
				0	-1	0
				0	0	1
				-1.09561	2.53715	1.86587
			}
		}
		{bone "ik_chain04"
			{Matrix34
				1	0	0
				0	-1	0
				0	0	1
				3.29347	3.4301	0.0514984
			}
		}
		{bone "ik_chain02"
			{Position 3.29347	-3.36689	0.0514994}
		}
		{bone "ik_chain01"
			{Position -1.09561	-2.34785	1.86587}
		}
		{bone "ik_chain06"
			{Position -0.981608	10.4785	19.8607}
		}
		{bone revolute "foresight2rot"
			{parameters "Voxels=0;"}
			{limits -20 20}
			{speed 0.1}
			{Position 13.7429	0.0246876	27.5947}
		}
		{bone "palm_ik_holder_right02"
			{Matrix34
				-0.0676164	-0.567657	-0.820484
				0.840163	0.411136	-0.353685
				0.538101	-0.713255	0.449125
				-0.501425	-7.67853	24.2454
			}
			{bone "palm_ik_holder_right01"
				{Matrix34
					0.0033361	-0.999958	0.00855833
					-0.999992	-0.00331795	0.00210747
					-0.00207874	-0.00856493	-0.999961
					5.19224	0	0
				}
				{bone "palm_ik_holder_right"
					{Matrix34
						-0.987462	-0.121604	-0.100652
						-0.0703697	-0.231656	0.970249
						-0.141303	0.965168	0.220194
						0.119854	-0.164879	0.148729
					}
					{bone "ik_chain07"
						{Matrix34
							0.999956	0.00324073	-0.008863
							2.77162e-05	0.938189	0.346124
							0.00943667	-0.34611	0.938147
							0.138652	1.07072	-1.80207
						}
					}
				}
			}
		}
		{bone "palm_ik_holder_left02"
			{Matrix34
				-0.0787058	0.552894	-0.829526
				0.836405	-0.416143	-0.356725
				-0.542432	-0.721896	-0.42969
				-0.570998	7.5939	24.1887
			}
			{bone "palm_ik_holder_left01"
				{Matrix34
					0.00130221	-0.999932	0.0116377
					-0.999999	-0.00131428	-0.00103855
					0.0010539	-0.0116359	-0.999932
					5.25743	-0.000657082	-0.00162125
				}
				{bone "palm_ik_holder_left"
					{Matrix34
						0.965404	0.249251	-0.0766095
						-0.0261244	-0.199862	-0.979476
						-0.259446	0.947592	-0.186436
						0.0856133	-0.338799	-0.0894623
					}
					{bone "ik_chain08"
						{Matrix34
							0.999967	-0.00286239	0.00758448
							0.000204742	0.944171	0.329455
							-0.00810432	-0.329443	0.944141
							-0.0736465	1.03671	-1.8188
						}
					}
				}
			}
		}
		{bone "skin"
			{Position 0.0866255	0.043731	17.8233}
			{VolumeView "skin.ply"}
		}
	}
}
