;Exported by: aeste
;Date:        Sat Aug 24 06:54:02 2024
;File:        E:\Cold War\ModelWIP\China\Type 63 Launcher\Type 63 Launcher.max
{Skeleton
	{bone revolute "basis"
		{Orientation
			1	0	0
			0	-1	0
			0	0	1
		}
		{bone "body"
			{Position -0.0441877	0.00109601	7.28133}
			{VolumeView "body.ply"}
			{bone revolute "turret"
				{Position -1.95934	0	3.91868}
				{VolumeView "turret.ply"}
				{bone revolute "gun"
					{parameters "id=gun;"}
					{Matrix34
						1	0	0
						0	0	1
						0	-1	0
						-3.10272	0	7.3475
					}
					{VolumeView "gun.ply"}
					{bone "shooter11"
						{Matrix34
							1	0	0
							0	0	-1
							0	1	0
							13.2159	-2.5746	-4.37554
						}
						{bone "rocket11"
							{Position -16.2023	-0.00177765	-0.0202274}
							{VolumeView "rocket11.ply"}
						}
					}
					{bone "shooter10"
						{Matrix34
							1	0	0
							0	0	-1
							0	1	0
							13.2159	-2.5746	-1.47715
						}
						{bone "rocket10"
							{Position -16.2023	-0.00177765	-0.0202274}
							{VolumeView "rocket10.ply"}
						}
					}
					{bone "shooter09"
						{Matrix34
							1	0	0
							0	0	-1
							0	1	0
							13.2159	-2.5746	1.47133
						}
						{bone "rocket09"
							{Position -16.2023	-0.00177765	-0.0202274}
							{VolumeView "rocket09.ply"}
						}
					}
					{bone "shooter08"
						{Matrix34
							1	0	0
							0	0	-1
							0	1	0
							13.2159	-2.5746	4.37038
						}
						{bone "rocket08"
							{Position -16.2023	-0.00177765	-0.0202274}
							{VolumeView "rocket08.ply"}
						}
					}
					{bone "shooter07"
						{Matrix34
							1	0	0
							0	0	-1
							0	1	0
							13.2159	0.393574	-4.37554
						}
						{bone "rocket07"
							{Position -16.2023	-0.00177765	-0.0297966}
							{VolumeView "rocket07.ply"}
						}
					}
					{bone "shooter06"
						{Matrix34
							1	0	0
							0	0	-1
							0	1	0
							13.2159	0.393572	-1.47715
						}
						{bone "rocket06"
							{Position -16.2023	-0.00177765	-0.0297966}
							{VolumeView "rocket06.ply"}
						}
					}
					{bone "shooter05"
						{Matrix34
							1	0	0
							0	0	-1
							0	1	0
							13.2159	0.393572	1.47133
						}
						{bone "rocket05"
							{Position -16.2023	-0.00177765	-0.0297966}
							{VolumeView "rocket05.ply"}
						}
					}
					{bone "shooter04"
						{Matrix34
							1	0	0
							0	0	-1
							0	1	0
							13.2159	0.393572	4.37038
						}
						{bone "rocket04"
							{Position -16.2023	-0.00177765	-0.0297966}
							{VolumeView "rocket04.ply"}
						}
					}
					{bone "shooter03"
						{Matrix34
							1	0	0
							0	0	-1
							0	1	0
							13.2159	3.30933	-4.37554
						}
						{bone "rocket03"
							{Position -16.2023	-0.00177765	-0.00207901}
							{VolumeView "rocket03.ply"}
						}
					}
					{bone "shooter02"
						{Matrix34
							1	0	0
							0	0	-1
							0	1	0
							13.2159	3.30933	-1.47715
						}
						{bone "rocket02"
							{Position -16.2023	-0.00177765	-0.00207901}
							{VolumeView "rocket02.ply"}
						}
					}
					{bone "shooter01"
						{Matrix34
							1	0	0
							0	0	-1
							0	1	0
							13.2159	3.30933	1.47133
						}
						{bone "rocket01"
							{Position -16.2023	-0.00177765	-0.00207901}
							{VolumeView "rocket01.ply"}
						}
					}
					{bone "shooter00"
						{Matrix34
							1	0	0
							0	0	-1
							0	1	0
							13.2159	3.30932	4.37037
						}
						{bone "rocket00"
							{Position -16.2023	-0.00177765	-0.00207901}
							{VolumeView "rocket00.ply"}
						}
					}
					{bone "foresight"
						{Matrix34
							1	0	0
							0	0	-1
							0	1	0
							13.2046	0.378668	0.00109673
						}
					}
					{bone "fxsmoke1"
						{Matrix34
							-1	0	0
							0	0	1
							0	1	0
							-4.02524	0.382895	0.00109673
						}
					}
				}
			}
			{bone "leg1"
				{Matrix34
					0.695772	-0.369949	-0.615662
					0.469472	0.882948	0
					0.543597	-0.289036	0.788011
					4.89836	-9.3069	2.10331
				}
				{VolumeView "leg1.ply"}
			}
			{bone "leg2"
				{Matrix34
					0.735148	0.312052	-0.601815
					-0.390731	0.920505	0
					0.553974	0.235148	0.798636
					4.89836	9.30688	2.10331
				}
				{VolumeView "leg2.ply"}
			}
			{bone "latch"
				{Position -40.1665	0	-6.2699}
				{VolumeView "latch.ply"}
			}
			{bone "link1"
				{Matrix34
					-1	0	0
					0	-1	0
					0	0	1
					-41.8273	-0.00109601	-6.28153
				}
			}
			{bone "pipe"
				{Matrix34
					0.963598	-0.258107	0.0697142
					0.258901	0.965901	-0.00243451
					-0.0667087	0.0203949	0.997564
					-4.89158	8.88015	5.07528
				}
			}
			{bone "seat4"
				{Matrix34
					-0.133782	-0.990268	-0.0383614
					0.951907	-0.139174	0.272955
					-0.275637	0	0.961262
					-23.4284	-4.04409	-15.9876
				}
			}
			{bone "seat3"
				{Matrix34
					-0.133782	0.990268	-0.0383614
					-0.951907	-0.139173	-0.272955
					-0.275638	0	0.961262
					-29.0176	2.21574	-18.4642
				}
			}
			{bone "seat2"
				{Matrix34
					-0.166921	-0.984808	-0.047864
					0.946658	-0.173648	0.27145
					-0.275637	0	0.961262
					-11.1667	-8.03634	-11.8537
				}
			}
			{bone "seat1"
				{Matrix34
					-0.183418	0.981627	-0.0525941
					-0.943601	-0.190809	-0.270573
					-0.275637	0	0.961262
					-9.10401	8.32686	-11.5419
				}
			}
		}
		{bone "pivot_front"
			{Position -0.0760105	0	7.26152}
			{bone prizmatic "suspension_r1"
				{Position 0	-11.4148	0}
				{bone revolute "wheelr"
					{parameters "id=wheelright;Radius=0.50;Support;"}
					{Matrix34
						1	0	0
						0	0	-1
						0	1	0
						0.0318239	-2.12467	0.0198193
					}
					{VolumeView "wheelr.ply"}
				}
			}
			{bone prizmatic "suspension_l1"
				{Position 0	11.3717	0}
				{bone revolute "wheell"
					{parameters "id=wheelleft;Radius=0.50;Support;"}
					{Matrix34
						1	0	0
						0	0	-1
						0	1	0
						0.0318228	2.10686	0.0198183
					}
					{VolumeView "wheell.ply"}
				}
			}
			{bone "fxtracel1"
				{Position 0.0760105	12.959	-7.26152}
			}
			{bone "fxtracer1"
				{Position 0.0760105	-13.0329	-7.26152}
			}
		}
		{bone "charger2"
			{Position -41.2085	25.722	0}
		}
		{bone "charger"
			{Position -40.4821	-29.4053	0}
		}
		{bone "commander"
			{Position -12.1538	-25.1241	0}
		}
		{bone "gunner"
			{Matrix34
				0.990268	-0.139173	0
				0.139173	0.990268	0
				0	0	1
				-19.0118	14.6606	0
			}
		}
		{bone "driver4"
			{Position -39.5246	9.6334	0}
		}
		{bone "driver3"
			{Position -39.0012	-10.438	0}
		}
		{bone "driver2"
			{Position -11.1678	-16.1525	0}
		}
		{bone "driver1"
			{Position -13.3341	17.0074	0}
		}
		{bone "emit4"
			{Matrix34
				0.848048	0.529919	0
				-0.529919	0.848048	0
				0	0	1
				-46.6289	-31.8464	0
			}
		}
		{bone "emit3"
			{Matrix34
				0.669131	-0.743145	0
				0.743145	0.669131	0
				0	0	1
				-42.0528	27.1983	0
			}
		}
		{bone "emit2"
			{Matrix34
				0.0697564	0.997564	0
				-0.997564	0.0697564	0
				0	0	1
				-12.1958	-29.9957	0
			}
		}
		{bone "emit1"
			{Matrix34
				-0.156435	-0.987688	0
				0.987688	-0.156435	0
				0	0	1
				-16.0156	22.3044	0
			}
		}
	}
}
{Volume "wheelleft"
	{Cylinder 7.52761 3.07868}
	{Bone "wheell"}
	{Matrix34
		1	0	0
		0	-1	0
		0	0	-1
		-0.00462122	0.0353589	-0.512954
	}
}
{Volume "wheelright"
	{Cylinder 7.52761 3.07868}
	{Bone "wheelr"}
	{Matrix34
		1	0	0
		0	-1	0
		0	0	-1
		-0.00462122	0.035356	0.577404
	}
}
