;Exported by: doc
;Date:        Mon Jul 08 21:06:41 2019
;File:        Z:\work\0.KRIS\vehicles3\Chris_models\mi4\mil_mi4_export.max
{Skeleton
	{animation
		{sequence "engine_start" {speed 0.6}}
		{sequence "engine_work" {speed 0.6} {resume}}
		{sequence "engine_stop" {speed 0.6}}
		{sequence "doorleft"}
		{sequence "doorleft1"}
		{sequence "doorright"}
		{sequence "doorback"}
	}
	{bone revolute "basis"
		{limits 0 0}
		{speed 0.03}
		{parameters "SteerMax=25;"}
		{Orientation
			1	0	0
			0	-1	0
			0	0	1
		}
		{bone "body"
			{parameters "id=body;"}
			{Position -1.59413	0.0343208	44.4267}
			{VolumeView "body.ply"}
			{bone "glasses"
				{Position 24.4761	-0.0343208	-1.71383}
				{VolumeView "glasses.ply"}
			}
			{bone "doorback1"
				{parameters "id=body;"}
				{Matrix34
					0.999237	0.00108924	0.0390521
					0.00108982	0.998445	-0.0557342
					-0.0390521	0.0557342	0.997682
					-45.494	19.631	-12.2056
				}
				{VolumeView "doorback1.ply"}
			}
			{bone "doorback2"
				{parameters "id=body;"}
				{Matrix34
					0.999237	0.00108128	0.0390507
					-0.00325824	0.998441	0.0557267
					-0.0389295	-0.0558114	0.997682
					-45.494	-19.6997	-12.2056
				}
				{VolumeView "doorback2.ply"}
			}
			{bone "doorl1"
				{parameters "id=body;"}
				{Matrix34
					0.999732	-0.000543449	0.0231622
					0.00137599	0.999353	-0.0359433
					-0.0231277	0.0359655	0.999085
					-36.5185	19.6951	-10.7789
				}
				{VolumeView "doorl1.ply"}
				{bone "window4"
					{parameters "ID=window4;"}
					{Matrix34
						0.999732	0.00137531	-0.0231277
						-0.000542763	0.999353	0.0359655
						0.0231622	-0.0359433	0.999085
						9.04056	-0.601526	6.41038
					}
					{VolumeView "window4.ply"}
				}
			}
			{bone "gun_rot1"
				{Matrix34
					0.99618	-0.0327009	0.0809717
					-0.081015	0	0.996713
					-0.0325934	-0.999465	-0.00264956
					50.8748	-0.0347296	-33.7488
				}
				{VolumeView "gun_rot1.ply"}
			}
			{bone "window1"
				{parameters "ID=window1;"}
				{Position -27.7368	-20.2095	-2.82144}
				{VolumeView "window1.ply"}
			}
			{bone "window2"
				{parameters "ID=window2;"}
				{Position 0.921078	-20.2163	-1.96648}
				{VolumeView "window2.ply"}
			}
			{bone "window3"
				{parameters "ID=window3;"}
				{Position 17.2681	-20.2817	-1.58093}
				{VolumeView "window3.ply"}
			}
			{bone "window5"
				{parameters "ID=window5;"}
				{Position 0.8941	20.1689	-1.99421}
				{VolumeView "window5.ply"}
			}
			{bone "window6"
				{parameters "ID=window6;"}
				{Position 17.1497	20.2366	-1.56727}
				{VolumeView "window6.ply"}
			}
			{bone "window7"
				{parameters "ID=window7;"}
				{Position 52.4334	-7.07175	-25.0644}
				{VolumeView "window7.ply"}
			}
			{bone "window8"
				{parameters "ID=window8;"}
				{Position 53.4976	-0.0343208	-24.7123}
				{VolumeView "window8.ply"}
			}
			{bone "window9"
				{parameters "ID=window9;"}
				{Position 52.4334	7.00311	-25.0644}
				{VolumeView "window9.ply"}
			}
			{bone "window10"
				{parameters "ID=window10;"}
				{Position 16.0039	-13.3765	25.1575}
				{VolumeView "window10.ply"}
			}
			{bone "window13"
				{parameters "ID=window13;"}
				{Position 16.0039	13.3079	25.1575}
				{VolumeView "window13.ply"}
			}
			{bone "window16"
				{parameters "ID=window16;"}
				{Position 38.0151	9.29399	22.3749}
				{VolumeView "window16.ply"}
			}
			{bone "window17"
				{parameters "ID=window17;"}
				{Position 38.0151	-6.83121	22.3749}
				{VolumeView "window17.ply"}
			}
			{bone "commander"
				{Position 23.7823	-8.53803	5.06609}
			}
			{bone "driver"
				{Position 23.7823	8.33256	5.06609}
			}
			{bone "visor"
				{Position 23.7823	8.33256	9.06609}
			}
			{bone "engine"
				{parameters "id=engine;"}
				{Position 38.9306	-0.0150738	0.303955}
				{VolumeView "engine.ply"}
				{bone "glass_part2"
					{Position -14.4545	-0.0192471	-2.01779}
					{VolumeView "glass_part2.ply"}
				}
				{bone "glass_part1"
					{Position -14.4545	-0.0192471	-2.01778}
					{VolumeView "glass_part1.ply"}
				}
				{bone "rotor"
					{parameters "id=rotor;"}
					{Matrix34
						0.461749	0.887011	0
						-0.887011	0.461749	0
						0	0	1
						-37.4667	-0.0192471	37.0305
					}
					{VolumeView "rotor.ply"}
					{bone "propeller"
						{parameters "ID=propeller;"}
						{VolumeView "propeller.ply"}
					}
					{bone "propeller1"
						{parameters "ID=propeller1;"}
						{VolumeView "propeller1.ply"}
					}
					{bone "propeller2"
						{parameters "ID=propeller2;"}
						{VolumeView "propeller2.ply"}
					}
					{bone "propeller3"
						{parameters "ID=propeller3;"}
						{VolumeView "propeller3.ply"}
					}
					{bone "engine_work"
						{Matrix34
							0.865377	-0.501121	0
							0.501121	0.865377	0
							0	0	1
							0	-3.04878e-005	6.1308
						}
						{visibility 0}
						{VolumeView "engine_work.ply"}
					}
				}
				{bone "rotor_b"
					{parameters "Id=rotor_b;"}
					{Matrix34
						0	1	0
						0	0	1
						1	0	0
						-287.905	-11.0262	41.3774
					}
					{VolumeView "rotor_b.ply"}
					{bone "propeller_b1"
						{parameters "ID=propeller_b1;"}
						{Orientation
							0	0	1
							0	1	0
							-1	0	0
						}
						{VolumeView "propeller_b1.ply"}
					}
					{bone "propeller_b2"
						{parameters "ID=propeller_b2;"}
						{Orientation
							0	0	1
							0	1	0
							-1	0	0
						}
						{VolumeView "propeller_b2.ply"}
					}
					{bone "propeller_b"
						{parameters "ID=propeller_b;"}
						{Orientation
							0	0	1
							0	1	0
							-1	0	0
						}
						{VolumeView "propeller_b.ply"}
					}
					{bone "rotor_work"
						{Matrix34
							0	0.824975	-0.565169
							0	-0.565169	-0.824975
							-1	0	0
							-3.09715	0	0
						}
						{visibility 0}
						{VolumeView "rotor_work.ply"}
					}
				}
			}
			{bone "seat01"
				{Matrix34
					0	-1	0
					1	0	0
					0	0	1
					37.344	13.5055	-23.9747
				}
			}
			{bone "seat03"
				{Matrix34
					0.0436195	-0.999048	0
					0.999048	0.0436195	0
					0	0	1
					28.451	13.5055	-23.9747
				}
			}
			{bone "seat05"
				{Matrix34
					-0.0436198	-0.999048	0
					0.999048	-0.0436198	0
					0	0	1
					19.4955	13.2474	-23.9747
				}
			}
			{bone "seat07"
				{Matrix34
					-0.0436198	-0.999048	0
					0.999048	-0.0436198	0
					0	0	1
					11.8223	13.7637	-23.9747
				}
			}
			{bone "seat09"
				{Matrix34
					0.0436195	-0.999048	0
					0.999048	0.0436195	0
					0	0	1
					2.33905	13.5055	-23.9747
				}
			}
			{bone "seat11"
				{Matrix34
					-0.0436198	-0.999048	0
					0.999048	-0.0436198	0
					0	0	1
					-6.59087	13.5055	-23.9747
				}
			}
			{bone "seat02"
				{Matrix34
					-0.0436191	0.999048	0
					-0.999048	-0.0436191	0
					0	0	1
					40.2996	-13.6136	-23.9747
				}
			}
			{bone "seat04"
				{Matrix34
					0.0871562	0.996195	0
					-0.996195	0.0871562	0
					0	0	1
					28.7863	-13.6689	-23.9747
				}
			}
			{bone "seat06"
				{Matrix34
					-0.0871552	0.996195	0
					-0.996195	-0.0871552	0
					0	0	1
					18.8845	-13.6689	-23.9747
				}
			}
			{bone "seat08"
				{Matrix34
					-0.0436191	0.999048	0
					-0.999048	-0.0436191	0
					0	0	1
					9.31997	-13.6689	-23.9747
				}
			}
			{bone "seat10"
				{Matrix34
					0.130526	0.991445	0
					-0.991445	0.130526	0
					0	0	1
					0.905549	-13.6689	-23.9747
				}
			}
			{bone "seat12"
				{Matrix34
					0.0436196	0.999048	0
					-0.999048	0.0436196	0
					0	0	1
					-7.54772	-13.9528	-23.9747
				}
			}
			{bone "seat14"
				{Matrix34
					0.0436196	0.999048	0
					-0.999048	0.0436196	0
					0	0	1
					-19.1237	-13.385	-23.9747
				}
			}
			{bone "seat13"
				{Matrix34
					-0.0436191	0.999048	0
					-0.999048	-0.0436191	0
					0	0	1
					-27.5523	-13.4048	-23.9747
				}
			}
			{bone "gunner"
				{Position 40.2214	0	-30.5118}
			}
			{bone revolute "mgun_rot_h"
				{Position 50.6235	-0.0326034	-32.5092}
				{bone revolute "mgun_rot_v"
					{Matrix34
						1	0	0
						0	0	-1
						0	1	0
						0	0	1.00684
					}
					{bone "mgun_hlp"
						{Matrix34
							1	0	0
							0	-1	0
							0	0	-1
							-4.99335	0	0
						}
					}
					{bone "shooter00"
						{Matrix34
							0.997564	-0.0697566	0
							0	0	1
							-0.0697566	-0.997564	0
							4.97591	0.0994291	-0.00171648
						}
					}
					{bone "foresight14"
						{Matrix34
							0.997564	-0.0697566	0
							0	0	1
							-0.0697566	-0.997564	0
							4.80515	0.116822	-0.00171648
						}
					}
				}
			}
			{bone "doorl"
				{parameters "ID=body;"}
				{Matrix34
					0.999328	-0.0174456	0.0322448
					0.0174365	0.999848	0.000562617
					-0.0322497	0	0.99948
					29.5247	16.6651	9.24359
				}
				{VolumeView "doorl.ply"}
				{bone "window15"
					{parameters "ID=window15;"}
					{Matrix34
						0.999328	0.0174365	-0.0322497
						-0.0174456	0.999848	0
						0.0322448	0.000562616	0.99948
						0.29356	-0.96274	5.85969
					}
					{VolumeView "window15.ply"}
				}
				{bone "window14"
					{parameters "ID=window14;"}
					{Matrix34
						0.999328	0.0174365	-0.0322497
						-0.0174456	0.999848	0
						0.0322448	0.000562616	0.99948
						-1.82349	-2.85207	15.7622
					}
					{VolumeView "window14.ply"}
				}
			}
			{bone "doorr"
				{parameters "ID=body;"}
				{Matrix34
					0.999543	0	0.0302254
					0	1	0
					-0.0302254	0	0.999543
					29.5247	-17.5045	9.24361
				}
				{VolumeView "doorr.ply"}
				{bone "window12"
					{parameters "ID=window12;"}
					{Matrix34
						0.999543	0	-0.0302254
						0	1	0
						0.0302254	0	0.999543
						0.371519	1.28197	5.85165
					}
					{VolumeView "window12.ply"}
				}
				{bone "window11"
					{parameters "ID=window11;"}
					{Matrix34
						0.999543	0	-0.0302254
						0	1	0
						0.0302254	0	0.999543
						-1.90021	2.63692	15.9472
					}
					{VolumeView "window11.ply"}
				}
			}
			{bone "emit1"
				{parameters "Group=driver;"}
				{Matrix34
					0	-1	0
					1	0	0
					0	0	1
					30.6679	38.1127	-44.4267
				}
				{visibility 0}
			}
			{bone "emit2"
				{parameters "Group=driver;"}
				{Matrix34
					0	1	0
					-1	0	0
					0	0	1
					30.6679	-38.1839	-44.4267
				}
				{visibility 0}
			}
			{bone "emit3"
				{parameters "Group=crew;"}
				{Position -92.5476	10.4285	-44.4267}
				{visibility 0}
			}
			{bone "emit4"
				{parameters "Group=crew;"}
				{Position -92.5476	-10.595	-44.4267}
				{visibility 0}
			}
			{bone "emit5"
				{parameters "Group=crew;"}
				{Matrix34
					0	-1	0
					1	0	0
					0	0	1
					-26.9356	38.1127	-44.4267
				}
				{visibility 0}
			}
			{bone "pivot_back"
				{Position -15.9162	-0.0343215	-29.2311}
				{bone "xxfxtracer2"
					{Matrix34
						1	0	0
						0	0	1
						0	-1	0
						-0.00357246	-36.8296	-15.1806
					}
				}
				{bone revolute "wheelr2"
					{parameters "ID=wheelr;Radius=0.34;support;"}
					{Matrix34
						1	0	0
						0	-0.173179	0.98489
						0	-0.98489	-0.173179
						0	-37.574	-8.46575
					}
					{VolumeView "wheelr2.ply"}
				}
				{bone revolute "wheell2"
					{parameters "ID=wheell;Radius=0.34;support;"}
					{Matrix34
						-0.999878	-0.0155964	0
						-0.00296435	0.190043	0.981771
						-0.0153121	0.981652	-0.190067
						0	37.6125	-8.46573
					}
					{VolumeView "wheell2.ply"}
				}
				{bone "xxfxtracel2"
					{Position -0.0787659	36.8827	-15.1806}
				}
			}
			{bone "pivot_front"
				{Position 58.5429	-0.0343213	-34.8457}
				{bone "xxfxtracer1"
					{Position 0	-14.7959	-9.57893}
				}
				{bone "xxfxtracel1"
					{Position 0	14.8157	-9.57893}
				}
				{bone revolute "wheelr1"
					{parameters "ID=wheelr;Radius=0.2;support;"}
					{Position 0	-14.7771	-5.71454}
					{VolumeView "wheelr1.ply"}
				}
				{bone revolute "wheell1"
					{parameters "ID=wheell;Radius=0.2;support;"}
					{Position 0	14.8157	-5.71454}
					{VolumeView "wheell1.ply"}
				}
			}
			{bone revolute "gun_rot_h"
				{limits -5 5}
				{speed 0.01}
				{Position 39.3827	-0.0343218	-13.9248}
				{bone revolute "gun_rot_v"
					{limits 0 -0}
					{speed 0.01}
					{Matrix34
						1	0	0
						0	0	1
						0	-1	0
						0.0488091	0	0
					}
					{bone "foresight3"
						{Matrix34
							1	0	0
							0	0	-1
							0	1	0
							0.35833	0	0
						}
					}
				}
			}
			{bone "detail_hellfire_r"
				{parameters "id=body;"}
				{VolumeView "detail_hellfire_r.ply"}
				{bone "shooter_a62"
					{Position 10.8399	-31.4037	-22.1988}
				}
				{bone "shooter_a60"
					{Position 10.8399	-31.0836	-23.3754}
				}
				{bone "shooter_a58"
					{Position 10.8399	-31.2634	-24.5717}
				}
				{bone "shooter_a56"
					{Position 10.8399	-32.0404	-25.5087}
				}
				{bone "shooter_a54"
					{Position 10.8399	-33.3531	-25.8683}
				}
				{bone "shooter_a52"
					{Position 10.8399	-34.5019	-25.4185}
				}
				{bone "shooter_a50"
					{Position 10.8399	-35.1375	-24.551}
				}
				{bone "shooter_a48"
					{Position 10.8399	-35.5372	-23.3533}
				}
				{bone "shooter_a46"
					{Position 10.8399	-35.2586	-22.2783}
				}
				{bone "shooter_a44"
					{Position 10.8399	-34.2406	-21.4425}
				}
				{bone "shooter_a42"
					{Position 10.8399	-32.2874	-21.5448}
				}
				{bone "shooter_a40"
					{Position 16.2599	-32.1796	-23.0822}
				}
				{bone "shooter_a38"
					{Position 16.2599	-32.5122	-24.401}
				}
				{bone "shooter_a36"
					{Position 16.2599	-33.8789	-24.4196}
				}
				{bone "shooter_a34"
					{Position 16.2599	-34.3339	-23.1471}
				}
				{bone "shooter_a32"
					{Position 16.2599	-33.3038	-22.2818}
				}
				{bone "shooter_a30"
					{Position 10.8399	-38.8954	-22.1988}
				}
				{bone "shooter_a28"
					{Position 10.8399	-38.5752	-23.3753}
				}
				{bone "shooter_a26"
					{Position 10.8399	-38.7551	-24.5717}
				}
				{bone "shooter_a24"
					{Position 10.8399	-39.5321	-25.5087}
				}
				{bone "shooter_a22"
					{Position 10.8399	-40.8447	-25.8683}
				}
				{bone "shooter_a20"
					{Position 10.8399	-41.9935	-25.4185}
				}
				{bone "shooter_a18"
					{Position 10.8399	-42.6291	-24.551}
				}
				{bone "shooter_a16"
					{Position 10.8399	-43.0289	-23.3533}
				}
				{bone "shooter_a14"
					{Position 10.8399	-42.7502	-22.2783}
				}
				{bone "shooter_a12"
					{Position 10.8399	-41.7322	-21.4425}
				}
				{bone "shooter_a10"
					{Position 10.8399	-39.779	-21.5448}
				}
				{bone "shooter_a08"
					{Position 16.2599	-39.6712	-23.0822}
				}
				{bone "shooter_a06"
					{Position 16.2599	-40.0039	-24.401}
				}
				{bone "shooter_a04"
					{Position 16.2599	-41.3705	-24.4196}
				}
				{bone "shooter_a02"
					{Position 16.2599	-41.8255	-23.1471}
				}
				{bone "shooter_a00"
					{Position 16.2599	-40.7955	-22.2818}
				}
			}
			{bone "detail_hellfire_l"
				{parameters "id=body;"}
				{VolumeView "detail_hellfire_l.ply"}
				{bone "shooter_a01"
					{Position 16.2738	40.5993	-22.22}
				}
				{bone "shooter_a03"
					{Position 16.2738	39.5693	-23.0853}
				}
				{bone "shooter_a05"
					{Position 16.2738	40.0243	-24.3578}
				}
				{bone "shooter_a07"
					{Position 16.2738	41.3909	-24.3392}
				}
				{bone "shooter_a09"
					{Position 16.2738	41.7236	-23.0204}
				}
				{bone "shooter_a11"
					{Position 10.8538	41.6157	-21.4829}
				}
				{bone "shooter_a13"
					{Position 10.8538	39.6626	-21.3807}
				}
				{bone "shooter_a15"
					{Position 10.8538	38.6446	-22.2165}
				}
				{bone "shooter_a17"
					{Position 10.8538	38.3659	-23.2915}
				}
				{bone "shooter_a19"
					{Position 10.8538	38.7657	-24.4892}
				}
				{bone "shooter_a21"
					{Position 10.8538	39.4012	-25.3567}
				}
				{bone "shooter_a23"
					{Position 10.8538	40.55	-25.8065}
				}
				{bone "shooter_a25"
					{Position 10.8538	41.8627	-25.4469}
				}
				{bone "shooter_a27"
					{Position 10.8538	42.6397	-24.5099}
				}
				{bone "shooter_a29"
					{Position 10.8538	42.8196	-23.3135}
				}
				{bone "shooter_a31"
					{Position 10.8538	42.4994	-22.137}
				}
				{bone "shooter_a33"
					{Position 16.2738	33.3578	-22.22}
				}
				{bone "shooter_a35"
					{Position 16.2738	32.3277	-23.0853}
				}
				{bone "shooter_a37"
					{Position 16.2738	32.7827	-24.3578}
				}
				{bone "shooter_a39"
					{Position 16.2738	34.1494	-24.3392}
				}
				{bone "shooter_a41"
					{Position 16.2738	34.482	-23.0204}
				}
				{bone "shooter_a43"
					{Position 10.8538	34.3742	-21.4829}
				}
				{bone "shooter_a45"
					{Position 10.8538	32.4211	-21.3807}
				}
				{bone "shooter_a47"
					{Position 10.8538	31.403	-22.2165}
				}
				{bone "shooter_a49"
					{Position 10.8538	31.1244	-23.2915}
				}
				{bone "shooter_a51"
					{Position 10.8538	31.5241	-24.4892}
				}
				{bone "shooter_a53"
					{Position 10.8538	32.1597	-25.3567}
				}
				{bone "shooter_a55"
					{Position 10.8538	33.3085	-25.8065}
				}
				{bone "shooter_a57"
					{Position 10.8538	34.6212	-25.4469}
				}
				{bone "shooter_a59"
					{Position 10.8538	35.3982	-24.5099}
				}
				{bone "shooter_a61"
					{Position 10.8538	35.578	-23.3135}
				}
				{bone "shooter_a63"
					{Position 10.8538	35.2579	-22.137}
				}
			}
		}
	}
}
{Obstacle "body3"
	{Obb2
		{Center 74.2637 0.126932}
		{Extent 4.93049 16.2199}
		{Axis 1 0}
	}
	{Rotate}
	{Rotate}
}
{Obstacle "body4"
	{Obb2
		{Center -19.4088 0.953665}
		{Extent 65.929 23.0166}
		{Axis 1 0}
	}
	{Rotate}
	{Rotate}
}
{Obstacle "body"
	{Obb2
		{Center 56.1371 0.47723}
		{Extent 13.2923 22.5403}
		{Axis 1 0}
	}
	{Rotate}
	{Rotate}
}
{Volume "body1"
	{Polyhedron "body1.vol"}
	{Bone "body"}
	{Position -193.944	-0.16125	5.98811}
}
{Volume "body2"
	{Polyhedron "body2.vol"}
	{Bone "body"}
	{Matrix34
		0.78215	0	-0.623091
		0	1	0
		0.623091	0	0.78215
		-238.082	-0.161253	22.5071
	}
}
{Volume "body3"
	{Polyhedron "body3.vol"}
	{Bone "body"}
	{Position 78.6532	-0.161253	-15.6902}
}
{Volume "body4"
	{Polyhedron "body4.vol"}
	{Bone "body"}
	{Position 3.78009	-0.161253	-25.8846}
}
{Volume "body5"
	{Box 41.1455 18.2369 11.1134}
	{Bone "body"}
	{Matrix34
		0.999727	0	0.0233548
		0	1	0
		-0.0233548	0	0.999727
		32.0509	0	-29.2165
	}
}
{Volume "body"
	{Polyhedron "body.vol"}
	{Bone "body"}
	{Position 3.78009	-0.161253	-25.8846}
}
{Volume "engine"
	{Box 15.904 51.6382 11.6371}
	{Bone "engine"}
	{Position -0.0117188	0.0150738	0.362015}
}
{Volume "propeller1"
	{Box 14.1778 191.877 2.31076}
	{Bone "propeller1"}
	{Matrix34
		-0.00655326	0.999979	0
		-0.999979	-0.00655326	0
		0	0	1
		110.22	4.30197	5.14697
	}
}
{Volume "propeller2"
	{Box 14.1778 191.877 2.31076}
	{Bone "propeller2"}
	{Position 4.30829	-110.223	5.14697}
}
{Volume "propeller3"
	{Box 14.1778 191.877 2.31076}
	{Bone "propeller3"}
	{Matrix34
		-0.0117511	0.999931	0
		-0.999931	-0.011751	0
		0	0	1
		-110.217	-4.31096	5.14697
	}
}
{Volume "propeller4"
	{Box 14.1778 191.877 2.31076}
	{Bone "propeller"}
	{Position -4.30466	110.214	5.14697}
}
{Volume "propeller_b1"
	{Box 8.50671 31.099 2.31076}
	{Bone "propeller_b1"}
	{Matrix34
		0.877805	-0.479019	0
		0.479019	0.877805	0
		0	0	1
		8.41556	18.3074	2.14345
	}
}
{Volume "propeller_b2"
	{Box 8.50671 31.099 2.31076}
	{Bone "propeller_b2"}
	{Matrix34
		-0.0294319	0.999567	0
		-0.999567	-0.0294315	0
		0	0	1
		-20.1881	-2.33038	2.14345
	}
}
{Volume "propeller_b"
	{Box 8.50671 31.099 2.31076}
	{Bone "propeller_b"}
	{Matrix34
		0.848375	0.529397	0
		-0.529398	0.848374	0
		0	0	1
		11.6163	-16.581	2.14343
	}
}
{Volume "rotor_b"
	{Box 11.811 11.811 6.05407}
	{Bone "rotor_b"}
	{Matrix34
		0	0	1
		0	1	0
		-1	0	0
		-3.02703	0	-3.05176e-005
	}
}
{Volume "rotor"
	{Box 19.685 19.685 17.622}
	{Bone "rotor"}
	{Position 0.00192261	-0.0045166	3.6782}
}
{Volume "wheell1"
	{Cylinder 4.05512 2.77559}
	{Bone "wheell1"}
	{Matrix34
		1	0	0
		0	0	1
		0	-1	0
		0	0.0185624	0
	}
}
{Volume "wheell2"
	{Cylinder 7.15245 6.74789}
	{Bone "wheell2"}
	{Matrix34
		-0.999878	-0.00296447	-0.0153122
		0	0.981771	-0.190067
		0.0155965	-0.190044	-0.981652
		-0.000671528	0.125539	0.0194602
	}
}
{Volume "wheelr1"
	{Cylinder 4.05044 2.77675}
	{Bone "wheelr1"}
	{Matrix34
		1	0	0
		0	0	1
		0	-1	0
		0	-0.0187527	0
	}
}
{Volume "wheelr2"
	{Cylinder 7.15245 6.74789}
	{Bone "wheelr2"}
	{Matrix34
		1	0	0
		0	0.98489	-0.173179
		0	0.173179	0.98489
		-0.00357246	0.114988	-0.0271187
	}
}
{Volume "window10"
	{Box 8.84724 3.13259 11.7685}
	{Bone "window10"}
	{Position -0.0334129	0	0.00557804}
}
{Volume "window11"
	{Box 10.1743 3.13259 11.7685}
	{Bone "window11"}
	{Position 0.0292244	0.730755	0.142657}
}
{Volume "window12"
	{Box 15.1598 3.13259 7.96139}
	{Bone "window12"}
	{Position -0.159569	0.135139	-0.0625386}
}
{Volume "window13"
	{Box 8.84724 3.13259 11.7685}
	{Bone "window13"}
	{Position -0.0334129	0.0257072	0.00557804}
}
{Volume "window14"
	{Box 10.1743 3.13259 11.7685}
	{Bone "window14"}
	{Position 0.0281944	-0.188391	0.331606}
}
{Volume "window15"
	{Box 15.1598 3.13259 7.96139}
	{Bone "window15"}
	{Position -0.0526886	0.543381	-0.0678792}
}
{Volume "window16"
	{Box 9.29857 17.1328 19.8084}
	{Bone "window16"}
	{Matrix34
		0.864059	0	0.503391
		0	1	0
		-0.503391	0	0.864059
		-0.266399	-0.676767	0.319942
	}
}
{Volume "window17"
	{Box 9.29857 17.1328 19.8084}
	{Bone "window17"}
	{Matrix34
		0.864059	0	0.503391
		0	1	0
		-0.503391	0	0.864059
		-0.266399	-1.78127	0.319942
	}
}
{Volume "window1"
	{Box 8.34646 3.13259 8.34646}
	{Bone "window1"}
	{Position -0.113895	0	0.0529547}
}
{Volume "window2"
	{Box 8.34646 3.13259 8.34646}
	{Bone "window2"}
	{Position 0	0	0}
}
{Volume "window3"
	{Box 8.34646 3.13259 8.34646}
	{Bone "window3"}
	{Position 0	0	0}
}
{Volume "window4"
	{Box 8.34646 3.13259 8.34646}
	{Bone "window4"}
	{Position 0	0	0}
}
{Volume "window5"
	{Box 8.34646 3.13259 8.34646}
	{Bone "window5"}
	{Position 0	0	0}
}
{Volume "window6"
	{Box 8.34646 3.13259 8.34646}
	{Bone "window6"}
	{Position 0	0	0}
}
{Volume "window7"
	{Box 2.87073 3.9456 8.60497}
	{Bone "window7"}
	{Position 0	0	0.0284338}
}
{Volume "window8"
	{Box 2.87073 10.1402 9.20732}
	{Bone "window8"}
	{Position -0.000862122	0.0118427	-0.0224352}
}
{Volume "window9"
	{Box 2.87073 3.9456 8.60497}
	{Bone "window9"}
	{Position 0	0.0412188	0.0284338}
}
