;Exported by: misan
;Date:        Tue Mar 29 14:05:03 2022
;File:        D:\Cold War\Models\Su-7\Su-7_airstrike.max
{Skeleton
	{animation
		{sequence "flyin_1" {speed 0.05}}
		{sequence "approach_1" {speed 0.075}}
		{sequence "flyout_1" {speed 0.125}}
		{sequence "flyin_2" {speed 0.05}}
		{sequence "approach_2" {speed 0.075}}
		{sequence "flyout_2" {speed 0.125}}
		{sequence "flyin_3" {speed 0.05}}
		{sequence "approach_3" {speed 0.075}}
		{sequence "flyout_3" {speed 0.125}}
		{sequence "flyin_4" {speed 0.05}}
		{sequence "approach_4" {speed 0.075}}
		{sequence "flyout_4" {speed 0.125}}
		{sequence "flyin_5" {speed 0.05}}
		{sequence "approach_5" {speed 0.075}}
		{sequence "flyout_5" {speed 0.125}}
		{sequence "flyin_6" {speed 0.05}}
		{sequence "approach_6" {speed 0.075}}
		{sequence "flyout_6" {speed 0.125}}
		{sequence "flyin_7" {speed 0.05}}
		{sequence "approach_7" {speed 0.075}}
		{sequence "flyout_7" {speed 0.125}}
		{sequence "flyin_8" {speed 0.05}}
		{sequence "approach_8" {speed 0.075}}
		{sequence "flyout_8" {speed 0.125}}
	}
	{bone "basis"
		{Orientation
			1	0	0
			0	-1	0
			0	0	1
		}
		{bone "body"
			{Position -12568.8	-0.141543	1968.5}
			{VolumeView "body.ply"}
			{bone "cockpit"
				{Matrix34
					0.996195	0	-0.0871557
					0	1	0
					0.0871557	0	0.996195
					84.4824	0.0165514	12.8044
				}
				{VolumeView "cockpit.ply"}
				{bone "window4"
					{Matrix34
						0	1	0
						0	0	1
						1	0	0
						-28.3838	-0.0926027	0.676025
					}
					{VolumeView "window4.ply"}
				}
			}
			{bone "wingr1"
				{Position -14.3574	-42.1075	-6.14941}
				{VolumeView "wingr1.ply"}
				{bone "flap2"
					{Matrix34
						0.763129	0.645501	0.0310147
						-0.642788	0.763129	-0.0667654
						-0.0667654	0.0310148	0.997287
						-41.1143	8.4122	0.628174
					}
					{VolumeView "flap2.ply"}
				}
				{bone "wingr2"
					{Position -78.5527	-32.8111	-2.20605}
					{VolumeView "wingr2.ply"}
					{bone "aileron2"
						{Matrix34
							0.765482	0.641985	0.0434986
							-0.642938	0.765829	0.0116554
							-0.0258299	-0.0368889	0.998986
							-1.43066	2.24976	0.890137
						}
						{VolumeView "aileron2.ply"}
					}
					{bone "wingtipr"
						{Matrix34
							-1	0	0
							0	-1	0
							0	0	1
							-7.75488	-16.55	0.413452
						}
					}
				}
				{bone "wheelflapr1"
					{Position -2.3291	3.54649	-0.213013}
					{VolumeView "wheelflapr1.ply"}
				}
				{bone "wheelflapr2"
					{Position -4.02637	2.10807	-1.54431}
					{VolumeView "wheelflapr2.ply"}
				}
				{bone "hardpoint_2"
					{Position -22.2217	-6.17058	-6.98206}
				}
				{bone "foresight5"
					{Matrix34
						-1	0	0
						0	-1	0
						0	0	1
						65.4629	21.9102	3.00415
					}
				}
			}
			{bone "wingl1"
				{Position -14.3574	42.2962	-6.14941}
				{VolumeView "wingl1.ply"}
				{bone "wingl2"
					{Position -78.1982	32.9118	-2.18237}
					{VolumeView "wingl2.ply"}
					{bone "aileron1"
						{Matrix34
							0.765526	-0.642047	0.041794
							0.642927	0.765846	-0.0111985
							-0.0248178	0.0354433	0.999064
							-1.44141	-2.22746	0.866455
						}
						{VolumeView "aileron1.ply"}
					}
					{bone "wingtipl"
						{Matrix34
							-1	0	0
							0	-1	0
							0	0	1
							-8.10938	16.5338	0.389893
						}
					}
				}
				{bone "flap1"
					{Matrix34
						0.763129	-0.645501	0.0310147
						0.642788	0.763129	0.0667652
						-0.0667652	-0.0310146	0.997287
						-40.7725	-8.21913	0.628174
					}
					{VolumeView "flap1.ply"}
				}
				{bone "wheelflapl1"
					{Position -1.93945	-3.54849	-0.213013}
					{VolumeView "wheelflapl1.ply"}
				}
				{bone "wheelflapl2"
					{Position -3.66309	-2.01083	-1.54431}
					{VolumeView "wheelflapl2.ply"}
				}
				{bone "hardpoint_1"
					{Position -22.2217	6.22863	-6.98206}
				}
				{bone "foresight4"
					{Matrix34
						-1	0	0
						0	-1	0
						0	0	1
						65.4629	-22.0237	3.00415
					}
				}
			}
			{bone "rudder"
				{Matrix34
					0.661578	0	-0.749876
					0	1	0
					0.749876	0	0.661578
					-155.612	0.141542	36.8005
				}
				{VolumeView "rudder.ply"}
			}
			{bone "elevator2"
				{Matrix34
					0.996195	-0.0871557	0
					0.0871557	0.996195	0
					0	0	1
					-135.466	-14.1583	-2.64758
				}
				{VolumeView "elevator2.ply"}
			}
			{bone "elevator1"
				{Matrix34
					0.996195	0.0871557	0
					-0.0871557	0.996195	0
					0	0	1
					-135.466	14.1274	-2.64758
				}
				{VolumeView "elevator1.ply"}
			}
			{bone "engine"
				{Position 0.0625	0.141543	0}
				{VolumeView "engine.ply"}
				{bone "enginefx"
					{Matrix34
						-1	0	0
						0	-1	0
						0	0	1
						-156.98	-0.805745	1.4873
					}
				}
			}
			{bone "window2"
				{Matrix34
					0	1	0
					0.0871556	0	0.996195
					0.996195	0	-0.0871556
					56.2666	-0.0255653	15.9518
				}
				{VolumeView "window2.ply"}
			}
			{bone "window1"
				{Matrix34
					0	1	0
					0.0871556	0	0.996195
					0.996195	0	-0.0871556
					56.2666	-0.0255653	15.9518
				}
				{VolumeView "window1.ply"}
			}
			{bone "window3"
				{Matrix34
					0	1	0
					0.0871556	0	0.996195
					0.996195	0	-0.0871556
					56.2666	-0.0255653	15.9518
				}
				{VolumeView "window3.ply"}
			}
			{bone "wheelflapf1"
				{Matrix34
					0	1	0
					0	0	1
					1	0	0
					87.9688	3.91109	-14.7263
				}
				{VolumeView "wheelflapf1.ply"}
			}
			{bone "wheelflapf2"
				{Matrix34
					0	1	0
					0	0	-1
					-1	0	0
					87.9688	-3.60096	-14.7263
				}
				{VolumeView "wheelflapf2.ply"}
			}
			{bone "hardpoint_4"
				{Position 12.0273	-5.68417	-19.6464}
			}
			{bone "hardpoint_3"
				{Position 12.0273	5.57598	-19.6464}
			}
		}
	}
}
{Volume "body1"
	{Cylinder 17.3646 307.837}
	{Bone "body"}
	{Matrix34
		0	-1	0
		0	0	1
		-1	0	0
		-13.7972	-0.131034	0.589819
	}
}
{Volume "body2"
	{Polyhedron "body2.vol"}
	{Bone "wingl1"}
	{Position 17.2939	-7.67756	-3.87085}
}
{Volume "body3"
	{Polyhedron "body3.vol"}
	{Bone "wingr1"}
	{Position 17.2939	6.95717	-3.87085}
}
