;Exported by: misan
;Date:        Thu Mar 31 13:11:42 2022
;File:        D:\Cold War\Models\Su-7\Su-7_airstrike.max
{Skeleton
	{bone "basis"
		{Orientation
			1	0	0
			0	-1	0
			0	0	1
		}
		{bone "body"
			{VolumeView "body.ply"}
			{bone "cockpit"
				{Matrix34
					0.996195	0	-0.0871557
					0	1	0
					0.0871557	0	0.996195
					84.4829	0.0165514	12.8044
				}
				{VolumeView "cockpit.ply"}
				{bone "window4"
					{Matrix34
						0	1	0
						0	0	1
						1	0	0
						-28.3834	-0.0926027	0.676107
					}
					{VolumeView "window4.ply"}
				}
			}
			{bone "wingr1"
				{Position -14.3577	-42.1075	-6.14942}
				{VolumeView "wingr1.ply"}
				{bone "flap2"
					{Matrix34
						0.763129	0.645501	0.0310147
						-0.642788	0.763129	-0.0667654
						-0.0667654	0.0310148	0.997287
						-41.1139	8.4122	0.628215
					}
					{VolumeView "flap2.ply"}
				}
				{bone "wingr2"
					{Position -78.5527	-32.8111	-2.20608}
					{VolumeView "wingr2.ply"}
					{bone "aileron2"
						{Matrix34
							0.765482	0.641985	0.0434986
							-0.642938	0.765829	0.0116554
							-0.0258299	-0.0368889	0.998986
							-1.43108	2.24976	0.890189
						}
						{VolumeView "aileron2.ply"}
					}
					{bone "wingtipr"
						{Matrix34
							-1	0	0
							0	-1	0
							0	0	1
							-7.75502	-16.55	0.413496
						}
					}
				}
				{bone "wheelflapr1"
					{Position -2.32885	3.54649	-0.213033}
					{VolumeView "wheelflapr1.ply"}
				}
				{bone "wheelflapr2"
					{Position -4.02622	2.10807	-1.54426}
					{VolumeView "wheelflapr2.ply"}
				}
				{bone "hardpoint_2"
					{Position -22.222	-6.17058	-6.98205}
				}
				{bone "foresight5"
					{Matrix34
						-1	0	0
						0	-1	0
						0	0	1
						65.4627	21.9102	3.00409
					}
				}
			}
			{bone "wingl1"
				{Position -14.3577	42.2962	-6.14942}
				{VolumeView "wingl1.ply"}
				{bone "wingl2"
					{Position -78.1984	32.9118	-2.1824}
					{VolumeView "wingl2.ply"}
					{bone "aileron1"
						{Matrix34
							0.765526	-0.642047	0.041794
							0.642927	0.765846	-0.0111985
							-0.0248178	0.0354433	0.999064
							-1.44156	-2.22746	0.866515
						}
						{VolumeView "aileron1.ply"}
					}
					{bone "wingtipl"
						{Matrix34
							-1	0	0
							0	-1	0
							0	0	1
							-8.10935	16.5338	0.389875
						}
					}
				}
				{bone "flap1"
					{Matrix34
						0.763129	-0.645501	0.0310147
						0.642788	0.763129	0.0667652
						-0.0667652	-0.0310146	0.997287
						-40.7724	-8.21913	0.628215
					}
					{VolumeView "flap1.ply"}
				}
				{bone "wheelflapl1"
					{Position -1.93931	-3.54849	-0.213033}
					{VolumeView "wheelflapl1.ply"}
				}
				{bone "wheelflapl2"
					{Position -3.66319	-2.01083	-1.54426}
					{VolumeView "wheelflapl2.ply"}
				}
				{bone "hardpoint_1"
					{Position -22.222	6.22863	-6.98205}
				}
				{bone "foresight4"
					{Matrix34
						-1	0	0
						0	-1	0
						0	0	1
						65.4627	-22.0237	3.00409
					}
				}
			}
			{bone "rudder"
				{Matrix34
					0.661578	0	-0.749876
					0	1	0
					0.749876	0	0.661578
					-155.613	0.141542	36.8005
				}
				{VolumeView "rudder.ply"}
			}
			{bone "elevator2"
				{Matrix34
					0.996195	-0.0871557	0
					0.0871557	0.996195	0
					0	0	1
					-135.465	-14.1583	-2.64761
				}
				{VolumeView "elevator2.ply"}
			}
			{bone "elevator1"
				{Matrix34
					0.996195	0.0871557	0
					-0.0871557	0.996195	0
					0	0	1
					-135.465	14.1274	-2.64761
				}
				{VolumeView "elevator1.ply"}
			}
			{bone "engine"
				{Position 0.0626221	0.141543	0}
				{VolumeView "engine.ply"}
				{bone "enginefx"
					{Matrix34
						-1	0	0
						0	-1	0
						0	0	1
						-156.981	-0.805745	1.4873
					}
				}
			}
			{bone "window2"
				{Matrix34
					0	1	0
					0.0871556	0	0.996195
					0.996195	0	-0.0871556
					56.2664	-0.0255653	15.9517
				}
				{VolumeView "window2.ply"}
			}
			{bone "window1"
				{Matrix34
					0	1	0
					0.0871556	0	0.996195
					0.996195	0	-0.0871556
					56.2664	-0.0255653	15.9517
				}
				{VolumeView "window1.ply"}
			}
			{bone "window3"
				{Matrix34
					0	1	0
					0.0871556	0	0.996195
					0.996195	0	-0.0871556
					56.2664	-0.0255653	15.9517
				}
				{VolumeView "window3.ply"}
			}
			{bone "wheelflapf1"
				{Matrix34
					0	1	0
					0	0	1
					1	0	0
					87.9686	3.91109	-14.7263
				}
				{VolumeView "wheelflapf1.ply"}
			}
			{bone "wheelflapf2"
				{Matrix34
					0	1	0
					0	0	-1
					-1	0	0
					87.9686	-3.60096	-14.7263
				}
				{VolumeView "wheelflapf2.ply"}
			}
			{bone "hardpoint_4"
				{Position 12.0273	-5.68417	-19.6463}
			}
			{bone "hardpoint_3"
				{Position 12.0273	5.57598	-19.6463}
			}
		}
	}
}
{Volume "body1"
	{Cylinder 17.3646 307.837}
	{Bone "body"}
	{Matrix34
		0	-1	0
		0	0	1
		-1	0	0
		-13.7974	-0.131034	0.589803
	}
}
{Volume "body2"
	{Polyhedron "body2.vol"}
	{Bone "wingl1"}
	{Position 17.2943	-7.67756	-3.87083}
}
{Volume "body3"
	{Polyhedron "body3.vol"}
	{Bone "wingr1"}
	{Position 17.2943	6.95717	-3.87083}
}
