;Exported by: misan
;Date:        Wed May 31 11:10:58 2023
;File:        D:\Cold War\ModelWIP\West Germany\DKW Munga\Munga 8\Munga 8 M40 XX.max
{Skeleton
	{bone "basis"
		{Orientation
			1	0	0
			0	-1	0
			0	0	1
		}
		{bone "emit1"
			{Matrix34
				0	-1	0
				1	0	0
				0	0	1
				2.05898	22.4738	0
			}
		}
		{bone "emit2"
			{Matrix34
				0	1	0
				-1	0	0
				0	0	1
				2.05898	-22.5623	0
			}
		}
		{bone "body"
			{parameters "id=body;"}
			{Position 2.76457	0.0930268	15.213}
			{VolumeView "body.ply"}
			{bone "commander"
				{Position -0.638177	-6.84397	-7.76472}
			}
			{bone "driver"
				{Position -0.896128	6.91343	-7.76472}
			}
			{bone "engine"
				{parameters "id=engine;"}
				{Position 12.7368	0.00121211	6.82132}
				{VolumeView "engine.ply"}
			}
			{bone "fxfire1"
				{Position 21.2444	0.73847	3.79629}
			}
			{bone "link2"
				{Matrix34
					-1	0	0
					0	-1	0
					0	0	1
					-34.1478	-0.0549488	-6.15311
				}
			}
			{bone "steering"
				{parameters "id=body;"}
				{Matrix34
					0.59743	-0.570511	-0.563556
					-0.0358181	0.683072	-0.729472
					0.801121	0.455994	0.387653
					5.75154	6.40679	8.07094
				}
				{VolumeView "steering.ply"}
			}
			{bone "visor"
				{Position 8.66528	-0.0930268	13.295}
			}
			{bone "windscreen"
				{parameters "id=shield3;"}
				{Matrix34
					0.559508	0.0697684	0.825883
					-0.22774	0.971038	0.0722553
					-0.796922	-0.228514	0.559193
					6.86761	-0.0705959	7.21035
				}
				{VolumeView "windscreen.ply"}
			}
			{bone "doorb"
				{parameters "id=body;"}
				{Matrix34
					-0.984808	0	0.173648
					0	1	0
					-0.173648	0	-0.984808
					-35.2727	-0.0329296	-3.94865
				}
				{VolumeView "doorb.ply"}
			}
			{bone "fxfire5"
				{Position -25.5452	-0.147579	-1.9807}
			}
			{bone revolute "wheell1"
				{parameters "id=wheelleft1;"}
				{Matrix34
					0.980321	-0.0916868	0.174824
					0.185957	0.131656	-0.973698
					0.0662585	0.987046	0.146115
					19.1855	11.8852	-7.75492
				}
				{VolumeView "wheell1.ply"}
			}
			{bone revolute "wheell2"
				{parameters "id=wheelleft2;"}
				{Matrix34
					0.996283	0.0223313	0.0831962
					0.0739358	0.273909	-0.958909
					-0.0442019	0.961496	0.27124
					-21.0941	11.8852	-7.75492
				}
				{VolumeView "wheell2.ply"}
			}
			{bone revolute "wheelr1"
				{parameters "id=wheelright1;"}
				{Matrix34
					0.974832	-0.0554915	0.215926
					0.208415	-0.117071	-0.971008
					0.0791615	0.991572	-0.102559
					19.1855	-11.9111	-7.75492
				}
				{VolumeView "wheelr1.ply"}
			}
			{bone revolute "wheelr2"
				{parameters "id=wheelright2;"}
				{Matrix34
					0.977153	0.00194854	-0.212527
					-0.210759	0.137925	-0.967759
					0.0274271	0.990441	0.135185
					-21.0941	-11.9111	-7.75492
				}
				{VolumeView "wheelr2.ply"}
			}
		}
		{bone "emit3"
			{Matrix34
				0	-1	0
				1	0	0
				0	0	1
				-20.1568	27.1564	0
			}
		}
		{bone "emit4"
			{Matrix34
				0	1	0
				-1	0	0
				0	0	1
				-20.1568	-30.0856	0
			}
		}
	}
}
{Volume "ammo"
	{Box 17.793 17.1173 4.14418}
	{Bone "body"}
	{Position -24.8301	-0.244189	-2.19185}
}
{Volume "body1"
	{Polyhedron "body1.vol"}
	{Bone "body"}
	{Position 21.2627	0.113711	-5.47788}
}
{Volume "body2"
	{Polyhedron "body2.vol"}
	{Bone "body"}
	{Position 20.8976	-0.0585171	-5.39407}
}
{Volume "body3"
	{Box 41.1247 27.7801 6.32186}
	{Bone "body"}
	{Position -10.0254	-0.176195	-3.49612}
}
{Volume "body4"
	{Box 12.2065 7.37303 1.67274}
	{Bone "body"}
	{Matrix34
		1	0	0
		0	0	1
		0	-1	0
		-24.491	-13.1207	3.33704
	}
}
{Volume "body5"
	{Box 12.2065 7.37303 1.67274}
	{Bone "body"}
	{Matrix34
		1	0	0
		0	0	1
		0	-1	0
		-24.491	13.2413	3.33704
	}
}
{Volume "engine"
	{Box 16.1358 9.72154 7.21599}
	{Bone "body"}
	{Position 21.185	0.310938	1.34414}
}
{Volume "fuel1"
	{Box 10.527 4.61295 9.28505}
	{Bone "body"}
	{Matrix34
		1	0	0
		0	0	1
		0	-1	0
		-0.64538	-6.92835	-4.38802
	}
}
{Volume "fuel2"
	{Box 10.527 4.61295 9.28505}
	{Bone "body"}
	{Matrix34
		1	0	0
		0	0	1
		0	-1	0
		-0.64538	6.80384	-4.38802
	}
}
{Volume "hole1"
	{Cylinder 8.09727 6.77461}
	{Bone "body"}
	{Matrix34
		1	0	0
		0	0	1
		0	-1	0
		19.0602	-12.9306	-5.9462
	}
}
{Volume "hole2"
	{Cylinder 8.09727 6.77461}
	{Bone "body"}
	{Matrix34
		1	0	0
		0	0	1
		0	-1	0
		19.0602	12.8425	-5.9462
	}
}
{Volume "hole3"
	{Cylinder 8.09727 6.77461}
	{Bone "body"}
	{Matrix34
		1	0	0
		0	0	1
		0	-1	0
		-21.2717	-12.9306	-7.43811
	}
}
{Volume "hole4"
	{Cylinder 8.09727 6.77461}
	{Bone "body"}
	{Matrix34
		1	0	0
		0	0	1
		0	-1	0
		-21.2717	12.8425	-7.43811
	}
}
{Volume "shield3"
	{Box 27.064 12.7663 0.786762}
	{Bone "windscreen"}
	{Matrix34
		0	1	0
		-0.422619	0	0.906308
		0.906308	0	0.422618
		-3.93539	-0.0880788	7.53929
	}
}
{Volume "wheelleft1"
	{Cylinder 7.61512 4.06101}
	{Bone "wheell1"}
	{Matrix34
		1	0	0
		0	-1	0
		0	0	-1
		0.0355912	0.00592027	-0.118893
	}
}
{Volume "wheelleft2"
	{Cylinder 7.61512 4.06101}
	{Bone "wheell2"}
	{Matrix34
		1	0	0
		0	-1	0
		0	0	-1
		-0.175789	0.00592024	-0.118892
	}
}
{Volume "wheelright1"
	{Cylinder 7.61512 4.06101}
	{Bone "wheelr1"}
	{Matrix34
		1	0	0
		0	-1	0
		0	0	-1
		0.0355931	0.00592106	0.0364408
	}
}
{Volume "wheelright2"
	{Cylinder 7.61512 4.06101}
	{Bone "wheelr2"}
	{Matrix34
		1	0	0
		0	-1	0
		0	0	-1
		-0.175789	0.00592066	0.0364413
	}
}
