;Exported by: Administrator
;Date:        Mon Mar 03 00:30:41 2014
;File:        D:\Administrator\Documents\3dsmax\scenes\tank\leopard.max
{Skeleton
	{animation
		{sequence "start"}
		{sequence "stop"}
		{sequence "fire"}
		{sequence "hit"}
	}
	{bone "basis"
		{parameters "Wheelradius=0.356598;"}
		{Orientation
			1	0	0
			0	-1	0
			0	0	1
		}
		{bone "fxtracer1"
			{Matrix34
				-0.965926	0	0.258819
				0	-1	0
				0.258819	0	0.965926
				42.9927	-26.4326	-0.917321
			}
		}
		{bone "fxtracer2"
			{Matrix34
				-0.965926	0	0.258819
				0	-1	0
				0.258819	0	0.965926
				-43.8211	-26.4326	-0.91734
			}
		}
		{bone "fxtracel2"
			{Matrix34
				-0.965926	0	0.258819
				0	-1	0
				0.258819	0	0.965926
				-43.8211	26.4326	-0.917328
			}
		}
		{bone "fxtracel1"
			{Matrix34
				-0.965926	0	0.258819
				0	-1	0
				0.258819	0	0.965926
				42.9927	26.4326	-0.917308
			}
		}
		{bone "body"
			{parameters "id=body;"}
			{Position 0	0	19.685}
			{VolumeView "body.ply"}
			{bone revolute "turret"
				{parameters "id=turret;"}
				{Position 10.4331	0	19.685}
				{VolumeView "turret.ply"}
				{bone revolute "gun_rot"
					{parameters "id=spa;"}
					{Matrix34
						1	0	0
						0	0	1
						0	-1	0
						20.426	0	-2.23722
					}
					{VolumeView "gun_rot.ply"}
					{bone "gun"
						{parameters "id=gun;"}
						{Matrix34
							1	0	0
							0	-1	0
							0	0	-1
							49.0821	0.809776	-0.000438052
						}
						{VolumeView "gun.ply"}
						{bone "foresight1"
							{Matrix34
								1	1.59695e-005	1.54351e-005
								1.54311e-005	-1	0
								1.53034e-005	0	-1
								38.3986	0.218731	-0.00663918
							}
						}
					}
					{bone "foresight5"
						{Matrix34
							1	-1.5685e-005	-1.4976e-005
							1.52957e-005	1	0
							1.45514e-005	0	1
							10.4175	1.5351	-7.45227
						}
					}
				}
				{bone "smoke_shot7"
					{Matrix34
						-0.664463	-0.241845	-0.707107
						-0.34202	0.939693	0
						0.664463	0.241845	-0.707107
						-18.3637	21.3768	7.09288
					}
				}
				{bone "smoke_shot6"
					{Matrix34
						-0.683013	-0.183013	-0.707107
						-0.258819	0.965926	0
						0.683013	0.183013	-0.707107
						-14.6512	22.9923	7.09288
					}
				}
				{bone "smoke_shot5"
					{Matrix34
						-0.704416	-0.0616284	-0.707107
						-0.0871557	0.996195	0
						0.704416	0.0616284	-0.707107
						-10.4157	23.2773	7.18535
					}
				}
				{bone "smoke_shot8"
					{Matrix34
						-0.683013	-0.183013	-0.707107
						-0.258819	0.965926	0
						0.683013	0.183013	-0.707107
						-22.1828	19.4444	7.09288
					}
				}
				{bone "smoke_shot4"
					{Matrix34
						-0.683013	0.183013	-0.707107
						0.258819	0.965926	0
						0.683013	-0.183013	-0.707107
						-22.1828	-19.5292	7.09288
					}
				}
				{bone "smoke_shot1"
					{Matrix34
						-0.704416	0.0616284	-0.707107
						0.0871557	0.996195	0
						0.704416	-0.0616284	-0.707107
						-10.4157	-23.1378	7.18535
					}
				}
				{bone "smoke_shot2"
					{Matrix34
						-0.683013	0.183013	-0.707107
						0.258819	0.965926	0
						0.683013	-0.183013	-0.707107
						-14.6512	-22.9137	7.09288
					}
				}
				{bone "smoke_shot3"
					{Matrix34
						-0.664463	0.241845	-0.707107
						0.34202	0.939693	0
						0.664463	-0.241845	-0.707107
						-18.4671	-21.4731	7.09288
					}
				}
			}
			{bone "fxstop2"
				{Matrix34
					0	0	1
					0	-1	0
					1	0	0
					-67.7561	-24.9403	7.90079
				}
			}
			{bone "fxstop1"
				{Matrix34
					0	0	1
					0	-1	0
					1	0	0
					-67.756	24.941	7.90079
				}
			}
			{bone "fxsmoke1"
				{Matrix34
					0	0.939693	0.34202
					1	0	0
					0	0.34202	-0.939693
					-52.1379	28.3896	8.24747
				}
			}
			{bone "fxfire2"
				{Matrix34
					0	0	1
					0	-1	0
					1	0	0
					4.4227	0.0616183	23.6384
				}
			}
			{bone "fxsmoke2"
				{Matrix34
					0	-0.866025	0.5
					1	0	0
					0	0.500001	0.866025
					-52.1379	-28.3858	8.24747
				}
			}
			{bone "fxfire1"
				{Matrix34
					0	0	1
					0	-1	0
					1	0	0
					-53.6619	1.51203e-005	9.0591
				}
			}
			{bone "suspension"
				{parameters "id=body;"}
				{Matrix34
					1	0	0
					0	0	-1
					0	1	0
					0	0	-19.685
				}
				{VolumeView "suspension.ply"}
				{bone revolute "wheell0"
					{parameters "id=trackleft;"}
					{Position 57.0954	-15.231	26.5765}
					{VolumeView "wheell0.ply"}
				}
				{bone revolute "wheell1"
					{parameters "id=trackleft;"}
					{Position -54.1125	-14.927	26.5609}
					{VolumeView "wheell1.ply"}
				}
				{bone revolute "wheelr0"
					{parameters "id=trackright;"}
					{Position 57.0954	-15.231	-26.5765}
					{VolumeView "wheelr0.ply"}
				}
				{bone revolute "wheelr1"
					{parameters "id=trackright;"}
					{Position -54.1125	-14.927	-26.5609}
					{VolumeView "wheelr1.ply"}
				}
				{bone revolute "wheell9"
					{parameters "id=trackleft;"}
					{Position 32.7361	-19.4158	28.6622}
					{VolumeView "wheell9.ply"}
				}
				{bone revolute "wheell10"
					{parameters "id=trackleft;"}
					{Position 19.1992	-19.1993	24.5117}
					{VolumeView "wheell10.ply"}
				}
				{bone revolute "wheell11"
					{parameters "id=trackleft;"}
					{Position -7.6196	-19.0087	28.6622}
					{VolumeView "wheell11.ply"}
				}
				{bone revolute "wheelr9"
					{parameters "id=trackright;"}
					{Position 32.7317	-19.4158	-28.6622}
					{VolumeView "wheelr9.ply"}
				}
				{bone revolute "wheelr10"
					{parameters "id=trackright;"}
					{Position 19.195	-19.1993	-24.5117}
					{VolumeView "wheelr10.ply"}
				}
				{bone revolute "wheelr11"
					{parameters "id=trackright;"}
					{Position -7.61648	-19.0087	-28.6622}
					{VolumeView "wheelr11.ply"}
				}
				{bone revolute "wheelr12"
					{parameters "id=body;"}
					{Position -35.6914	-18.8185	-24.4761}
					{VolumeView "wheelr12.ply"}
				}
				{bone revolute "wheell12"
					{parameters "id=body;"}
					{Position -35.6945	-18.8185	24.4761}
					{VolumeView "wheell12.ply"}
				}
			}
		}
		{bone "trackr"
			{parameters "id=trackright;"}
			{Position 0	-26.4326	0}
			{VolumeView "trackr.ply"}
		}
		{bone "trackl"
			{parameters "id=trackleft;"}
			{Position 0	26.4484	0}
			{VolumeView "trackl.ply"}
		}
		{bone "emit2"
			{Matrix34
				0	1	0
				-1	0	0
				0	0	1
				30.7	-49.2126	0
			}
			{visibility 0}
		}
		{bone "emit0"
			{Matrix34
				-1	0	0
				0	-1	0
				0	0	1
				76.4731	7.58744	0
			}
		}
		{bone "emit1"
			{Matrix34
				0	-1	0
				1	0	0
				0	0	1
				27.6623	49.2126	-0.124207
			}
			{visibility 0}
		}
		{bone revolute "wheell2"
			{parameters "id=trackleft;"}
			{Matrix34
				1	0	0
				0	0	-1
				0	1	0
				42.773	26.5789	8.06175
			}
			{VolumeView "wheell2.ply"}
		}
		{bone revolute "wheell3"
			{parameters "id=trackleft;"}
			{Matrix34
				1	0	0
				0	0	-1
				0	1	0
				28.907	26.5789	8.06174
			}
			{VolumeView "wheell3.ply"}
		}
		{bone revolute "wheell4"
			{parameters "id=trackleft;"}
			{Matrix34
				1	0	0
				0	0	-1
				0	1	0
				15.0967	26.5789	8.06174
			}
			{VolumeView "wheell4.ply"}
		}
		{bone revolute "wheell5"
			{parameters "id=trackleft;"}
			{Matrix34
				1	0	0
				0	0	-1
				0	1	0
				1.26574	26.5789	8.06174
			}
			{VolumeView "wheell5.ply"}
		}
		{bone revolute "wheell6"
			{parameters "id=trackleft;"}
			{Matrix34
				1	0	0
				0	0	-1
				0	1	0
				-12.5933	26.5789	8.06174
			}
			{VolumeView "wheell6.ply"}
		}
		{bone revolute "wheell7"
			{parameters "id=trackleft;"}
			{Matrix34
				1	0	0
				0	0	-1
				0	1	0
				-26.3298	26.5789	8.06174
			}
			{VolumeView "wheell7.ply"}
		}
		{bone revolute "wheell8"
			{parameters "id=trackleft;"}
			{Matrix34
				1	0	0
				0	0	-1
				0	1	0
				-40.0661	26.5789	8.06174
			}
			{VolumeView "wheell8.ply"}
		}
		{bone revolute "wheelr2"
			{parameters "id=trackright;"}
			{Matrix34
				1	0	0
				0	0	-1
				0	1	0
				40.1096	-26.5789	8.06174
			}
			{VolumeView "wheelr2.ply"}
		}
		{bone revolute "wheelr3"
			{parameters "id=trackright;"}
			{Matrix34
				1	0	0
				0	0	-1
				0	1	0
				26.3365	-26.5789	8.06174
			}
			{VolumeView "wheelr3.ply"}
		}
		{bone revolute "wheelr4"
			{parameters "id=trackright;"}
			{Matrix34
				1	0	0
				0	0	-1
				0	1	0
				12.5943	-26.5789	8.06174
			}
			{VolumeView "wheelr4.ply"}
		}
		{bone revolute "wheelr5"
			{parameters "id=trackright;"}
			{Matrix34
				1	0	0
				0	0	-1
				0	1	0
				-1.38286	-26.5789	8.06174
			}
			{VolumeView "wheelr5.ply"}
		}
		{bone revolute "wheelr6"
			{parameters "id=trackright;"}
			{Matrix34
				1	0	0
				0	0	-1
				0	1	0
				-15.1995	-26.5789	8.06174
			}
			{VolumeView "wheelr6.ply"}
		}
		{bone revolute "wheelr7"
			{parameters "id=trackright;"}
			{Matrix34
				1	0	0
				0	0	-1
				0	1	0
				-28.9457	-26.5789	8.06174
			}
			{VolumeView "wheelr7.ply"}
		}
		{bone revolute "wheelr8"
			{parameters "id=trackright;"}
			{Matrix34
				1	0	0
				0	0	-1
				0	1	0
				-42.8564	-26.5789	8.06174
			}
			{VolumeView "wheelr8.ply"}
		}
	}
}
{Volume "body2"
	{Polyhedron "body2.vol"}
	{Bone "body"}
	{Position 1.58343	-0.00229836	0}
}
{Volume "body"
	{Polyhedron "body.vol"}
	{Bone "body"}
	{Position -2.65328	0.00156593	0}
}
{Volume "engine"
	{Polyhedron "engine.vol"}
	{Bone "body"}
	{Position -35.6448	2.33672e-005	-12.9945}
}
{Volume "gun"
	{Polyhedron "gun.vol"}
	{Bone "gun"}
	{Matrix34
		1	0	0
		0	0	1
		0	-1	0
		-3.18864	0.594646	0.00382614
	}
}
{Volume "spa2"
	{Polyhedron "spa2.vol"}
	{Bone "gun_rot"}
	{Matrix34
		1	0	0
		0	0	-1
		0	1	0
		9.48392	0.220963	-0.00505829
	}
}
{Volume "spa"
	{Polyhedron "spa.vol"}
	{Bone "gun_rot"}
	{Matrix34
		1	0	0
		0	0	-1
		0	1	0
		5.27379	0	-0.0101829
	}
}
{Volume "trackleft"
	{Polyhedron "trackleft.vol"}
	{Bone "trackl"}
	{Position 1.9536	-0.00117111	0}
}
{Volume "trackright"
	{Polyhedron "trackright.vol"}
	{Bone "trackr"}
	{Position 1.94061	-0.0102921	0}
}
{Volume "turret2"
	{Polyhedron "turret2.vol"}
	{Bone "turret"}
	{Position 21.5923	0.0419292	-2.90095}
}
{Volume "turret"
	{Polyhedron "turret.vol"}
	{Bone "turret"}
	{Position -6.86082	0.00574684	0}
}
