;Exported by: misan
;Date:        Mon Dec 13 09:14:19 2021
;File:        D:\Cold War\Models\M37\M37_XX.max
{Skeleton
	{bone "basis"
		{Orientation
			1	0	0
			0	-1	0
			0	0	1
		}
		{bone "body"
			{parameters "id=body;"}
			{Position 2.19862	-0.531912	9.424}
			{VolumeView "body.ply"}
			{bone "engine"
				{parameters "id=engine;"}
				{Matrix34
					0.939693	0	0.34202
					0	1	0
					-0.34202	0	0.939693
					12.7135	0	18.2509
				}
				{VolumeView "engine.ply"}
			}
			{bone "motor"
				{Position 22.2142	-0.012895	10.4974}
				{VolumeView "motor.ply"}
			}
			{bone "fxfire1"
				{Matrix34
					0	0	1
					0	1	0
					-1	0	0
					23.4483	0.241183	11.3913
				}
			}
			{bone "cabin"
				{parameters "id=body;"}
				{Position 0.0358109	0	10.4508}
				{VolumeView "cabin.ply"}
				{bone "doorl"
					{parameters "id=body;"}
					{Matrix34
						1	0	0
						0	1	-0.0001643
						0	-0.000164658	1
						8.36844	14.9453	0.234764
					}
					{VolumeView "doorl.ply"}
				}
			}
			{bone "bodyback"
				{parameters "id=body;"}
				{Position -30.1657	0	9.13637}
				{VolumeView "bodyback.ply"}
			}
		}
		{bone "pivot_back"
			{Position -25.8776	-0.531912	9.424}
			{VolumeView "pivot_back.ply"}
			{bone "spring_l"
				{Position -0.959511	12.4954	0.00738525}
				{bone "wheelleft2"
					{parameters "id=wheelleft2;"}
					{Matrix34
						-0.986092	0.0888864	-0.140433
						-0.155629	-0.292975	0.943369
						0.0349943	0.968116	0.248047
						0.0142632	2.49993	-0.010685
					}
					{VolumeView "wheelleft2.ply"}
				}
			}
			{bone "spring_r"
				{Position -0.959511	-12.2733	0.00738335}
				{bone "wheelright2"
					{parameters "id=wheelright2;"}
					{Matrix34
						-0.994357	0.0455433	-0.0958074
						-0.100914	-0.179649	0.978541
						0.0221762	0.988657	0.148546
						0.0118656	-2.53304	-0.0137396
					}
					{VolumeView "wheelright2.ply"}
				}
			}
		}
		{bone "pivot_front"
			{Position 24.4595	-0.531912	9.424}
			{VolumeView "pivot_front.ply"}
			{bone "steer_r1"
				{Matrix34
					-1	0	0
					0	1	0
					0	0	-1
					1.09166	-12.283	0.00513268
				}
				{bone "wheelright1"
					{parameters "id=wheelright1;"}
					{Matrix34
						0.992936	-0.0350275	0.113366
						0.115723	0.0748545	-0.990457
						0.0262073	0.996579	0.0783792
						0.0217686	-0.0113764	0.15249
					}
					{VolumeView "wheelright1.ply"}
				}
			}
			{bone "steer_l1"
				{Matrix34
					-1	0	0
					0	1	0
					0	0	-1
					1.09166	13.3469	0.00513268
				}
				{bone "wheelleft1"
					{parameters "id=wheelleft1;"}
					{Matrix34
						0.996989	0.0128064	-0.0764831
						-0.0759095	-0.0404935	-0.996292
						-0.0158559	0.999098	-0.0393995
						0.00519371	-0.875711	0.0844622
					}
					{VolumeView "wheelleft1.ply"}
				}
			}
		}
	}
}
{Volume "body1"
	{Polyhedron "body1.vol"}
	{Bone "body"}
	{Position 21.6866	-0.220045	0.187733}
}
{Volume "body2"
	{Polyhedron "body2.vol"}
	{Bone "bodyback"}
	{Position 0.281992	-0.116073	-4.68593}
}
{Volume "body3"
	{Polyhedron "cabin.vol"}
	{Bone "cabin"}
	{Position -0.511984	0.132124	-6.7532}
}
{Volume "wheelleft1"
	{Cylinder 9.42532 4.91914}
	{Bone "wheelleft1"}
	{Matrix34
		-0.780899	0	0
		0	0.780899	0
		0	0	-0.780899
		0.0858096	0.0411649	1.9331
	}
}
{Volume "wheelleft2"
	{Cylinder 9.42532 4.91914}
	{Bone "wheelleft2"}
	{Matrix34
		-0.781499	0	0
		0	0.78749	0
		0	0	-0.775061
		-0.112616	0.0415125	-0.0321842
	}
}
{Volume "wheelright1"
	{Cylinder 9.42532 4.91914}
	{Bone "wheelright1"}
	{Matrix34
		-0.780899	0	0
		0	0.780899	0
		0	0	-0.780899
		0.0858002	0.041164	-1.95881
	}
}
{Volume "wheelright2"
	{Cylinder 9.42532 4.91914}
	{Bone "wheelright2"}
	{Matrix34
		-0.781056	0	0
		0	0.783358	0
		0	0	-0.778785
		-0.112555	0.0412903	0.0124372
	}
}
