;Exported by: rowen
;Date:        Tue May 21 16:18:20 2019
;File:        H:\!_Work\!_weapon_export\3D\sks.max
{Skeleton
	{bone "sks"
		{parameters "ID=mgun;"}
		{Matrix34
			1	0	0
			0	-1	0
			0	0	1
			-2   0   0
		}
		{VolumeView "sks.ply"}
		{bone "foresight12"
			{Matrix34
				1	0	0
				0	0.996195	0.0871556
				0	-0.0871556	0.996195
				15.7763	1.15685	0.10121
			}
		}
		{bone "fxshell"
			{Matrix34
				0	-0.992547	0.121861
				-1	1.0683e-05	1.26051e-05
				-1.3813e-05	-0.121861	-0.992547
				4.51078	1.46624	0.378282
			}
		}
		{bone "handle"
			{parameters "Voxels=0;"}
			{Matrix34
				1	0	0
				0	0.0871567	-0.996195
				0	0.996195	0.0871567
				5.90951	1.80442	0.388984
			}
		}
	}
}
{Volume "body"
	{Box 19.2426 2.9529 1.26739}
	{Bone "sks"}
	{Matrix34
		1	0	0
		0	0.996195	0.0871559
		0	-0.0871559	0.996195
		5.39471	0.365716	0.251687
	}
}
{Volume "select"
	{Box 20.8156 3.20268 0.885033}
	{Bone "sks"}
	{Matrix34
		1	0	0
		0	0.996195	0.0871556
		0	-0.0871556	0.996195
		5.56477	0.288306	0.0695711
	}
}
{Extender "preview"
	{"Stuff_primary"
		{camera
			{origin 5.24641	2.61428	56.2492}
			{lookat 5.24642	-1.18697	0.343378}
			{fov 23.9132}
			{horizon 5.6734}
		}
		{lights
			{"0"
				{type point}
				{position 5.31957	11.5858	1.97242}
			}
			{"1"
				{type point}
				{position 14.4487	-4.21781	20.9278}
			}
			{"2"
				{type directional}
				{direction 0.000725109	0.384215	-0.319967}
			}
		}
	}
	{"Stuff"
		{camera
			{origin 4.966	2.01423	56.5044}
			{lookat 4.966	-0.600332	0.282483}
			{fov 23.9132}
			{horizon 7.67376}
		}
		{lights
			{"0"
				{type point}
				{position 16.2903	-6.89525	19.1877}
			}
			{"1"
				{type directional}
				{direction -0.00294092	0.393034	-0.309056}
			}
			{"2"
				{type point}
				{position 5.31957	5.02393	1.65797}
			}
		}
	}
}
