;Exported by: misan
;Date:        Fri Feb  3 13:26:48 2023
;File:        D:\Cold War\ModelWIP\USA\M30 Mortar\M30 Mortar.max
{Skeleton
	{animation
		{sequence "close" {speed 0.2}}
		{sequence "recoil" {speed 0.3}}
	}
	{bone revolute "basis"
		{Orientation
			1	0	0
			0	-1	0
			0	0	1
		}
		{bone revolute "body"
			{parameters "id=body;"}
			{VolumeView "body.ply"}
			{bone "m30turret"
				{parameters "id=body;"}
				{Position 0	0	1.2711}
				{VolumeView "m30turret.ply"}
			}
			{bone "stan"
				{parameters "id=body;"}
				{Position -1.32126	0	2.47108}
				{VolumeView "stan.ply"}
				{bone "gun"
					{parameters "id=body;"}
					{Position 3.40786	0	-0.335211}
					{VolumeView "gun.ply"}
					{bone "stan1"
						{parameters "id=body;"}
						{Position 13.2684	0	17.2121}
						{VolumeView "stan1.ply"}
						{bone "stan2"
							{parameters "id=body;"}
							{Matrix34
								0.981627	0	0.190809
								0	1	0
								-0.190809	0	0.981627
								3.18302	0	-16.7289
							}
							{VolumeView "stan2.ply"}
						}
					}
					{bone revolute "foresight"
						{limits -25 20}
						{Matrix34
							0.544639	0	0.838671
							-0.838671	0	0.544639
							0	-1	0
							16.871	0	26.9311
						}
					}
				}
			}
			{bone "gunner"
				{Position 1.12298	-13.0956	0}
			}
			{bone "commander"
				{Position -6.04891	17.4981	0}
			}
			{bone "visor"
				{Position 19.7576	0	20.7006}
			}
		}
		{bone "link1"
			{Matrix34
				-1	0	0
				0	0	1
				0	1	0
				-25.5649	0	18.534
			}
		}
		{bone "trailer"
			{parameters "id=body;"}
			{Matrix34
				-0.965926	0	0.258819
				0	-1	0
				0.258819	0	0.965926
				-21.5249	0	8.37064
			}
			{visibility 0}
			{VolumeView "trailer.ply"}
			{bone revolute "wheell"
				{parameters "id=wheelleft;radius=0.43;"}
				{Matrix34
					1	0	0
					0	0	-1
					0	1	0
					0.0443478	-12.5945	0.00402594
				}
				{visibility 0}
				{VolumeView "wheell.ply"}
			}
			{bone revolute "wheelr"
				{parameters "id=wheelright;radius=0.43;"}
				{Matrix34
					1	0	0
					0	0	-1
					0	1	0
					0.0443478	12.5945	0.00402641
				}
				{visibility 0}
				{VolumeView "wheelr.ply"}
			}
		}
		{bone "emit2"
			{Matrix34
				0.275638	-0.961262	0
				0.961262	0.275638	0
				0	0	1
				-18.9811	20.8512	0
			}
		}
		{bone "emit1"
			{Matrix34
				0.275637	0.961262	0
				-0.961262	0.275637	0
				0	0	1
				-5.00014	-23.0874	0
			}
		}
		{bone "driver1"
			{Position -18.603	-8.61122	0}
		}
		{bone "driver2"
			{Position -28.4526	0.689758	0}
		}
		{bone "seat1"
			{Matrix34
				-0.207912	0.978148	0
				-0.978148	-0.207912	0
				0	0	1
				-14.7171	1.99605	6.60367
			}
		}
		{bone "seat2"
			{Matrix34
				0.694658	-0.71934	0
				0.71934	0.694658	0
				0	0	1
				-3.25725	-0.288203	10.4957
			}
		}
	}
}
{Volume "body1"
	{Cylinder 9.69161 1.68425}
	{Bone "body"}
	{Position 0.0122382	0.0691103	0.842124}
}
{Volume "body2"
	{Polyhedron "body2.vol"}
	{Bone "stan"}
	{Position 20.3414	-0.0852864	-2.47107}
}
{Volume "body3"
	{Cylinder 1.66488 30.2101}
	{Bone "gun"}
	{Matrix34
		0	-1	0
		-0.848048	0	0.529919
		-0.529919	0	-0.848048
		8.44223	0.0259316	13.8006
	}
}
{Volume "body4"
	{Cylinder 0.920754 17.1652}
	{Bone "stan1"}
	{Matrix34
		0.984808	0	0.173648
		0	1	0
		-0.173648	0	0.984808
		1.52057	0.099915	-7.80727
	}
}
{Volume "body5"
	{Polyhedron "body5.vol"}
	{Bone "trailer"}
	{Matrix34
		0	0.00083907	1
		0	-1	0.00083907
		1	0	0
		13.7204	0.081391	1.90858
	}
}
{Volume "select"
	{Box 25.9668 30.8551 34.2955}
	{Bone "body"}
	{Matrix34
		0	-1	0
		0	0	1
		-1	0	0
		6.8672	0.539471	14.7218
	}
}
{Volume "wheelleft"
	{Cylinder 8.80649 4.02023}
	{Bone "wheell"}
	{Matrix34
		0.832277	0.55436	0
		0.55436	-0.832277	0
		0	0	-1
		0.151138	0.0155744	-0.016587
	}
}
{Volume "wheelright"
	{Cylinder 8.80649 4.02023}
	{Bone "wheelr"}
	{Matrix34
		0.832277	0.55436	0
		0.55436	-0.832277	0
		0	0	-1
		0.151155	0.0155816	-0.137596
	}
}
