;Exported by: misan
;Date:        Sat Jan  7 09:34:34 2023
;File:        D:\Cold War\ModelWIP\West Germany\SPz Kurz\SPz Kurz.max
{Skeleton
	{bone "basis"
		{Orientation
			1	0	0
			0	-1	0
			0	0	1
		}
		{bone "wheelsl"
			{Position -0.526721	17.5361	8.24663}
			{VolumeView "wheelsl.ply"}
			{bone "suspension_l5"
				{Position -19.8538	1.3396	-1.97816}
				{bone "wheell6"
					{parameters "id=trackleft;Radius=0.28;"}
					{Matrix34
						-1	0	0
						0	0	1
						0	1	0
						0.0344543	1.45598	0.0333309
					}
					{VolumeView "wheell6.ply"}
				}
			}
			{bone "suspension_l4"
				{Position -8.2191	1.33961	-1.97816}
				{bone "wheell5"
					{parameters "id=trackleft;Radius=0.28;"}
					{Matrix34
						-1	0	0
						0	0	1
						0	1	0
						-0.00324535	1.45598	0.0333328
					}
					{VolumeView "wheell5.ply"}
				}
			}
			{bone "suspension_l2"
				{Position 14.7307	1.33961	-1.97816}
				{bone "wheell3"
					{parameters "id=trackleft;Radius=0.28;"}
					{Matrix34
						-1	0	0
						0	0	1
						0	1	0
						-0.0337753	1.45598	0.0333328
					}
					{VolumeView "wheell3.ply"}
				}
			}
			{bone "suspension_l3"
				{Position 3.17756	1.33961	-1.97816}
				{bone "wheell4"
					{parameters "id=trackleft;Radius=0.28;"}
					{Matrix34
						-1	0	0
						0	0	1
						0	1	0
						-0.0213101	1.45598	0.0333328
					}
					{VolumeView "wheell4.ply"}
				}
			}
			{bone "suspension_l1"
				{Position 26.4347	1.33961	-1.97816}
				{bone "wheell2"
					{parameters "id=trackleft;Radius=0.28;"}
					{Matrix34
						-1	0	0
						0	0	1
						0	1	0
						-0.035923	1.45598	0.0333314
					}
					{VolumeView "wheell2.ply"}
				}
			}
			{bone "trackl"
				{parameters "id=trackleft;"}
				{Matrix34
					-1	0	0
					0	0	1
					0	1	0
					5.65898	2.82024	4.49982
				}
				{VolumeView "trackl.ply"}
			}
			{bone "fxtracel3"
				{Matrix34
					0	-1	0
					0	0	1
					-1	0	0
					-20.2205	2.81842	-8.30514
				}
			}
			{bone "fxtracel1"
				{Matrix34
					0	-1	0
					0	0	1
					-1	0	0
					25.9369	2.81842	-8.30514
				}
			}
			{bone "fxtracel2"
				{Matrix34
					0	-1	0
					0	0	1
					-1	0	0
					3.21071	2.81842	-8.30514
				}
			}
		}
		{bone "wheelsr"
			{Position -0.526731	-17.5361	8.24663}
			{VolumeView "wheelsr.ply"}
			{bone "suspension_r5"
				{Position -19.8538	-1.2683	-1.97816}
				{bone "wheelr6"
					{parameters "id=trackright;Radius=0.28;"}
					{Matrix34
						-1	0	0
						0	0	1
						0	1	0
						0.0344505	-1.51213	0.033329
					}
					{VolumeView "wheelr6.ply"}
				}
			}
			{bone "suspension_r1"
				{Position 26.4347	-1.2683	-1.97816}
				{bone "wheelr2"
					{parameters "id=trackright;Radius=0.28;"}
					{Matrix34
						-1	0	0
						0	0	1
						0	1	0
						-0.0359268	-1.51213	0.033329
					}
					{VolumeView "wheelr2.ply"}
				}
			}
			{bone "suspension_r2"
				{Position 14.7307	-1.2683	-1.97816}
				{bone "wheelr3"
					{parameters "id=trackright;Radius=0.28;"}
					{Matrix34
						-1	0	0
						0	0	1
						0	1	0
						-0.0337734	-1.51213	0.033329
					}
					{VolumeView "wheelr3.ply"}
				}
			}
			{bone "suspension_r3"
				{Position 3.17757	-1.2683	-1.97816}
				{bone "wheelr4"
					{parameters "id=trackright;Radius=0.28;"}
					{Matrix34
						-1	0	0
						0	0	1
						0	1	0
						-0.0213106	-1.51213	0.033329
					}
					{VolumeView "wheelr4.ply"}
				}
			}
			{bone "suspension_r4"
				{Position -8.21909	-1.2683	-1.97816}
				{bone "wheelr5"
					{parameters "id=trackright;Radius=0.28;"}
					{Matrix34
						-1	0	0
						0	0	1
						0	1	0
						-0.00324249	-1.51213	0.033329
					}
					{VolumeView "wheelr5.ply"}
				}
			}
			{bone "trackr"
				{parameters "id=trackright;"}
				{Matrix34
					-1	0	0
					0	0	1
					0	1	0
					5.65899	-2.99001	4.49982
				}
				{VolumeView "trackr.ply"}
			}
			{bone "fxtracer3"
				{Matrix34
					0	-1	0
					0	0	1
					-1	0	0
					-20.2205	-2.84755	-8.30513
				}
			}
			{bone "fxtracer1"
				{Matrix34
					0	-1	0
					0	0	1
					-1	0	0
					25.9369	-2.84755	-8.30513
				}
			}
			{bone "fxtracer2"
				{Matrix34
					0	-1	0
					0	0	1
					-1	0	0
					3.21072	-2.84755	-8.30513
				}
			}
		}
		{bone "body"
			{parameters "id=body;"}
			{Position 1.21169	0	8.41578}
			{VolumeView "body.ply"}
			{bone "cover_tleft"
				{parameters "id=body;"}
				{Position -33.5843	9.6995	21.9859}
				{VolumeView "cover_tleft.ply"}
			}
			{bone "cover_tright"
				{parameters "id=body;"}
				{Position -33.5843	-9.69942	21.9859}
				{VolumeView "cover_tright.ply"}
			}
			{bone "doorleft"
				{parameters "id=body;"}
				{Matrix34
					0.979173	0	-0.203025
					0	1	0
					0.203025	0	0.979173
					-35.9343	14.1108	11.944
				}
				{VolumeView "doorleft.ply"}
				{bone "detail6"
					{parameters "id=body;"}
					{Matrix34
						0.979173	0	0.203026
						0	1	0
						-0.203026	0	0.979173
						-2.41156	-5.98445	-0.545797
					}
					{VolumeView "detail6.ply"}
				}
			}
			{bone "doorright"
				{parameters "id=body;"}
				{Matrix34
					0	-1	0
					0.191363	0	0.981519
					-0.981519	0	0.191363
					-35.9343	-14.1309	11.944
				}
				{VolumeView "doorright.ply"}
				{bone "detail5"
					{parameters "id=body;"}
					{Matrix34
						0	0.191363	-0.981519
						-1	0	0
						0	0.981519	0.191363
						-6.06944	-2.3258	2.40464
					}
					{VolumeView "detail5.ply"}
				}
			}
			{bone "wheelr1"
				{parameters "id=trackright;Radius=0.28;"}
				{Matrix34
					-1	0	0
					0	0	1
					0	1	0
					36.4232	-17.911	4.62704
				}
				{VolumeView "wheelr1.ply"}
			}
			{bone "wheelr10"
				{parameters "id=trackright;Radius=0.1;"}
				{Matrix34
					-1	0	0
					0	0	1
					0	1	0
					18.8549	-18.8844	7.36101
				}
				{VolumeView "wheelr10.ply"}
			}
			{bone "wheelr9"
				{parameters "id=trackright;Radius=0.1;"}
				{Matrix34
					-1	0	0
					0	0	1
					0	1	0
					5.57495	-18.8844	6.99593
				}
				{VolumeView "wheelr9.ply"}
			}
			{bone "wheelr8"
				{parameters "id=trackright;Radius=0.1;"}
				{Matrix34
					-1	0	0
					0	0	1
					0	1	0
					-14.5668	-18.8844	6.56693
				}
				{VolumeView "wheelr8.ply"}
			}
			{bone "wheelr7"
				{parameters "id=trackright;Radius=0.25;"}
				{Matrix34
					-1	0	0
					0	0	1
					0	1	0
					-32.2098	-19.2613	3.89306
				}
				{VolumeView "wheelr7.ply"}
			}
			{bone "wheell1"
				{parameters "id=trackleft;Radius=0.28;"}
				{Matrix34
					-1	0	0
					0	0	1
					0	1	0
					36.4232	17.911	4.62704
				}
				{VolumeView "wheell1.ply"}
			}
			{bone "wheell10"
				{parameters "id=trackleft;Radius=0.1;"}
				{Matrix34
					-1	0	0
					0	0	1
					0	1	0
					18.8549	19.2358	7.36101
				}
				{VolumeView "wheell10.ply"}
			}
			{bone "wheell9"
				{parameters "id=trackleft;Radius=0.1;"}
				{Matrix34
					-1	0	0
					0	0	1
					0	1	0
					5.57495	19.2358	6.99593
				}
				{VolumeView "wheell9.ply"}
			}
			{bone "wheell8"
				{parameters "id=trackleft;Radius=0.1;"}
				{Matrix34
					-1	0	0
					0	0	1
					0	1	0
					-14.5668	19.2358	6.56693
				}
				{VolumeView "wheell8.ply"}
			}
			{bone "wheell7"
				{parameters "id=trackleft;Radius=0.25;"}
				{Matrix34
					-1	0	0
					0	0	1
					0	1	0
					-32.2098	19.5445	3.89305
				}
				{VolumeView "wheell7.ply"}
			}
			{bone "shield1"
				{parameters "id=body;"}
				{Matrix34
					0	-1	0
					0	0	1
					-1	0	0
					-36.4031	-6.46596	0.128132
				}
				{VolumeView "shield1.ply"}
			}
			{bone "cover_driver"
				{parameters "id=body;"}
				{Position 18.8066	4.83202	22.169}
				{VolumeView "cover_driver.ply"}
			}
			{bone "detail2"
				{parameters "id=body;"}
				{Position -20.7911	-23.578	12.818}
				{VolumeView "detail2.ply"}
			}
			{bone "detail4"
				{parameters "id=body;"}
				{Position -2.28134	22.2436	18.2002}
				{VolumeView "detail4.ply"}
			}
			{bone "mirrors"
				{parameters "id=body;"}
				{Matrix34
					0	-1	0
					0.258819	0	0.965926
					-0.965926	0	0.258819
					35.3797	2.86804e-05	15.8914
				}
				{VolumeView "mirrors.ply"}
			}
			{bone "detail3"
				{parameters "id=body;"}
				{Matrix34
					0	-1	0
					0	0	1
					-1	0	0
					2.51477	23.9834	12.5404
				}
				{VolumeView "detail3.ply"}
			}
			{bone revolute "turret"
				{parameters "id=turret;"}
				{Position -8.63509	6.16265	25.9173}
				{VolumeView "turret.ply"}
				{bone revolute "gun_rot"
					{parameters "id=gun;"}
					{limits -10 65}
					{Matrix34
						1	0	0
						0	0	1
						0	-1	0
						5.75745	0.0232315	-0.358421
					}
					{VolumeView "gun_rot.ply"}
					{bone "foresight3"
						{Matrix34
							1	0	0
							0	0	-1
							0	1	0
							3.06338	-0.0700264	2.77995
						}
					}
					{bone "visor1"
						{Matrix34
							1	0	0
							0	0	-1
							0	1	0
							-2.0353	3.65455	3.07108
						}
					}
					{bone "gun"
						{parameters "id=gun;"}
						{Matrix34
							1	0	0
							0	0	-1
							0	1	0
							8.63663	-0.0808907	-3.47126
						}
						{VolumeView "gun.ply"}
						{bone "foresight1"
							{Position 22.4125	-0.0163202	-0.048851}
						}
					}
				}
				{bone "cover_turret"
					{parameters "id=turret;"}
					{Matrix34
						1	0	0
						0	0	1
						0	-1	0
						3.34311	-4.06387	3.14043
					}
					{VolumeView "cover_turret.ply"}
				}
				{bone "fxfire3"
					{Position -2.34765	-3.46551	-0.497223}
				}
				{bone "smoke_launchers"
					{parameters "id=turret;"}
					{Position -4.13838	-0.0586782	0.745136}
					{VolumeView "smoke_launchers.ply"}
					{bone "smoke_shot6"
						{Matrix34
							-0.754407	-0.133023	-0.642787
							-0.173648	0.984808	0
							0.633022	0.111619	-0.766045
							2.38084	11.7603	1.15003
						}
					}
					{bone "smoke_shot5"
						{Matrix34
							-0.663414	-0.383022	-0.642787
							-0.5	0.866025	0
							0.55667	0.321394	-0.766045
							-1.01511	11.165	1.15003
						}
					}
					{bone "smoke_shot4"
						{Matrix34
							-0.541676	-0.541675	-0.642787
							-0.707107	0.707107	0
							0.454519	0.454519	-0.766045
							-3.45324	9.3495	1.15003
						}
					}
					{bone "smoke_shot1"
						{Matrix34
							-0.763129	0.0667653	-0.642788
							0.0871561	0.996195	0
							0.640341	-0.0560229	-0.766045
							2.38085	-11.8139	1.15003
						}
					}
					{bone "smoke_shot3"
						{Matrix34
							-0.586824	0.492404	-0.642787
							0.642788	0.766045	0
							0.492404	-0.413176	-0.766045
							-3.45323	-9.11384	1.15004
						}
					}
					{bone "smoke_shot2"
						{Matrix34
							-0.663414	0.383022	-0.642787
							0.5	0.866026	0
							0.55667	-0.321394	-0.766045
							-1.01511	-11.1711	1.15003
						}
					}
				}
				{bone "detail7"
					{parameters "id=turret;"}
					{Matrix34
						1	0	0
						0	0	1
						0	-1	0
						-11.8242	-0.0166802	1.99164
					}
					{VolumeView "detail7.ply"}
				}
				{bone "shieldt"
					{parameters "id=turret;"}
					{Matrix34
						0.998146	0	-0.0608626
						0	1	0
						0.0608626	0	0.998146
						-6.06553	-3.13439	3.9512
					}
					{VolumeView "shieldt.ply"}
				}
			}
			{bone "engine"
				{parameters "id=engine;"}
				{Matrix34
					0	-1	0
					0	0	1
					-1	0	0
					25.8374	-10.9206	16.5419
				}
				{VolumeView "engine.ply"}
			}
			{bone "fxfire4"
				{Position -9.00975	6.459	17.9731}
			}
			{bone "fxfire1"
				{Position 25.9325	-7.6991	9.8076}
			}
			{bone "fxsmoke1"
				{Matrix34
					-0.98106	-0.173648	0.0858313
					0.172987	-0.984808	-0.0151344
					0.0871554	0	0.996195
					19.9331	-22.9421	14.5375
				}
			}
			{bone "fxstop1"
				{Matrix34
					-1	0	0
					0	-1	0
					0	0	1
					-36.3053	-18.6511	16.8646
				}
			}
			{bone "headlightr"
				{Position 43.4405	-18.8552	11.6675}
			}
			{bone "fxstop2"
				{Matrix34
					-1	0	0
					0	-1	0
					0	0	1
					-36.3053	18.6718	16.8646
				}
			}
			{bone "headlightl"
				{Position 43.4405	18.8472	11.6675}
			}
			{bone "enumerator1"
				{Matrix34
					-1	0	0
					0	-0.544639	0.838671
					0	0.838671	0.544639
					-24.9866	22.4825	14.7778
				}
				{VolumeView "enumerator1.ply"}
			}
			{bone "enumerator2"
				{Matrix34
					1	0	0
					0	0.544639	0.83867
					0	-0.83867	0.544639
					-25.0038	-22.326	14.7778
				}
				{VolumeView "enumerator2.ply"}
			}
			{bone "detail1"
				{parameters "id=engine;"}
				{Position -18.6618	-21.1564	17.7889}
				{VolumeView "detail1.ply"}
			}
		}
		{bone "emit4"
			{Position -52.1814	-10.9174	0}
		}
		{bone "emit3"
			{Position -54.2293	7.20197	0}
		}
		{bone "emit1"
			{Matrix34
				0	-1	0
				1	0	0
				0	0	1
				-7.1295	45.4574	0
			}
		}
		{bone "emit2"
			{Matrix34
				0	1	0
				-1	0	0
				0	0	1
				0.191361	-45.9261	0
			}
		}
		{bone "emit0"
			{Matrix34
				0	-1	0
				1	0	0
				0	0	1
				22.228	45.4574	0
			}
		}
	}
}
