;Exported by:	 ART
;Date:			 06.06.2021 16:09:29
;File:			 E:\Autodesk\Low poly\freelance\Carlos\Tanks\T-34-85\export\DMS suspension max 2015\SU-85_xx.max
{skeleton
	{bone revolute "basis"
		{orientation
			1 	 0 	 0
			0 	 -1 	 0
			0 	 0 	 1
		}
		{bone "wheelsr"
			{parameters "wheelsr;id=trackright;"}
			{Position 2.8499 	 -20.2812 	 9.5951}
			{LODView
				{VolumeView "wheelsr.ply"}
				{VolumeView "wheelsr_lod1.ply"}
			}
			{bone "trackr"
				{parameters "id=trackright;"}
				{matrix34
					-1 	 0 	 0
					0 	 -1 	 0
					0 	 0 	 1
					-5.4271 	 -4.141 	 0.204
				}
				{VolumeView "trackr.ply"}
			}
			{bone prizmatic "suspension_r3"
				{parameters "ikspeed2=2;"}
				{limits -0.19 0.18}
				{Position -6.4709 	 -4.3963 	 -0.5556}
				{bone revolute "wheelr4"
					{parameters "id=trackright;radius=0.49;"}
					{matrix34
						0.5 	 0 	 -0.866
						-0.866 	 0 	 -0.5
						0 	 1 	 0
						0 	 0 	 0
					}
					{LODView
						{VolumeView "wheelr4.ply"}
						{VolumeView "wheelr4_lod1.ply"}
					}
				}
			}
			{bone prizmatic "suspension_r1"
				{parameters "ikspeed2=2;"}
				{limits -0.19 0.11}
				{Position 32.3629 	 -4.3963 	 -0.5556}
				{bone revolute "wheelr2"
					{parameters "id=trackright;radius=0.49;"}
					{matrix34
						1 	 0 	 0
						0 	 0 	 -1
						0 	 1 	 0
						0 	 0 	 0
					}
					{LODView
						{VolumeView "wheelr4.ply"}
						{VolumeView "wheelr4_lod1.ply"}
					}
				}
			}
			{bone prizmatic "suspension_r4"
				{parameters "ikspeed2=2;"}
				{limits -0.19 0.18}
				{Position -23.6157 	 -4.3963 	 -0.5556}
				{bone revolute "wheelr5"
					{parameters "id=trackright;radius=0.49;"}
					{matrix34
						0.5 	 0 	 0.866
						0.866 	 0 	 -0.5
						0 	 1 	 0
						0 	 0 	 0
					}
					{LODView
						{VolumeView "wheelr5.ply"}
						{VolumeView "wheelr5_lod1.ply"}
					}
				}
			}
			{bone prizmatic "suspension_r5"
				{parameters "ikspeed2=2;"}
				{limits -0.19 0.18}
				{Position -40.7979 	 -4.3963 	 -0.5556}
				{bone revolute "wheelr6"
					{parameters "id=trackright;radius=0.49;"}
					{matrix34
						-0.5 	 0 	 -0.866
						-0.866 	 0 	 0.5
						0 	 1 	 0
						0 	 0 	 0
					}
					{LODView
						{VolumeView "wheelr5.ply"}
						{VolumeView "wheelr5_lod1.ply"}
					}
				}
			}
			{bone prizmatic "suspension_r2"
				{parameters "ikspeed2=2;"}
				{limits -0.19 0.18}
				{Position 14.0919 	 -4.3963 	 -0.5556}
				{bone revolute "part4"
					{parameters "id=trackright;radius=0.49;"}
					{matrix34
						1 	 0 	 0
						0 	 0 	 -1
						0 	 1 	 0
						0 	 0 	 0
					}
					{LODView
						{VolumeView "wheelr5.ply"}
						{VolumeView "wheelr5_lod1.ply"}
					}
				}
			}
		}
		{bone "wheelsl"
			{parameters "wheelsl;id=trackleft;"}
			{Position 2.8499 	 20.0097 	 9.5951}
			{LODView
				{VolumeView "wheelsl.ply"}
				{VolumeView "wheelsl_lod1.ply"}
			}
			{bone prizmatic "suspension_l3"
				{parameters "ikspeed2=2;"}
				{limits -0.19 0.13}
				{Position -6.4709 	 4.4426 	 -0.5556}
			}
			{bone prizmatic "suspension_l4"
				{parameters "ikspeed2=2;"}
				{limits -0.19 0.15}
				{Position -23.6157 	 4.4426 	 -0.5556}
				{bone revolute "wheell5"
					{parameters "id=trackleft;radius=0.49;"}
					{matrix34
						0.5 	 0 	 0.866
						0.866 	 0 	 -0.5
						0 	 1 	 0
						0 	 0 	 0
					}
					{LODView
						{VolumeView "wheell5.ply"}
						{VolumeView "wheell5_lod1.ply"}
					}
				}
			}
			{bone prizmatic "suspension_l5"
				{parameters "ikspeed2=2;"}
				{limits -0.19 0.17}
				{Position -40.7979 	 4.4426 	 -0.5556}
				{bone revolute "part5"
					{parameters "id=trackleft;radius=0.49;"}
					{matrix34
						-0.5 	 0 	 -0.866
						-0.866 	 0 	 0.5
						0 	 1 	 0
						0 	 0 	 0
					}
					{LODView
						{VolumeView "wheell5.ply"}
						{VolumeView "wheell5_lod1.ply"}
					}
				}
			}
			{bone prizmatic "suspension_l2"
				{parameters "ikspeed2=2;"}
				{limits -0.19 0.13}
				{Position 14.0919 	 4.4425 	 -0.5556}
			}
			{bone prizmatic "suspension_l1"
				{parameters "ikspeed2=2;"}
				{limits -0.19 0.8}
				{Position 32.3629 	 4.4426 	 -0.5556}
				{bone revolute "wheell2"
					{parameters "id=trackleft;radius=0.49;"}
					{matrix34
						1 	 0 	 0
						0 	 0 	 -1
						0 	 1 	 0
						0 	 0 	 0
					}
					{LODView
						{VolumeView "wheell2.ply"}
						{VolumeView "wheell2_lod1.ply"}
					}
				}
			}
		}
		{bone "body"
			{parameters "id=body;"}
			{Position -2.669 	 -0.133 	 19.795}
			{LODView
				{VolumeView "body.ply"}
				{VolumeView "body_lod1.ply"}
			}
			{bone "part6"
				{parameters "id=body;"}
				{matrix34
					-0.4695 	 -0.0311 	 -0.8824
					0.0006 	 -0.9994 	 0.0349
					-0.8829 	 0.0158 	 0.4692
					37.5713 	 12.368 	 9.7114
				}
				{LODView
					{VolumeView "part6.ply"}
					{VolumeView "part6_lod1.ply"}
				}
			}
			{bone "part3"
				{matrix34
					-0.9994 	 0.0006 	 0.0349
					0.0006 	 -0.9994 	 0.0349
					0.0349 	 0.0349 	 0.9988
					-14.9423 	 -24.0431 	 10.0003
				}
				{LODView
					{VolumeView "part3.ply"}
					{VolumeView "part3_lod1.ply"}
				}
			}
			{bone "detail6"
				{parameters "id=engine;"}
				{matrix34
					-1 	 0 	 0
					0 	 -1 	 0
					0 	 0 	 1
					-35.6882 	 24.3997 	 9.3054
				}
				{LODView
					{VolumeView "detail6.ply"}
					{VolumeView "detail6_lod1.ply"}
				}
			}
			{bone "cover"
				{parameters "id=body;"}
				{matrix34
					-0.9994 	 0 	 -0.0332
					0 	 -1 	 0
					-0.0332 	 0 	 0.9994
					33.2926 	 -3.7371 	 18.9095
				}
				{LODView
					{VolumeView "cover.ply"}
					{VolumeView "cover_lod1.ply"}
				}
			}
			{bone revolute "turret"
				{parameters "id=gun;"}
				{limits -10 10}
				{speed 0.015}
				{Position 37.5652 	 -3.8553 	 11.0995}
				{bone revolute "gun_rot"
					{parameters "id=gun;"}
					{limits -5 22}
					{speed 0.015}
					{matrix34
						0.9976 	 0 	 -0.0698
						0.0698 	 0 	 0.9976
						0 	 -1 	 0
						-0.0017 	 0 	 0
					}
					{LODView
						{VolumeView "gun_rot.ply"}
						{VolumeView "gun_rot_lod1.ply"}
					}
					{bone "gun"
						{parameters "id=gun;"}
						{Position 39.7752 	 0.058 	 -0.019}
						{LODView
							{VolumeView "gun.ply"}
							{VolumeView "gun_lod1.ply"}
						}
					}
				}
			}
			{bone "shieldr2"
				{parameters "id=shieldr2;"}
				{matrix34
					-1 	 0 	 0
					0 	 -1 	 0
					0 	 0 	 1
					-54.3986 	 -24.0906 	 -0.0453
				}
				{VolumeView "shieldr2.ply"}
			}
			{bone revolute "wheelr7"
				{parameters "id=trackright;radius=0.31;"}
				{matrix34
					1 	 0 	 0
					0 	 -0.1219 	 -0.9925
					0 	 0.9925 	 -0.1219
					-50.1155 	 -24.9901 	 -7.8579
				}
				{LODView
					{VolumeView "wheelr7.ply"}
					{VolumeView "wheelr7_lod1.ply"}
				}
			}
			{bone revolute "wheelr1"
				{parameters "id=trackright;radius=0.25;"}
				{matrix34
					1 	 0 	 0
					0 	 0 	 -1
					0 	 1 	 0
					51.5312 	 -24.8346 	 -5.8792
				}
				{LODView
					{VolumeView "wheelr1.ply"}
					{VolumeView "wheelr1_lod1.ply"}
				}
			}
			{bone revolute "wheell7"
				{parameters "id=trackleft;radius=0.31;"}
				{matrix34
					1 	 0 	 0
					0 	 0 	 -1
					0 	 1 	 0
					-50.1155 	 25.0308 	 -7.8579
				}
				{LODView
					{VolumeView "wheell7.ply"}
					{VolumeView "wheell7_lod1.ply"}
				}
			}
			{bone revolute "wheell1"
				{parameters "id=trackleft;radius=0.25;"}
				{matrix34
					1 	 0 	 0
					0 	 0 	 -1
					0 	 1 	 0
					51.5312 	 24.8753 	 -5.8792
				}
				{LODView
					{VolumeView "wheell1.ply"}
					{VolumeView "wheell1_lod1.ply"}
				}
			}
			{bone "engine"
				{parameters "id=engine;"}
				{Position -29.0634 	 0 	 0.761}
				{LODView
					{VolumeView "engine.ply"}
					{VolumeView "engine_lod1.ply"}
				}
				{bone "part2"
					{parameters "id=engine;"}
					{matrix34
						-0.6088 	 0.0273 	 0.7929
						0.0006 	 -0.9994 	 0.0349
						0.7934 	 0.0217 	 0.6084
						1.1533 	 0.4899 	 13.1515
					}
					{LODView
						{VolumeView "part2.ply"}
						{VolumeView "part2_lod1.ply"}
					}
				}
			}
			{bone "part1"
				{parameters "id=shieldl1;"}
				{matrix34
					-0.9994 	 0.0006 	 0.0349
					0.0006 	 -0.9994 	 0.0349
					0.0349 	 0.0349 	 0.9988
					54.2234 	 23.8408 	 -4.7243
				}
				{LODView
					{VolumeView "part1.ply"}
					{VolumeView "part1_lod1.ply"}
				}
			}
		}
	}
}
{volume "body2"
	{polyhedron "body2.vol"}
	{bone "body"}
	{matrix34
		0.9994 	 -0.0006 	 -0.0349
		-0.0006 	 0.9994 	 -0.0349
		0.0349 	 0.0349 	 0.9988
		14.6101 	 -0.1697 	 -6.131
	}
}
{volume "body"
	{polyhedron "body.vol"}
	{bone "body"}
	{matrix34
		0.9994 	 -0.0006 	 -0.0349
		-0.0006 	 0.9994 	 -0.0349
		0.0349 	 0.0349 	 0.9988
		14.6101 	 -0.1697 	 -6.131
	}
}
{volume "engine2"
	{polyhedron "engine2.vol"}
	{bone "engine"}
	{matrix34
		0.9994 	 -0.0006 	 -0.0349
		-0.0006 	 0.9994 	 -0.0349
		0.0349 	 0.0349 	 0.9988
		2.0056 	 0.3899 	 5.9598
	}
}
{volume "engine3"
	{polyhedron "engine3.vol"}
	{bone "engine"}
	{matrix34
		0.9994 	 -0.0006 	 -0.0349
		-0.0006 	 0.9994 	 -0.0349
		0.0349 	 0.0349 	 0.9988
		-0.8937 	 -0.0144 	 -5.567
	}
}
{volume "engine"
	{polyhedron "engine.vol"}
	{bone "engine"}
	{matrix34
		0.9994 	 -0.0006 	 -0.0349
		-0.0006 	 0.9994 	 -0.0349
		0.0349 	 0.0349 	 0.9988
		7.1255 	 0.5839 	 11.4231
	}
}
{volume "gun"
	{cylinder 1.90622 55.6389}
	{bone "gun_rot"}
	{matrix34
		-0.0018 	 0.0349 	 0.9994
		0.0349 	 0.9988 	 -0.0348
		-0.9994 	 0.0349 	 -0.003
		39.1536 	 -3.0319 	 -0.2628
	}
}
{volume "mantlet2"
	{polyhedron "mantlet2.vol"}
	{bone "body"}
	{matrix34
		-0.91 	 0.0139 	 0.4145
		0.4147 	 0.032 	 0.9094
		-0.0006 	 0.9994 	 -0.0349
		38.6896 	 -3.2674 	 9.451
	}
}
{volume "mantlet"
	{polyhedron "mantlet.vol"}
	{bone "turret"}
	{matrix34
		0.0128 	 0.9367 	 0.35
		0.0325 	 -0.3502 	 0.9361
		0.9994 	 -0.0006 	 -0.0349
		4.7136 	 0.3944 	 -1.9636
	}
}
{volume "part1"
	{polyhedron "part1.vol"}
	{bone "part1"}
	{matrix34
		1 	 0 	 0
		0 	 0 	 1
		0 	 -1 	 0
		1.1124 	 0.0181 	 0.2022
	}
}
{volume "part2"
	{box 3.62443 13.7456 35.5362}
	{bone "part2"}
	{matrix34
		-0.0281 	 0.0024 	 -0.9996
		0.9996 	 0.0024 	 -0.0281
		0.0023 	 -1 	 -0.0025
		7.0966 	 0.4041 	 -1.5934
	}
}
{volume "part3"
	{cylinder 3.84444 20.1346}
	{bone "part3"}
	{matrix34
		0.0006 	 -0.9994 	 0.0349
		-0.0087 	 0.0349 	 0.9994
		-1 	 -0.0009 	 -0.0087
		0.007 	 0.0239 	 0.6904
	}
}
{volume "part4"
	{cylinder 8.53853 7.55265}
	{bone "part4"}
	{matrix34
		0.9972 	 0.0654 	 0.0374
		-0.0675 	 0.996 	 0.0593
		-0.0334 	 -0.0616 	 0.9975
		-0.0349 	 -0.1176 	 0.3904
	}
}
{volume "part5"
	{cylinder 8.53853 7.55265}
	{bone "part5"}
	{matrix34
		-0.4993 	 -0.8648 	 -0.0523
		0.866 	 -0.5 	 0
		-0.0262 	 -0.0453 	 0.9986
		-0.0266 	 -0.0461 	 -0.1325
	}
}
{volume "part6"
	{box 11.1806 10.916 4.29036}
	{bone "part6"}
	{matrix34
		-0.7252 	 0.0117 	 -0.6884
		-0.0011 	 -0.9999 	 -0.0158
		-0.6885 	 -0.0107 	 0.7251
		-3.664 	 0.2515 	 -4.0484
	}
}
{volume "shieldr2"
	{box 6.82433 11.7395 1.48185}
	{bone "shieldr2"}
	{matrix34
		-0.9291 	 -0.0135 	 0.3695
		0.0006 	 -0.9994 	 -0.0349
		0.3697 	 -0.0322 	 0.9286
		-0.1035 	 0.0949 	 2.442
	}
}
{volume "trackleft"
	{polyhedron "trackleft.vol"}
	{bone "wheelsl"}
	{matrix34
		-1 	 0 	 0
		0 	 0 	 1
		0 	 1 	 0
		-9.589 	 4.5826 	 1.0078
	}
}
{volume "trackright"
	{polyhedron "trackright.vol"}
	{bone "wheelsr"}
	{matrix34
		-1 	 0 	 0
		0 	 0 	 1
		0 	 1 	 0
		-9.589 	 -3.6125 	 1.0078
	}
}
