;Exported by: misan
;Date:        Sat Jul 15 17:16:57 2023
;File:        D:\Cold War\ModelWIP\POLAND\Polack Soldier\Polish Soldier Base.max
{Skeleton
	{bone revolute "basis"
		{limits -30 30}
		{speed 0.1}
		{Orientation
			1	0	0
			0	-1	0
			0	0	1
		}
		{bone "body"
			{parameters "Voxels=0;"}
			{Matrix34
				0	0	1
				0	-1	0
				1	0	0
				0	0.0344553	19.9224
			}
			{bone "foot1l"
				{parameters "Voxels=0;"}
				{Matrix34
					-0.993535	-0.0202547	0.111703
					0.111666	0.00297537	0.993741
					0.0204603	-0.99979	0.000694357
					-0.143509	-2.13095	-0.488995
				}
				{bone "foot2l"
					{parameters "Voxels=0;"}
					{Matrix34
						0.952385	-0.304899	-0.000108004
						0.304899	0.952385	-4.08287e-05
						0.000115292	0	1
						9.37838	-0.0471725	0
					}
					{bone "bone06"
						{Matrix34
							0.22138	0.973964	0.0488401
							-0.972284	0.216583	0.0880677
							0.0751968	-0.0669829	0.994916
							8.74023	0.113252	0.00567889
						}
					}
					{bone "foot3l"
						{parameters "Voxels=0;"}
						{Matrix34
							0.0905581	0.979615	0.179314
							0.00345619	-0.180362	0.983594
							0.995885	-0.088453	-0.019719
							9.2003	-0.34629	-0.0729971
						}
						{bone "bone07"
							{Position 2.60015	0	0}
						}
					}
				}
			}
			{bone "foot1r"
				{parameters "Voxels=0;"}
				{Matrix34
					-0.993573	0.0113961	0.112618
					0.112606	-0.00168935	0.993638
					0.0115138	0.999934	0.00039523
					-0.143518	2.17103	-0.488755
				}
				{bone "foot2r"
					{parameters "Voxels=0;"}
					{Matrix34
						0.951792	-0.306745	-0.000104398
						0.306745	0.951792	-3.94727e-05
						0.000111675	0	1
						9.37831	-0.0472322	0
					}
					{bone "bone03"
						{Matrix34
							0.221381	0.973964	0.04884
							-0.972284	0.216582	0.0880676
							0.075197	-0.0669829	0.994916
							8.74023	0.113252	0.00568032
						}
					}
					{bone "foot3r"
						{parameters "Voxels=0;"}
						{Matrix34
							0.0880245	0.974738	0.205276
							0.00721112	0.205447	-0.978642
							-0.996092	0.0876247	0.0110552
							9.2003	-0.346289	-0.0729964
						}
						{bone "bone05"
							{Position 2.60015	0	0}
						}
					}
				}
			}
			{bone revolute "ik_leftright"
				{parameters "Voxels=0;"}
				{limits -20 20}
				{speed 0.1}
				{Matrix34
					0	0	1
					0	-1	0
					1	0	0
					1.90368	0.0344548	0
				}
				{bone revolute "ik_updown"
					{parameters "Voxels=0;"}
					{limits -40 20}
					{speed 0.1}
					{Matrix34
						1	0	0
						0	0	1
						0	-1	0
						0	0	1.66801
					}
					{bone "head"
						{parameters "Voxels=0;"}
						{Matrix34
							1	0	0
							0	0	-1
							0	1	0
							0	7.21458	0
						}
						{bone "visor"
							{Matrix34
								1	0	0
								0	1	0
								0	0	1
								2.31916	0	2.33291
							}
						}
					}
					{bone "clavicle_right"
						{Position -0.13918	6.12487	1.17253}
						{bone "hand1r"
							{parameters "Voxels=0;"}
							{Matrix34
								-0.139921	-0.964534	0.223824
								0.854197	-0.231906	-0.465367
								0.500769	0.126075	0.85635
								0.0503405	-0.225973	2.95337
							}
							{bone "hand2r"
								{parameters "Voxels=0;"}
								{Matrix34
									0.941571	0.336816	0
									-0.336816	0.94157	0
									0	0	1
									6.26813	0	0
								}
								{bone "hand3r"
									{Matrix34
										0.982611	-0.185677	0
										0.185676	0.982611	0
										0	0	1
										5.19218	0	0
									}
								}
								{bone "hand_rot1r"
									{Matrix34
										0.003336	-0.999958	0.00855798
										-0.999992	-0.00331791	0.00210726
										-0.00207877	-0.0085649	-0.999961
										5.19224	0	0
									}
									{bone "palm1r"
										{Matrix34
											-0.987462	-0.121603	-0.100652
											-0.0703692	-0.231655	0.97025
											-0.141302	0.965168	0.220194
											0.121391	-0.163002	0.149548
										}
										{bone "palm2r_hide"
											{Matrix34
												-0.00745223	0.507041	-0.861889
												0.00224456	0.86192	0.50704
												0.99997	0.00184493	-0.00756352
												0.146145	0.242286	-1.25751
											}
											{bone "palm3r_hide"
												{Matrix34
													0.576833	0.816862	0
													-0.816862	0.576833	0
													0	0	1
													0.581879	-0.000114202	0
												}
												{bone "palm4r_hide"
													{Matrix34
														1	0	0
														0	1	0
														0	0	1
														0.53446	0	0
													}
												}
											}
										}
										{bone "palm2r"
											{Matrix34
												-0.00745398	0.507042	-0.861889
												0.00224373	0.86192	0.50704
												0.99997	0.0018434	-0.00756239
												0.146145	0.242286	-1.25751
											}
											{bone "palm3r"
												{Matrix34
													0.576833	0.816863	0
													-0.816862	0.576832	0
													0	0	1
													0.581879	-0.000115395	0
												}
											}
										}
									}
								}
							}
						}
					}
					{bone "clavicle_left"
						{Position -0.13918	6.12487	-1.18113}
						{bone "hand1l"
							{parameters "Voxels=0;"}
							{Matrix34
								-0.17572	-0.948531	-0.263462
								0.850457	-0.281061	0.444665
								-0.495827	-0.145926	0.856073
								0.0503408	-0.225973	-2.95273
							}
							{bone "hand2l"
								{parameters "Voxels=0;"}
								{Matrix34
									0.864444	0.502729	0
									-0.502729	0.864444	0
									0	0	1
									6.26813	0	0
								}
								{bone "hand3l"
									{Matrix34
										0.982611	-0.185677	0
										0.185677	0.982611	0
										0	0	1
										5.19218	0	0
									}
								}
								{bone "left_hand"
									{parameters "Voxels=0;"}
									{Matrix34
										0.275672	0.823505	-0.495827
										0.00418852	-0.516838	-0.856073
										-0.961242	0.233919	-0.145927
										5.99778	-0.667302	0.409924
									}
								}
								{bone "hand_rot1l"
									{Matrix34
										0.001302	-0.999932	0.0116374
										-0.999999	-0.00131431	-0.00103839
										0.00105359	-0.011636	-0.999932
										5.25743	-0.00065589	-0.00162125
									}
									{bone "palm1l"
										{Matrix34
											0.965404	0.249251	-0.0766091
											-0.0261251	-0.199861	-0.979476
											-0.259446	0.947591	-0.186436
											0.0886903	-0.337658	-0.09161
										}
										{bone "palm2l"
											{Matrix34
												-0.00578377	0.491337	-0.870951
												-0.00434318	-0.870969	-0.491318
												-0.999974	0.000941441	0.00717052
												-0.0738366	0.242493	-1.26342
											}
											{bone "palm3l"
												{Matrix34
													0.578449	-0.815719	0
													0.815719	0.578449	0
													0	0	1
													0.578554	0.000165939	0
												}
											}
										}
										{bone "palm2l_hide"
											{Matrix34
												-0.00578389	0.491336	-0.870951
												-0.00434253	-0.870969	-0.491319
												-0.999974	0.000942041	0.00717044
												-0.0738366	0.242493	-1.26342
											}
											{bone "palm3l_hide"
												{Matrix34
													0.578448	-0.815719	0
													0.815719	0.578449	0
													0	0	1
													0.578552	0.000165462	0
												}
												{bone "palm4l_hide"
													{Matrix34
														1	0	0
														0	1	0
														0	0	1
														0.511902	-3.33786e-05	0
													}
												}
											}
										}
									}
								}
							}
						}
					}
				}
			}
			{bone revolute "placement"
				{Matrix34
					0	1	0
					-1	0	0
					0	0	1
					0.783108	0	0
				}
			}
		}
		{bone "ik_chain05"
			{Position -0.156102	-5.80925	18.2262}
		}
		{bone "ik_chain03"
			{Matrix34
				1	0	0
				0	-1	0
				0	0	1
				-1.09561	2.53715	1.86587
			}
		}
		{bone "ik_chain04"
			{Matrix34
				1	0	0
				0	-1	0
				0	0	1
				3.29347	3.4301	0.0514984
			}
		}
		{bone "ik_chain02"
			{Position 3.29347	-3.36689	0.0514994}
		}
		{bone "ik_chain01"
			{Position -1.09561	-2.34785	1.86587}
		}
		{bone "ik_chain06"
			{Position 0.240945	5.80709	18.4565}
		}
		{bone revolute "foresight2rot"
			{parameters "Voxels=0;"}
			{limits -20 20}
			{speed 0.1}
			{Position 13.7429	0.0246876	27.5947}
		}
		{bone "palm_ik_holder_right02"
			{Matrix34
				0.155961	-0.054003	-0.986286
				0.851415	0.513564	0.106515
				0.500768	-0.856351	0.126075
				-0.965884	-5.52886	23.3472
			}
			{bone "palm_ik_holder_right01"
				{Matrix34
					0.0033364	-0.999958	0.00855869
					-0.999992	-0.00331793	0.00210745
					-0.00207894	-0.00856536	-0.999961
					5.19225	0	0
				}
				{bone "palm_ik_holder_right"
					{Matrix34
						-0.987462	-0.121604	-0.100652
						-0.0703699	-0.231655	0.97025
						-0.141303	0.965167	0.220194
						0.119855	-0.164879	0.14873
					}
					{bone "ik_chain07"
						{Matrix34
							0.999956	0.00324054	-0.00886277
							2.76354e-05	0.938188	0.346125
							0.0094369	-0.34611	0.938147
							0.138651	1.07072	-1.80207
						}
					}
				}
			}
		}
		{bone "palm_ik_holder_left02"
			{Matrix34
				0.275649	0.00420162	-0.961249
				0.823513	-0.516838	0.233893
				-0.495827	-0.856073	-0.145926
				-1.19028	5.78527	23.4475
			}
			{bone "palm_ik_holder_left01"
				{Matrix34
					0.00130211	-0.999932	0.0116374
					-0.999999	-0.0013144	-0.00103822
					0.00105342	-0.0116357	-0.999932
					5.25743	-0.000656843	-0.00162172
				}
				{bone "palm_ik_holder_left"
					{Matrix34
						0.965404	0.249251	-0.0766094
						-0.0261249	-0.199862	-0.979476
						-0.259446	0.947592	-0.186435
						0.0856137	-0.3388	-0.0894642
					}
					{bone "ik_chain08"
						{Matrix34
							0.999967	-0.00286268	0.00758457
							0.000204477	0.944171	0.329455
							-0.00810424	-0.329442	0.944141
							-0.0736465	1.03671	-1.8188
						}
					}
				}
			}
		}
		{bone "skin"
			{Position 0.992398	-6.89244e-05	26.9396}
			{VolumeView "skin.ply"}
		}
	}
}
