;Exported by: misan
;Date:        Sun Jan 29 13:44:46 2023
;File:        D:\Cold War\ModelWIP\Smallarms\RP-46\RP-46.max
{Skeleton
	{animation
		{sequence "recoil" {speed 0.3}}
		{sequence "bipod_open" {speed 0.3}}
	}
	{bone "rp-46"
		{parameters "id=mgun;"}
		{Orientation
			1	0	0
			0	-1	0
			0	0	1
		}
		{VolumeView "rp-46.ply"}
		{bone "bolt"
			{Position 5.18632	1.41061	-0.506775}
			{VolumeView "bolt.ply"}
		}
		{bone "foresight14"
			{Position 18.0212	1.59381	-0.0583007}
		}
		{bone "fxshell"
			{Matrix34
				0	0.258822	0.965925
				0	0.965925	-0.258822
				-1	0	0
				5.73422	2.06214	0.460323
			}
		}
		{bone "handle"
			{Matrix34
				0	-1	0
				0	0	1
				-1	0	0
				5.99582	2.62793	-1.06412
			}
		}
		{bone "standl"
			{Matrix34
				0	0.913545	0.406737
				-1	0	0
				0	-0.406737	0.913545
				10.6833	2.11202	-0.386441
			}
			{VolumeView "standl.ply"}
		}
		{bone "standr"
			{Matrix34
				0	0.906308	-0.422618
				-1	0	0
				0	0.422618	0.906308
				10.6833	2.10116	0.269943
			}
			{VolumeView "standr.ply"}
		}
		 {Bone "ammo_tape"
            {Position 5.5	0.844012	0.1}
            {Bone "line"
                {Matrix34
                    0	1	0
                    0	0	1
                    1	0	0
                    -0.0107946	0.00571799	1.29602
                }
            }
            {Bone "bullet3"
                {Matrix34
                    1	0	0
                    0	0.998236	-0.0593644
                    0	0.0593644	0.998236
                    -0.0107946	-0.487525	1.56234
                }
                {LODView
                    {VolumeView "bullet1.ply"}
                }
            }
            {Bone "bullet4"
                {Matrix34
                    1	0	0
                    0	0.999689	-0.0249451
                    0	0.0249451	0.999689
                    -0.0107946	-0.0930771	1.54131
                }
                {LODView
                    {VolumeView "bullet1.ply"}
                }
            }
            {Bone "bullet5"
                {Matrix34
                    1	0	0
                    0	0.977369	-0.211542
                    0	0.211542	0.977369
                    -0.0107946	0.294008	1.49654
                }
                {LODView
                    {VolumeView "bullet1.ply"}
                }
            }
            {Bone "bullet6"
                {Matrix34
                    1	0	0
                    0	0.912581	-0.408897
                    0	0.408897	0.912581
                    -0.0107946	0.66634	1.37411
                }
                {LODView
                    {VolumeView "bullet1.ply"}
                }
            }
            {Bone "bullet7"
                {Matrix34
                    1	0	0
                    0	0.648222	-0.761451
                    0	0.761451	0.648222
                    -0.0107946	0.952146	1.13209
                }
                {LODView
                    {VolumeView "bullet1.ply"}
                }
            }
            {Bone "bullet8"
                {Matrix34
                    1	0	0
                    0	0.0620231	-0.998075
                    0	0.998075	0.0620231
                    -0.0107946	1.05893	0.788502
                }
                {LODView
                    {VolumeView "bullet1.ply"}
                }
            }
            {Bone "bullet9"
                {Matrix34
                    1	0	0
                    0	0.0316696	-0.999498
                    0	0.999498	0.0316696
                    -0.0107946	1.06854	0.398367
                }
                {LODView
                    {VolumeView "bullet1.ply"}
                }
            }
            {Bone "bullet10"
                {Matrix34
                    1	0	0
                    0	0.0254806	-0.999675
                    0	0.999675	0.0254806
                    -0.0107946	1.07268	-0.000321397
                }
                {LODView
                    {VolumeView "bullet1.ply"}
                }
            }
            {Bone "bullet11"
                {Matrix34
                    1	0	0
                    0	0.998236	-0.0593644
                    0	0.0593644	0.998236
                    -0.0107946	-0.86	1.56234
                }
                {LODView
                    {VolumeView "bullet1.ply"}
                }
            }
            {Bone "bullet13"
                {Matrix34
                    1	0	0
                    0	0.998236	-0.0593644
                    0	0.0593644	0.998236
                    -0.0107946	-1.24	1.56234
                }
                {LODView
                    {VolumeView "bullet1.ply"}
                }
            }
            {Bone "bullet14"
                {Matrix34
                    1	0	0
                    0	0.998236	-0.0593644
                    0	0.0593644	0.998236
                    -0.0107946	-1.61	1.56234
                }
                {LODView
                    {VolumeView "bullet1.ply"}
                }
            }
            {Bone "bullet15"
                {Matrix34
                    1	0	0
                    0	0.998236	-0.0593644
                    0	0.0593644	0.998236
                    -0.0107946	-1.98	1.56234
                }
                {LODView
                    {VolumeView "bullet1.ply"}
                }
            }
            {Bone "bullet16"
                {Matrix34
                    1	0	0
                    0	0.998236	-0.0593644
                    0	0.0593644	0.998236
                    -0.0107946	-2.35	1.56234
                }
                {LODView
                    {VolumeView "bullet1.ply"}
                }
            }
            {Bone "bullet17"
                {Matrix34
                    1	0	0
                    0	0.998236	-0.0593644
                    0	0.0593644	0.998236
                    -0.0107946	-2.72	1.56234
                }
                {LODView
                    {VolumeView "bullet1.ply"}
                }
            }
            {Bone "bullet18"
                {Matrix34
                    1	0	0
                    0	0.998236	-0.0593644
                    0	0.0593644	0.998236
                    -0.0107946	-3.1	1.56234
                }
                {LODView
                    {VolumeView "bullet1.ply"}
                }
            }
            {Bone "bullet19"
                {Matrix34
                    1	0	0
                    0	0.998236	-0.0593644
                    0	0.0593644	0.998236
                    -0.0107946	-3.48	1.56234
                }
                {LODView
                    {VolumeView "bullet1.ply"}
                }
            }
            {Bone "bullet20"
                {Matrix34
                    1	0	0
                    0	0.998236	-0.0593644
                    0	0.0593644	0.998236
                    -0.0107946	-3.86	1.56234
                }
                {LODView
                    {VolumeView "bullet1.ply"}
                }
            }
            {Bone "bullet21"
                {Matrix34
                    1	0	0
                    0	0.998236	-0.0593644
                    0	0.0593644	0.998236
                    -0.0107946	-4.24	1.56234
                }
                {LODView
                    {VolumeView "bullet1.ply"}
                }
            }
            {Bone "bullet22"
                {Matrix34
                    1	0	0
                    0	0.998236	-0.0593644
                    0	0.0593644	0.998236
                    -0.0107946	-4.63	1.56234
                }
                {LODView
                    {VolumeView "bullet1.ply"}
                }
            }
        }
	}
}
{Volume "body"
	{Box 23.3621 3.78004 2.68036}
	{Bone "rp-46"}
	{Position 6.54056	0.858102	-0.0251939}
}
{Volume "select"
	{Box 39.1527 11.1865 5.05413}
	{Bone "rp-46"}
	{Position 7.79559	0.548537	-0.0251939}
}
{Extender "preview"
	{"stuff"
		{camera
			{origin 6.47809	-2.98802	30.3112}
			{lookat 6.47809	-1.39917	13.1161}
			{fov 45}
			{horizon 180}
		}
		{lights
			{"0"
				{type point}
				{position 5.8552	-8.2738	22.3901}
			}
			{"1"
				{type point}
				{position 5.85519	11.5194	28.281}
			}
		}
	}
	{"stuff_primary"
		{camera
			{origin 6.77478	-3.84225	30.2668}
			{lookat 6.6363	-2.25943	13.0718}
			{fov 45}
			{horizon 180}
		}
		{lights
			{"0"
				{type point}
				{position -0.459359	-8.22809	22.4887}
			}
			{"1"
				{type point}
				{position -2.18445	11.4898	28.3797}
			}
		}
	}
}
