;Exported by: pk
;Date:        Sun Feb 17 12:08:19 2019
;File:        E:\Chris setup\my\mi8\mi8_x_export.max
{Skeleton
	{bone "basis"
		{Orientation
			1	0	0
			0	-1	0
			0	0	1
		}
		{bone "body"
			{parameters "ID=body;"}
			{Matrix34
				0.99863	0	-0.052336
				0	1	0
				0.052336	0	0.99863
				52.2656	0	0
			}
			{VolumeView "body.ply"}
			{bone "doorleft"
				{parameters "id=body;"}
				{Matrix34
					0.997093	-0.0145855	0.0747802
					0.0145855	0.999893	0.000546352
					-0.0747802	0.000545942	0.9972
					0.766788	25.7905	30.3415
				}
				{VolumeView "doorleft.ply"}
				{bone "window2"
					{parameters "id=body;"}
					{Position -8.43535	-0.881926	10.3737}
					{VolumeView "window2.ply"}
				}
			}
			{bone "backdoor1"
				{parameters "ID=body;"}
				{Matrix34
					0.875654	-0.032165	0.481866
					-0.0321647	0.99168	0.124646
					-0.481866	-0.124646	0.867334
					-111.41	24.5792	30.0087
				}
				{VolumeView "backdoor1.ply"}
				{bone "door_1_1"
					{parameters "id=body;"}
					{Matrix34
						0.618714	-0.732277	-0.284541
						0.623754	0.678082	-0.388761
						0.477623	0.0630484	0.8763
						-8.3351	-17.8304	-13.7752
					}
					{VolumeView "door_1_1.ply"}
				}
			}
			{bone "backdoor2"
				{parameters "ID=body;"}
				{Matrix34
					0.875654	0.0321648	0.481866
					0.0321648	0.99168	-0.124646
					-0.481866	0.124646	0.867334
					-111.41	-24.5792	30.0087
				}
				{VolumeView "backdoor2.ply"}
				{bone "door_2_1"
					{parameters "id=body;"}
					{Matrix34
						-0.679563	-0.714889	0.164706
						0.621731	-0.680393	-0.387963
						0.389415	-0.161243	0.906839
						-8.3351	17.8304	-13.7752
					}
					{VolumeView "door_2_1.ply"}
				}
			}
			{bone revolute "wheer"
				{parameters "ID=wheelr;Radius=0.42;support;"}
				{Position -84.9522	-44.9537	4.2598}
				{VolumeView "wheer.ply"}
			}
			{bone revolute "wheell"
				{parameters "ID=wheell;Radius=0.42;support;"}
				{Position -84.9522	44.9536	4.2598}
				{VolumeView "wheell.ply"}
			}
			{bone revolute "wheelf"
				{parameters "ID=wheelf;Radius=0.3;support;"}
				{Position -0.446926	3.09889	5.91631}
				{VolumeView "wheelf.ply"}
			}
			{bone "engine"
				{parameters "ID=engine;"}
				{Position -32.0092	0	70.0401}
				{VolumeView "engine.ply"}
				{bone "rotor"
					{parameters "ID=rotor;"}
					{Matrix34
						-0.0523365	0	0.99863
						-0.706138	0.707107	-0.0370075
						-0.706137	-0.707107	-0.0370074
						-35.0312	-0.288174	19.4843
					}
					{VolumeView "rotor.ply"}
					{bone "propeller"
						{parameters "ID=propeller;"}
						{Matrix34
							0	0	-1
							0	1	0
							1	0	0
							-4.29444	77.4534	88.0624
						}
						{VolumeView "propeller.ply"}
					}
					{bone "propeller1"
						{parameters "ID=propeller1;"}
						{Matrix34
							0	0	-1
							0	1	0
							1	0	0
							-4.25153	-61.1314	100.376
						}
						{VolumeView "propeller1.ply"}
					}
					{bone "propeller2"
						{parameters "ID=propeller2;"}
						{Matrix34
							0	0	-1
							0	1	0
							1	0	0
							-4.28746	-113.577	-28.1286
						}
						{VolumeView "propeller2.ply"}
					}
					{bone "propeller3"
						{parameters "ID=propeller3;"}
						{Matrix34
							0	0	-1
							0	1	0
							1	0	0
							-4.33939	-8.99564	-115.648
						}
						{VolumeView "propeller3.ply"}
					}
					{bone "propeller4"
						{parameters "ID=propeller4;"}
						{Matrix34
							0	0	-1
							0	1	0
							1	0	0
							-4.33324	106.374	-47.121
						}
						{VolumeView "propeller4.ply"}
					}
				}
				{bone "rotor_b"
					{parameters "ID=rotor_b;"}
					{Matrix34
						0	1	0
						-1	0	0
						0	0	1
						-286.299	-18.5994	3.12363
					}
					{VolumeView "rotor_b.ply"}
					{bone "propeller_b"
						{parameters "ID=propeller_b;"}
						{Matrix34
							0	-1	0
							1	0	0
							0	0	1
							4.20453	-18.5993	14.4091
						}
						{VolumeView "propeller_b.ply"}
					}
					{bone "propeller_b1"
						{parameters "ID=propeller_b1;"}
						{Matrix34
							0	-1	0
							1	0	0
							0	0	1
							4.20453	21.1906	8.70461
						}
						{VolumeView "propeller_b1.ply"}
					}
					{bone "propeller_b2"
						{parameters "ID=propeller_b2;"}
						{Matrix34
							0	-1	0
							1	0	0
							0	0	1
							4.20453	-3.66461	-22.549
						}
						{VolumeView "propeller_b2.ply"}
					}
				}
			}
			{bone "pivot_back"
				{Matrix34
					0.99863	0	0.0523361
					0	1	0
					-0.0523361	0	0.99863
					-89.279	-1.03391e-005	11.9808
				}
			}
			{bone "pivot_front"
				{Matrix34
					0.99863	0	0.0523361
					0	1	0
					-0.0523361	0	0.99863
					4.6249	-1.03391e-005	16.9021
				}
			}
			{bone "window1"
				{parameters "ID=body;"}
				{Position 35.911	-9.62309	46.6116}
				{VolumeView "window1.ply"}
			}
			{bone "window3"
				{parameters "id=body;"}
				{Position -22.6723	24.5154	38.9241}
				{VolumeView "window3.ply"}
			}
			{bone "window4"
				{parameters "id=body;"}
				{Position -40.3108	24.5154	37.5917}
				{VolumeView "window4.ply"}
			}
			{bone "window5"
				{parameters "id=body;"}
				{Position -58.7803	24.5154	36.1965}
				{VolumeView "window5.ply"}
			}
			{bone "window6"
				{parameters "id=body;"}
				{Position -72.7922	24.5154	35.138}
				{VolumeView "window6.ply"}
			}
			{bone "window7"
				{parameters "id=body;"}
				{Position -92.1106	24.5154	33.6786}
				{VolumeView "window7.ply"}
			}
			{bone "window8"
				{parameters "id=body;"}
				{Position -8.42891	-24.568	40.0057}
				{VolumeView "window8.ply"}
			}
			{bone "window9"
				{parameters "id=body;"}
				{Position -22.6723	-24.5154	38.9241}
				{VolumeView "window9.ply"}
			}
			{bone "window10"
				{parameters "id=body;"}
				{Position -40.3108	-24.5154	37.5917}
				{VolumeView "window10.ply"}
			}
			{bone "window11"
				{parameters "id=body;"}
				{Position -58.7803	-24.5154	36.1965}
				{VolumeView "window11.ply"}
			}
			{bone "window12"
				{parameters "id=body;"}
				{Position -72.7922	-24.5154	35.138}
				{VolumeView "window12.ply"}
			}
			{bone "window13"
				{parameters "id=body;"}
				{Position -92.1106	-24.5154	33.6786}
				{VolumeView "window13.ply"}
			}
			{bone "window14"
				{parameters "ID=body;"}
				{Position 41.5266	10.9991	33.139}
				{VolumeView "window14.ply"}
			}
			{bone "window15"
				{parameters "ID=body;"}
				{Position 44.6346	0	37.9609}
				{VolumeView "window15.ply"}
			}
			{bone "window16"
				{parameters "ID=body;"}
				{Position 41.5266	-10.9991	33.139}
				{VolumeView "window16.ply"}
			}
			{bone "window17"
				{parameters "ID=body;"}
				{Position 41.0202	0	28.4463}
				{VolumeView "window17.ply"}
			}
			{bone "window18"
				{parameters "ID=body;"}
				{Position 35.911	9.62309	46.6116}
				{VolumeView "window18.ply"}
			}
			{bone "window19"
				{parameters "ID=body;"}
				{Position 38.7447	-0.000139952	47.875}
				{VolumeView "window19.ply"}
			}
			{bone "window20"
				{parameters "ID=body;"}
				{Position 18.9997	22.1456	42.9038}
				{VolumeView "window20.ply"}
			}
			{bone "window21"
				{parameters "ID=body;"}
				{Position 18.9997	-22.1456	42.9038}
				{VolumeView "window21.ply"}
			}
			{bone "window22"
				{parameters "ID=body;"}
				{Position 29.856	17.0618	44.0321}
				{VolumeView "window22.ply"}
			}
			{bone "window23"
				{parameters "ID=body;"}
				{Position 29.856	-17.0618	44.0321}
				{VolumeView "window23.ply"}
			}
		}
	}
}
{Volume "wheelf"
	{Cylinder 5.89926 9.75603}
	{Bone "wheelf"}
	{Matrix34
		0.99863	0	0.0523361
		-0.0523361	0	0.99863
		0	-1	0
		0.00625624	-3.09889	-0.119302
	}
}
{Volume "wheell"
	{Cylinder 8.32688 5.95118}
	{Bone "wheell"}
	{Matrix34
		0.99863	0	0.0523361
		-0.0523361	0	0.99863
		0	-1	0
		1.15252e-005	0	0
	}
}
{Volume "wheelr"
	{Cylinder 8.32688 5.95118}
	{Bone "wheer"}
	{Matrix34
		0.99863	0	0.0523361
		-0.0523361	0	0.99863
		0	-1	0
		1.15252e-005	1.16825e-005	0
	}
}
