;Exported by: misan
;Date:        Wed Jul  3 14:37:18 2024
;File:        D:\Cold War\ModelWIP\West Germany\Kanonenjagdpanzer\KanJpz.max
{Skeleton
	{animation
		{sequence "start" {speed 0.15}}
		{sequence "stop" {speed 0.15}}
		{sequence "fire" {speed 0.15}}
		{sequence "open_driver" {speed 0.1}}
		{sequence "open_commander" {speed 0.1}}
		{sequence "open_loader" {speed 0.1}}
		{sequence "open1" {speed 0.2}}
		{sequence "open2" {speed 0.2}}
	}
	{bone revolute "basis"
		{limits 0 0}
		{Orientation
			1	0	0
			0	-1	0
			0	0	1
		}
		{bone "body"
			{parameters "id=body;"}
			{Position -2.63276	-0.0879293	0.13199}
			{VolumeView "body.ply"}
			{bone "enumerator1"
				{Position 7.46239	-23.2307	28.745}
				{VolumeView "enumerator1.ply"}
			}
			{bone "enumerator2"
				{Position 7.46239	23.228	28.745}
				{VolumeView "enumerator2.ply"}
			}
			{bone "fenderl1"
				{Position 56.6608	22.3604	20.2074}
				{VolumeView "fenderl1.ply"}
				{bone "detail9"
					{Position 4.43697	0.0135918	-1.83302}
					{VolumeView "detail9.ply"}
				}
			}
			{bone "fenderl2"
				{parameters "id=shieldl2;"}
				{Position -48.2676	22.4001	19.1583}
				{VolumeView "fenderl2.ply"}
			}
			{bone "fenderr1"
				{parameters "id=shieldr1;"}
				{Position 56.6608	-22.3604	20.2074}
				{VolumeView "fenderr1.ply"}
				{bone "detail8"
					{Position 4.43694	-0.0135841	-1.833}
					{VolumeView "detail8.ply"}
				}
			}
			{bone "fenderr2"
				{parameters "id=shieldr2;"}
				{Position -48.2676	-22.4001	19.1583}
				{VolumeView "fenderr2.ply"}
			}
			{bone "detail7"
				{parameters "id=body;"}
				{VolumeView "detail7.ply"}
			}
			{bone "detail6"
				{parameters "id=body;"}
				{VolumeView "detail6.ply"}
			}
			{bone "detail3"
				{parameters "id=body;"}
				{Position -24.3148	-24.3001	27.3524}
				{VolumeView "detail3.ply"}
			}
			{bone "detail2"
				{parameters "id=engine;"}
				{Position -18.6441	7.25929	31.5898}
				{VolumeView "detail2.ply"}
			}
			{bone "detail1"
				{parameters "id=body;"}
				{Position -17.8193	24.5025	27.1971}
				{VolumeView "detail1.ply"}
			}
			{bone "cover3"
				{parameters "id=body;"}
				{Matrix34
					0.980111	0	-0.198448
					0	1	0
					0.198448	0	0.980111
					34.4929	6.04898	35.1629
				}
				{VolumeView "cover3.ply"}
			}
			{bone "cover2"
				{parameters "id=body;"}
				{Position 2.16667	-8.94083	35.1912}
				{VolumeView "cover2.ply"}
			}
			{bone "cover1_hinge"
				{parameters "id=body;"}
				{Position 11.8138	10.4624	36.9478}
				{VolumeView "cover1_hinge.ply"}
				{bone "cover1"
					{parameters "id=body;"}
					{Position 2.42582	-0.610855	-0.642166}
					{VolumeView "cover1.ply"}
				}
			}
			{bone "fxsmoke1"
				{Matrix34
					0	0	1
					0	1	0
					-1	0	0
					-30.4288	2.12223	32.4352
				}
			}
			{bone "fxfire3"
				{Position 7.44426	-6.34968	27.097}
			}
			{bone "fxfire1"
				{Position -17.5892	-14.7821	27.097}
			}
			{bone "fxfire3_2"
				{Position 18.1295	9.80077	27.097}
			}
			{bone revolute "gun_rot"
				{Matrix34
					1	0	0
					0	0	1
					0	-1	0
					46.9516	0.0879294	21.7791
				}
				{bone revolute "mantlet"
					{parameters "id=gun_rot;"}
					{limits -15 15}
					{Matrix34
						1	0	0
						0	0	-1
						0	1	0
						4.09555	2.79733	1.09494
					}
					{VolumeView "mantlet.ply"}
					{bone "gun"
						{parameters "id=gun;"}
						{Position 10.8997	-3.24249e-05	3.13007}
						{VolumeView "gun.ply"}
						{bone "foresight1"
							{Position 46.901	-0.0247688	-0.00625229}
						}
					}
					{bone "visor1"
						{Position 11.0875	-4.46258	2.96861}
					}
					{bone "foresight5"
						{Position 11.0875	4.50016	2.96861}
					}
					{bone "ir"
						{parameters "id=shield2;"}
						{Position 3.03039	-0.0162592	8.98371}
						{VolumeView "ir.ply"}
						{bone "shield2"
							{Position 3.40837	0.0222318	3.28002}
						}
					}
				}
				{bone "mantlet_cover"
					{parameters "id=gun_rot;"}
					{Matrix34
						1	0	0
						0	0	-1
						0	1	0
						4.91793	3.45774	1.00613
					}
					{VolumeView "mantlet_cover.ply"}
				}
			}
			{bone revolute "wheell1"
				{parameters "id=trackleft;Radius=0.33;"}
				{Matrix34
					1	0	0
					0	0	-1
					0	1	0
					52.9855	22.9873	14.3675
				}
				{VolumeView "wheell1.ply"}
			}
			{bone revolute "wheelr1"
				{parameters "id=trackright;Radius=0.33;"}
				{Matrix34
					1	0	0
					0	0	-1
					0	1	0
					52.9855	-23.2316	14.3675
				}
				{VolumeView "wheelr1.ply"}
			}
			{bone revolute "wheelr10"
				{parameters "id=trackright;Radius=0.15;"}
				{Matrix34
					1	0	0
					0	0	-1
					0	1	0
					-19.68	-22.7807	18.1018
				}
				{VolumeView "wheelr10.ply"}
			}
			{bone revolute "wheelr9"
				{parameters "id=trackright;Radius=0.15;"}
				{Matrix34
					1	0	0
					0	0	-1
					0	1	0
					13.5992	-22.7807	18.1018
				}
				{VolumeView "wheelr9.ply"}
			}
			{bone revolute "wheelr8"
				{parameters "id=trackright;Radius=0.15;"}
				{Matrix34
					1	0	0
					0	0	-1
					0	1	0
					30.4359	-22.7807	18.1018
				}
				{VolumeView "wheelr8.ply"}
			}
			{bone revolute "wheelr7"
				{parameters "id=trackright;Radius=0.35;"}
				{Matrix34
					1	0	0
					0	0	-1
					0	1	0
					-42.9858	-22.5644	14.5849
				}
				{VolumeView "wheelr7.ply"}
			}
			{bone revolute "wheell10"
				{parameters "id=trackleft;Radius=0.15;"}
				{Matrix34
					1	0	0
					0	0	-1
					0	1	0
					-19.68	22.8533	18.1018
				}
				{VolumeView "wheell10.ply"}
			}
			{bone revolute "wheell9"
				{parameters "id=trackleft;Radius=0.15;"}
				{Matrix34
					1	0	0
					0	0	-1
					0	1	0
					13.5992	22.8533	18.1018
				}
				{VolumeView "wheell9.ply"}
			}
			{bone revolute "wheell8"
				{parameters "id=trackleft;Radius=0.15;"}
				{Matrix34
					1	0	0
					0	0	-1
					0	1	0
					30.4359	22.8533	18.1018
				}
				{VolumeView "wheell8.ply"}
			}
			{bone revolute "wheell7"
				{parameters "id=trackleft;Radius=0.35;"}
				{Matrix34
					1	0	0
					0	0	-1
					0	1	0
					-42.9858	22.637	14.5849
				}
				{VolumeView "wheell7.ply"}
			}
			{bone revolute "mgun_turret"
				{parameters "id=body;"}
				{limits -35 35}
				{Position 24.0265	9.53819	38.2164}
				{VolumeView "mgun_turret.ply"}
				{bone revolute "mgun_vrot"
					{parameters "id=body;"}
					{limits -10 35}
					{Matrix34
						1	0	0
						0	0	1
						0	-1	0
						4.94759	-0.0154591	4.53157
					}
					{VolumeView "mgun_vrot.ply"}
					{bone "mgun_helper"
						{Position -3.95223	-0.00653076	-0.00351906}
					}
				}
			}
			{bone "visor2"
				{Position 42.4359	12.7123	34.2194}
			}
			{bone "visor3"
				{Position 14.352	-6.79507	36.814}
			}
			{bone "gunner2"
				{Position 17.1727	9.25677	21.729}
			}
			{bone "engine"
				{parameters "id=engine;"}
				{Position -0.00024271	0	1.00434e-05}
				{VolumeView "engine.ply"}
				{bone "box"
					{parameters "id=shield1;"}
					{VolumeView "box.ply"}
				}
				{bone "detail5"
					{parameters "id=engine;"}
					{Position -40.6537	11.2882	28.8295}
					{VolumeView "detail5.ply"}
				}
				{bone "detail4"
					{parameters "id=engine;"}
					{Position -40.6537	3.58515	28.8295}
					{VolumeView "detail4.ply"}
				}
				{bone "smoke_launchers"
					{parameters "id=engine;"}
					{Position -18.0621	5.57694	34.5135}
					{VolumeView "smoke_launchers.ply"}
					{bone "smoke_shot8"
						{Matrix34
							-0.621665	0.575865	-0.530954
							-0.448277	-0.817439	-0.36172
							-0.642324	0.0131458	0.76632
							0.937502	-10.0882	1.89978
						}
					}
					{bone "smoke_shot7"
						{Matrix34
							-0.741022	0.244672	-0.625317
							-0.195717	-0.969517	-0.147418
							-0.642324	0.0131455	0.76632
							1.52652	-7.07857	2.44652
						}
					}
					{bone "smoke_shot6"
						{Matrix34
							-0.75287	0.176446	-0.634077
							-0.143549	-0.984223	-0.103439
							-0.642325	0.0131455	0.76632
							1.66841	-3.93075	2.56702
						}
					}
					{bone "smoke_shot5"
						{Matrix34
							-0.764752	0.0551842	-0.641957
							-0.0507278	-0.99839	-0.0253928
							-0.642325	0.0131459	0.76632
							1.66489	-1.22761	2.52187
						}
					}
					{bone "smoke_shot4"
						{Matrix34
							-0.766056	0.0203074	-0.642453
							-0.0240073	-0.999707	-0.00297372
							-0.642325	0.0131455	0.76632
							1.77254	1.15445	2.52187
						}
					}
					{bone "smoke_shot3"
						{Matrix34
							-0.758585	-0.153442	-0.633249
							0.131814	-0.98792	0.0814776
							-0.638101	-0.0216636	0.769648
							1.60662	4.07395	2.53849
						}
					}
					{bone "smoke_shot2"
						{Matrix34
							-0.710838	-0.320924	-0.625873
							0.337154	-0.936415	0.0972333
							-0.617281	-0.141899	0.77384
							1.50139	7.0313	2.48351
						}
					}
					{bone "smoke_shot1"
						{Matrix34
							-0.610364	-0.48417	-0.626926
							0.585344	-0.808928	0.0548487
							-0.533694	-0.333489	0.777146
							0.900658	10.1047	1.85229
						}
					}
				}
			}
			{bone "fxstop2"
				{Matrix34
					-1	0	0
					0	0	1
					0	1	0
					-44.7182	22.5769	25.1521
				}
			}
			{bone "fxstop1"
				{Matrix34
					-1	0	0
					0	0	1
					0	1	0
					-44.7182	-22.5377	25.1521
				}
			}
			{bone "headlightl"
				{Position 57.5761	12.3554	22.9821}
			}
			{bone "headlightr"
				{Position 57.5761	-12.8444	22.9821}
			}
		}
		{bone "emit2"
			{Matrix34
				0	1	0
				-1	0	0
				0	0	1
				2.96948	-42.251	0
			}
		}
		{bone "emit1"
			{Matrix34
				0.087156	-0.996195	0
				0.996195	0.087156	0
				0	0	1
				10.3502	40.9758	0
			}
		}
		{bone "emit0"
			{Matrix34
				0	-1	0
				1	0	0
				0	0	1
				34.4841	38.9966	0
			}
		}
		{bone "wheelsr"
			{Position 0	-15.7213	5.9345}
			{bone "fxtracer1"
				{Matrix34
					0	-1	0
					0	0	1
					-1	0	0
					29.7169	-6.85314	-5.9345
				}
			}
			{bone "fxtracer2"
				{Matrix34
					0	-1	0
					0	0	1
					-1	0	0
					0.0263302	-6.85314	-5.9345
				}
			}
			{bone "fxtracer3"
				{Matrix34
					0	-1	0
					0	0	1
					-1	0	0
					-30.1016	-6.85314	-5.9345
				}
			}
			{bone prizmatic "suspension_r1"
				{limits -0.1 0.1}
				{Position 35.2641	-2.13326	1.55923}
				{bone revolute "wheelr2"
					{parameters "id=trackright;Radius=0.30;"}
					{Matrix34
						1	0	0
						0	0	-1
						0	1	0
						0.00688934	-5.30061	-0.0675774
					}
					{VolumeView "wheelr2.ply"}
				}
			}
			{bone prizmatic "suspension_r2"
				{limits -0.1 0.1}
				{Position 18.4556	-2.13326	1.51112}
				{bone revolute "wheelr3"
					{parameters "id=trackright;Radius=0.30;"}
					{Matrix34
						1	0	0
						0	0	-1
						0	1	0
						0.0274734	-5.30061	-0.0194597
					}
					{VolumeView "wheelr3.ply"}
				}
			}
			{bone prizmatic "suspension_r3"
				{limits -0.1 0.1}
				{Position 1.7351	-2.13326	1.62663}
				{bone revolute "wheelr4"
					{parameters "id=trackright;Radius=0.30;"}
					{Matrix34
						1	0	0
						0	0	-1
						0	1	0
						-0.0281048	-5.30061	-0.134975
					}
					{VolumeView "wheelr4.ply"}
				}
			}
			{bone prizmatic "suspension_r4"
				{limits -0.1 0.1}
				{Position -14.8354	-2.13326	1.49929}
				{bone revolute "wheelr5"
					{parameters "id=trackright;Radius=0.30;"}
					{Matrix34
						1	0	0
						0	0	-1
						0	1	0
						0.00629234	-5.30061	-0.0076313
					}
					{VolumeView "wheelr5.ply"}
				}
			}
			{bone prizmatic "suspension_r5"
				{limits -0.1 0.1}
				{Position -32.029	-2.13326	1.52296}
				{bone revolute "wheelr6"
					{parameters "id=trackright;Radius=0.30;"}
					{Matrix34
						1	0	0
						0	0	-1
						0	1	0
						-0.0313568	-5.30061	-0.0313034
					}
					{VolumeView "wheelr6.ply"}
				}
			}
			{bone "trackr"
				{parameters "id=trackright;"}
				{Position 2.61469	-6.84803	5.09622}
				{VolumeView "trackr.ply"}
			}
		}
		{bone "wheelsl"
			{Position 0	15.7886	5.9345}
			{bone "fxtracel1"
				{Matrix34
					0	-1	0
					0	0	1
					-1	0	0
					29.7169	6.69751	-5.9345
				}
			}
			{bone "fxtracel2"
				{Matrix34
					0	-1	0
					0	0	1
					-1	0	0
					0.0263317	6.69751	-5.9345
				}
			}
			{bone "fxtracel3"
				{Matrix34
					0	-1	0
					0	0	1
					-1	0	0
					-30.1016	6.69751	-5.9345
				}
			}
			{bone prizmatic "suspension_l1"
				{limits -0.1 0.1}
				{Position 35.2641	2.13094	1.55923}
				{bone revolute "wheell2"
					{parameters "id=trackleft;Radius=0.3;"}
					{Matrix34
						1	0	0
						0	0	-1
						0	1	0
						0.00688934	5.14407	-0.0675755
					}
					{VolumeView "wheell2.ply"}
				}
			}
			{bone prizmatic "suspension_l2"
				{limits -0.1 0.1}
				{Position 18.4556	2.13094	1.51111}
				{bone revolute "wheell3"
					{parameters "id=trackleft;Radius=0.3;"}
					{Matrix34
						1	0	0
						0	0	-1
						0	1	0
						0.0274734	5.14407	-0.0194578
					}
					{VolumeView "wheell3.ply"}
				}
			}
			{bone prizmatic "suspension_l3"
				{limits -0.1 0.1}
				{Position 1.7351	2.13094	1.62663}
				{bone revolute "wheell4"
					{parameters "id=trackleft;Radius=0.3;"}
					{Matrix34
						1	0	0
						0	0	-1
						0	1	0
						-0.0281057	5.14407	-0.134974
					}
					{VolumeView "wheell4.ply"}
				}
			}
			{bone prizmatic "suspension_l4"
				{limits -0.1 0.1}
				{Position -14.8354	2.13094	1.49929}
				{bone revolute "wheell5"
					{parameters "id=trackleft;Radius=0.3;"}
					{Matrix34
						1	0	0
						0	0	-1
						0	1	0
						0.00629616	5.14407	-0.00762939
					}
					{VolumeView "wheell5.ply"}
				}
			}
			{bone prizmatic "suspension_l5"
				{limits -0.1 0.1}
				{Position -32.029	2.13094	1.52296}
				{bone revolute "wheell6"
					{parameters "id=trackleft;Radius=0.3;"}
					{Matrix34
						1	0	0
						0	0	-1
						0	1	0
						-0.0313568	5.14407	-0.0313015
					}
					{VolumeView "wheell6.ply"}
				}
			}
			{bone "trackl"
				{parameters "id=trackleft;"}
				{Position 2.61469	6.75264	5.09621}
				{VolumeView "trackl.ply"}
			}
		}
	}
}
{Volume "ammo"
	{Box 18.2064 19.5775 10.8285}
	{Bone "body"}
	{Position 6.55286	3.60711	17.566}
}
{Volume "body1"
	{Polyhedron "body1.vol"}
	{Bone "body"}
	{Position 23.7344	-0.0729754	29.4138}
}
{Volume "body2"
	{Polyhedron "body2.vol"}
	{Bone "body"}
	{Position 4.88452	0.00568031	19.7787}
}
{Volume "body3"
	{Polyhedron "body3.vol"}
	{Bone "body"}
	{Position -23.314	-0.033641	27.0574}
}
{Volume "body4"
	{Polyhedron "body4.vol"}
	{Bone "body"}
	{Position 4.84498	-0.0336536	12.2127}
}
{Volume "engine"
	{Box 20.7344 19.8659 14.5466}
	{Bone "body"}
	{Position -18.4191	2.30937	20.2396}
}
{Volume "fuel"
	{Box 26.1203 6.08628 14.438}
	{Bone "body"}
	{Position -18.4321	15.8426	21.8759}
}
{Volume "gun"
	{Cylinder 2.0204 87.4665}
	{Bone "gun"}
	{Matrix34
		0	-1	0
		0	0	1
		-1	0	0
		3.62896	0.134731	-0.0380585
	}
}
{Volume "hole1"
	{Box 74.0816 5.98476 9.64517}
	{Bone "wheelsr"}
	{Matrix34
		1	0	0
		0	0	1
		0	-1	0
		1.78999	-4.76325	11.0958
	}
}
{Volume "hole2"
	{Box 74.0816 5.98476 9.64517}
	{Bone "wheelsl"}
	{Matrix34
		1	0	0
		0	0	1
		0	-1	0
		1.78999	4.72628	11.0958
	}
}
{Volume "mantlet"
	{Polyhedron "mantlet.vol"}
	{Bone "mantlet"}
	{Position 4.28082	-0.285241	1.85364}
}
{Volume "ram"
	{Polyhedron "ram.vol"}
	{Bone "body"}
	{Position 11.0471	-0.106087	19.5344}
}
{Volume "shield1"
	{Box 7.14255 10.3659 8.81884}
	{Bone "box"}
	{Matrix34
		0	-1	0
		0.669131	0	0.743145
		-0.743145	0	0.669131
		-43.2694	-8.79398	30.5566
	}
}
{Volume "shieldl1"
	{Box 6.78263 1.94019 9.51895}
	{Bone "fenderl1"}
	{Matrix34
		0.891007	0	-0.453991
		0.453991	0	0.891007
		0	-1	0
		-0.280251	-0.117189	0.0674515
	}
}
{Volume "shieldl2"
	{Box 2.27806 7.49524 9.1}
	{Bone "fenderl2"}
	{Matrix34
		0.766044	0	-0.642788
		0.642788	0	0.766044
		0	-1	0
		-0.508736	0.0945654	0.185329
	}
}
{Volume "shieldr1"
	{Box 6.78263 1.94019 9.51895}
	{Bone "fenderr1"}
	{Matrix34
		0.891007	0	-0.453991
		0.453991	0	0.891007
		0	-1	0
		-0.280258	-0.0585232	0.0674438
	}
}
{Volume "shieldr2"
	{Box 2.27806 7.49524 9.1}
	{Bone "fenderr2"}
	{Matrix34
		0.766044	0	-0.642788
		0.642788	0	0.766044
		0	-1	0
		-0.508736	0.12213	0.185318
	}
}
{Volume "trackleft"
	{Polyhedron "trackleft.vol"}
	{Bone "wheelsl"}
	{Position 1.24068	6.70424	5.25055}
}
{Volume "trackright"
	{Polyhedron "trackright.vol"}
	{Bone "wheelsr"}
	{Position 1.24068	-6.88736	5.25055}
}
{Volume "transmission"
	{Cylinder 5.98972 30.9221}
	{Bone "body"}
	{Matrix34
		1	0	0
		0	0	1
		0	-1	0
		-40.684	0.0990263	15.6703
	}
}
