;Exported by: misan
;Date:        Mon Dec 20 06:57:53 2021
;File:        D:\Cold War\Models\Infantry Skins 2021\NewRig\Step5.max
{Skeleton
	{bone "basis"
		{Orientation
			1	0	0
			0	-1	0
			0	0	1
		}
		{bone "body"
			{parameters "Voxels=0;"}
			{Matrix34
				0	0	1
				0	-1	0
				1	0	0
				0	0.0344553	19.9224
			}
			{bone "foot1l"
				{parameters "Voxels=0;"}
				{Matrix34
					-0.988448	-0.0202486	0.150201
					0.150171	0.00305071	0.988655
					0.0204771	-0.99979	-2.53109e-05
					-0.143509	-2.13095	-0.488995
				}
				{bone "foot2l"
					{parameters "Voxels=0;"}
					{Matrix34
						0.95001	-0.31222	-9.42908e-05
						0.31222	0.95001	-3.56592e-05
						0.00010067	0	1
						9.37838	-0.0471723	0
					}
					{bone "bone06"
						{Matrix34
							0.22138	0.973964	0.0488401
							-0.972284	0.216583	0.0880677
							0.0751968	-0.0669829	0.994916
							8.74023	0.113252	0.00567913
						}
					}
					{bone "foot3l"
						{parameters "Voxels=0;"}
						{Matrix34
							0.156276	0.966823	0.202067
							-0.0127603	-0.202587	0.979181
							0.987631	-0.155602	-0.0193227
							9.2003	-0.346289	-0.0729971
						}
						{bone "bone07"
							{Position 2.60015	0	0}
						}
					}
				}
			}
			{bone "foot1r"
				{parameters "Voxels=0;"}
				{Matrix34
					-0.988453	0.0113914	0.151096
					0.151086	-0.00172158	0.988519
					0.0115206	0.999934	-1.93603e-05
					-0.143518	2.17103	-0.488755
				}
				{bone "foot2r"
					{parameters "Voxels=0;"}
					{Matrix34
						0.949416	-0.314022	-9.07611e-05
						0.314022	0.949416	-3.43218e-05
						9.71453e-05	0	1
						9.37832	-0.0472319	0
					}
					{bone "bone03"
						{Matrix34
							0.221381	0.973964	0.04884
							-0.972284	0.216582	0.0880676
							0.0751969	-0.0669829	0.994916
							8.74023	0.113254	0.00567961
						}
					}
					{bone "foot3r"
						{parameters "Voxels=0;"}
						{Matrix34
							0.1531	0.960736	0.231402
							0.0254163	0.230257	-0.972798
							-0.987884	0.154816	0.0108338
							9.2003	-0.346288	-0.0729961
						}
						{bone "bone05"
							{Position 2.60015	0	0}
						}
					}
				}
			}
			{bone "ik_leftright"
				{parameters "Voxels=0;"}
				{Matrix34
					0	0	1
					0	-1	0
					1	0	0
					1.90368	0.0344548	0
				}
				{bone "ik_updown"
					{parameters "Voxels=0;"}
					{Matrix34
						1	0	0
						0	0	1
						0	-1	0
						0	0	1.66801
					}
					{bone "head"
						{parameters "Voxels=0;"}
						{Matrix34
							1	0	0
							0	0	-1
							0	1	0
							0	7.21458	0
						}
						{bone "visor"
							{Matrix34
								1	0	0
								0	1	0
								0	0	1
								2.31916	0	2.33291
							}
						}
					}
					{bone "clavicle_right"
						{Position -0.13918	6.12487	1.17253}
						{bone "hand1r"
							{parameters "Voxels=0;"}
							{Matrix34
								0.0569711	-0.982642	0.176546
								0.869609	-0.0380264	-0.492275
								0.490443	0.181571	0.852348
								0.0503405	-0.225973	2.95337
							}
							{bone "hand2r"
								{parameters "Voxels=0;"}
								{Matrix34
									0.999998	-0.00213475	0
									0.00213474	0.999998	0
									0	0	1
									6.26813	0	0
								}
								{bone "hand3r"
									{Matrix34
										0.982611	-0.185677	0
										0.185677	0.982611	0
										0	0	1
										5.19218	0	0
									}
								}
								{bone "hand_rot1r"
									{Matrix34
										0.00333592	-0.999958	0.00855797
										-0.999992	-0.00331802	0.00210725
										-0.00207879	-0.00856493	-0.999961
										5.19225	0	0
									}
									{bone "palm1r"
										{Matrix34
											-0.987462	-0.121604	-0.100652
											-0.0703693	-0.231655	0.97025
											-0.141302	0.965168	0.220194
											0.12139	-0.163	0.149547
										}
										{bone "palm2r_hide"
											{Matrix34
												-0.00762013	0.507055	-0.86188
												0.00254682	0.861912	0.507052
												0.999968	0.00166977	-0.00786155
												0.146144	0.242286	-1.25751
											}
											{bone "palm3r_hide"
												{Matrix34
													0.576833	0.816862	0
													-0.816862	0.576833	0
													0	0	1
													0.581879	-0.000114918	0
												}
												{bone "palm4r_hide"
													{Matrix34
														1	0	0
														0	1	0
														0	0	1
														0.534458	0	0
													}
												}
											}
										}
										{bone "palm2r"
											{Matrix34
												-0.0076219	0.507056	-0.861879
												0.00254586	0.861912	0.507052
												0.999968	0.00166821	-0.00786051
												0.146144	0.242286	-1.25751
											}
											{bone "palm3r"
												{Matrix34
													0.576833	0.816863	0
													-0.816862	0.576832	0
													0	0	1
													0.581879	-0.000114441	0
												}
											}
										}
									}
								}
							}
						}
					}
					{bone "clavicle_left"
						{Position -0.13918	6.12487	-1.18112}
						{bone "hand1l"
							{parameters "Voxels=0;"}
							{Matrix34
								-0.100335	-0.973842	-0.203873
								0.863514	-0.18702	0.468367
								-0.494244	-0.129053	0.859691
								0.0503408	-0.225973	-2.95273
							}
							{bone "hand2l"
								{parameters "Voxels=0;"}
								{Matrix34
									0.928665	0.37092	0
									-0.370921	0.928665	0
									0	0	1
									6.26812	0	0
								}
								{bone "hand3l"
									{Matrix34
										0.982611	-0.185677	0
										0.185677	0.982611	0
										0	0	1
										5.19218	0	0
									}
								}
								{bone "left_hand"
									{parameters "Voxels=0;"}
									{Matrix34
										0.275673	0.823505	-0.495827
										0.00418862	-0.516838	-0.856073
										-0.961242	0.233919	-0.145927
										5.99778	-0.667303	0.409923
									}
								}
								{bone "hand_rot1l"
									{Matrix34
										0.00130206	-0.999931	0.0116371
										-0.999999	-0.00131431	-0.00103837
										0.00105368	-0.0116362	-0.999932
										5.25743	-0.000656128	-0.00162268
									}
									{bone "palm1l"
										{Matrix34
											0.965404	0.249251	-0.076609
											-0.0261254	-0.199861	-0.979476
											-0.259446	0.947591	-0.186436
											0.0886896	-0.337658	-0.091609
										}
										{bone "palm2l"
											{Matrix34
												0.0731489	0.361559	-0.929475
												-0.0346586	-0.930487	-0.364681
												-0.996719	0.058891	-0.0555338
												-0.0738366	0.242493	-1.26342
											}
											{bone "palm3l"
												{Matrix34
													0.711309	-0.70288	0
													0.702879	0.711309	0
													0	0	1
													0.578554	0.000165462	0
												}
											}
										}
										{bone "palm2l_hide"
											{Matrix34
												0.0731487	0.361559	-0.929475
												-0.0346581	-0.930487	-0.364682
												-0.996719	0.0588916	-0.0555337
												-0.0738368	0.242493	-1.26342
											}
											{bone "palm3l_hide"
												{Matrix34
													0.711308	-0.702879	0
													0.70288	0.711309	0
													0	0	1
													0.578553	0.000165462	0
												}
												{bone "palm4l_hide"
													{Matrix34
														1	0	0
														0	1	0
														0	0	1
														0.511901	-3.33786e-05	0
													}
												}
											}
										}
									}
								}
							}
						}
					}
				}
			}
			{bone "placement"
				{Matrix34
					0	1	0
					-1	0	0
					0	0	1
					0.783108	0	0
				}
			}
		}
		{bone "ik_chain05"
			{Position 0.628855	-6.38933	16.8292}
		}
		{bone "ik_chain03"
			{Matrix34
				1	0	0
				0	-1	0
				0	0	1
				-0.466049	2.53715	1.86587
			}
		}
		{bone "ik_chain04"
			{Matrix34
				1	0	0
				0	-1	0
				0	0	1
				3.29347	3.4301	0.0514984
			}
		}
		{bone "ik_chain02"
			{Position 3.29347	-3.36689	0.0514994}
		}
		{bone "ik_chain01"
			{Position -0.466048	-2.34785	1.86587}
		}
		{bone "ik_chain06"
			{Position 0.461485	5.49278	18.2329}
		}
		{bone "foresight2rot"
			{parameters "Voxels=0;"}
			{Position 13.7429	0.0246876	27.5947}
		}
		{bone "palm_ik_holder_right02"
			{Matrix34
				0.0551145	-0.177596	-0.982559
				0.869729	0.491897	-0.040124
				0.490443	-0.852348	0.181571
				0.268262	-5.23251	23.2337
			}
			{bone "palm_ik_holder_right01"
				{Matrix34
					0.00333638	-0.999958	0.00855837
					-0.999992	-0.00331801	0.0021075
					-0.002079	-0.00856504	-0.999961
					5.19224	0	0
				}
				{bone "palm_ik_holder_right"
					{Matrix34
						-0.987462	-0.121604	-0.100652
						-0.0703697	-0.231655	0.970249
						-0.141303	0.965168	0.220194
						0.119855	-0.164879	0.148729
					}
					{bone "ik_chain07"
						{Matrix34
							0.999956	0.00324056	-0.00886279
							2.75271e-05	0.938188	0.346125
							0.00943683	-0.34611	0.938147
							0.138651	1.07072	-1.80207
						}
					}
				}
			}
		}
		{bone "palm_ik_holder_left02"
			{Matrix34
				0.227117	0.0156022	-0.973742
				0.839131	-0.510576	0.187539
				-0.494244	-0.859691	-0.129053
				-0.717753	5.41176	23.2888
			}
			{bone "palm_ik_holder_left01"
				{Matrix34
					0.00130211	-0.999932	0.0116375
					-0.999999	-0.00131425	-0.00103821
					0.00105345	-0.0116358	-0.999932
					5.25743	-0.000657082	-0.00162172
				}
				{bone "palm_ik_holder_left"
					{Matrix34
						0.965404	0.249251	-0.0766093
						-0.0261247	-0.199862	-0.979476
						-0.259446	0.947592	-0.186435
						0.085614	-0.338799	-0.0894651
					}
					{bone "ik_chain08"
						{Matrix34
							0.999967	-0.0028626	0.0075844
							0.000204414	0.944171	0.329455
							-0.00810441	-0.329442	0.944141
							0.0112205	0.921597	-2.00976
						}
					}
				}
			}
		}
		{bone "skin"
			{Matrix34
				0.906308	0	-0.422618
				0	-1	0
				0.422618	0	0.906308
				0.992398	-6.89244e-05	26.9396
			}
			{VolumeView "skin.ply"}
		}
	}
}
