;Exported by: Art
;Date:        Thu Dec 27 09:34:02 2018
;File:        E:\Autodesk\Low poly\freelance\DMS 2.0\Weapon 2.0\MG3\export\MG3.max
{Skeleton
	{animation
		{sequence "recoil" {speed 1.6}}
	}
	{bone "mg3"
		{parameters "ID=mgun;"}
		{Orientation
			1	0	0
			0	-1	0
			0	0	1
		}
		{LODView
			{VolumeView "mg3.ply"}
			{VolumeView "mg3_lod1.ply"}
			{VolumeView "mg3_lod2.ply"}
			{VolumeView "mg3_lod3.ply"}
		}
		{bone "handle"
			{Matrix34
				1	0	0
				0	0.999962	-0.00872536
				0	0.00872536	0.999962
				4.52708	2.18368	-7.31945e-005
			}
		}
		{bone "foresight14"
			{Position 17.6802	1.24347	0.005126}
		}
		{bone "ammo_line"
			{Position 3.63188	0.218007	0.00175166}
			{bone "bullet9"
				{Matrix34
					1	0	0
					0	0.933583	-0.358362
					0	0.358362	0.933583
					0	0.00344324	-1.76903
				}
				{LODView
					{VolumeView "bullet9.ply"}
					{VolumeView "bullet1_lod1.ply"}
					{VolumeView "bullet1_lod2.ply"}
					{VolumeView "bullet1_lod3.ply"}
				}
			}
			{bone "bullet7"
				{Matrix34
					1	0	0
					0	0.297314	-0.95478
					0	0.95478	0.297314
					0	0.558698	-1.52003
				}
				{LODView
					{VolumeView "bullet9.ply"}
					{VolumeView "bullet1_lod1.ply"}
					{VolumeView "bullet1_lod2.ply"}
					{VolumeView "bullet1_lod3.ply"}
				}
			}
			{bone "bullet8"
				{Matrix34
					1	0	0
					0	0.268473	-0.963287
					0	0.963287	0.268473
					0	0.257044	-1.60829
				}
				{LODView
					{VolumeView "bullet9.ply"}
					{VolumeView "bullet1_lod1.ply"}
					{VolumeView "bullet1_lod2.ply"}
					{VolumeView "bullet1_lod3.ply"}
				}
			}
			{bone "bullet6"
				{Matrix34
					1	0	0
					0	0.342143	-0.939648
					0	0.939648	0.342143
					0	0.843985	-1.42597
				}
				{LODView
					{VolumeView "bullet9.ply"}
					{VolumeView "bullet1_lod1.ply"}
					{VolumeView "bullet1_lod2.ply"}
					{VolumeView "bullet1_lod3.ply"}
				}
			}
			{bone "bullet5"
				{Matrix34
					1	0	0
					0	0.512138	-0.858903
					0	0.858903	0.512138
					0	1.10171	-1.30798
				}
				{LODView
					{VolumeView "bullet9.ply"}
					{VolumeView "bullet1_lod1.ply"}
					{VolumeView "bullet1_lod2.ply"}
					{VolumeView "bullet1_lod3.ply"}
				}
			}
			{bone "bullet4"
				{Matrix34
					1	0	0
					0	0.794927	-0.606705
					0	0.606705	0.794927
					0	1.31623	-1.12267
				}
				{LODView
					{VolumeView "bullet9.ply"}
					{VolumeView "bullet1_lod1.ply"}
					{VolumeView "bullet1_lod2.ply"}
					{VolumeView "bullet1_lod3.ply"}
				}
			}
			{bone "bullet3"
				{Matrix34
					1	0	0
					0	0.969149	-0.246474
					0	0.246474	0.969149
					0	1.43502	-0.86641
				}
				{LODView
					{VolumeView "bullet9.ply"}
					{VolumeView "bullet1_lod1.ply"}
					{VolumeView "bullet1_lod2.ply"}
					{VolumeView "bullet1_lod3.ply"}
				}
			}
			{bone "bullet2"
				{Matrix34
					1	0	0
					0	0.999207	-0.0398254
					0	0.0398254	0.999207
					0	1.47429	-0.563545
				}
				{LODView
					{VolumeView "bullet9.ply"}
					{VolumeView "bullet1_lod1.ply"}
					{VolumeView "bullet1_lod2.ply"}
					{VolumeView "bullet1_lod3.ply"}
				}
			}
			{bone "bullet1"
				{Matrix34
					1	0	0
					0	0.998974	0.0452882
					0	-0.0452882	0.998974
					0	1.47094	-0.248051
				}
				{LODView
					{VolumeView "bullet9.ply"}
					{VolumeView "bullet1_lod1.ply"}
					{VolumeView "bullet1_lod2.ply"}
					{VolumeView "bullet1_lod3.ply"}
				}
			}
			{bone "line002"
				{Matrix34
					0	-1	0
					0	0	1
					-1	0	0
					0	0.74851	-1.14778
				}
			}
		}
		{bone "magazine"
			{Matrix34
				1	0	0
				0	0	-1
				0	1	0
				3.62006	-0.389291	-1.71311
			}
			{LODView
				{VolumeView "magazine.ply"}
				{VolumeView "magazine_lod1.ply"}
				{VolumeView "magazine_lod2.ply"}
				{VolumeView "magazine_lod3.ply"}
			}
		}
		{bone "fxshell"
			{Matrix34
				0	-0.99863	0.0523315
				-1	0	0
				0	-0.0523315	-0.99863
				3.30906	1.67828	0.212477
			}
		}
	}
}
{Volume "body"
	{Box 24.011 5.08385 3.29355}
	{Bone "mg3"}
	{Matrix34
		0.999657	0.0261768	0
		-0.0261768	0.999657	0
		0	0	1
		5.57744	0.269071	0.00120819
	}
}
{Volume "magazine"
	{Polyhedron "magazine.vol"}
	{Bone "magazine"}
	{Matrix34
		0	0	-1
		0	-1	0
		-1	0	0
		0.984508	-0.0854018	-0.368911
	}
}
{Volume "select"
	{Box 31.0656 10.4848 5.94905}
	{Bone "mg3"}
	{Position 5.41253	0.31849	0.191743}
}
{Extender "preview"
	{"Stuff_primary"
		{camera
			{origin 5.57034	-1.51804	59.2529}
			{lookat 5.57035	-0.224321	0.0167472}
			{fov 23.9132}
			{horizon -174.325}
		}
		{lights
			{"0"
				{type point}
				{position 4.13591	9.58453	2.74436}
			}
			{"1"
				{type point}
				{position 13.265	-7.81099	20.2503}
			}
			{"2"
				{type directional}
				{direction 0.000725076	0.410639	-0.285263}
			}
		}
	}
	{"Stuff"
		{camera
			{origin 5.51119	-3.05729	58.0299}
			{lookat 5.51119	-0.322801	0.00659823}
			{fov 23.9132}
			{horizon -172.326}
		}
		{lights
			{"0"
				{type point}
				{position 15.1066	-10.3266	18.2834}
			}
			{"1"
				{type directional}
				{direction -0.00294095	0.418475	-0.273625}
			}
			{"2"
				{type point}
				{position 4.13591	3.07506	1.85922}
			}
		}
	}
}
