;Exported by: misan
;Date:        Sun Apr  3 09:25:21 2022
;File:        D:\Cold War\Models\F-105\F-105.max
{Skeleton
	{animation
		{sequence "flyin_1" {speed 0.05}}
		{sequence "approach_1" {speed 0.075}}
		{sequence "flyout_1" {speed 0.1}}
		{sequence "flyin_2" {speed 0.05}}
		{sequence "approach_2" {speed 0.075}}
		{sequence "flyout_2" {speed 0.1}}
		{sequence "flyin_3" {speed 0.05}}
		{sequence "approach_3" {speed 0.075}}
		{sequence "flyout_3" {speed 0.1}}
		{sequence "flyin_4" {speed 0.05}}
		{sequence "approach_4" {speed 0.075}}
		{sequence "flyout_4" {speed 0.1}}
		{sequence "flyin_5" {speed 0.05}}
		{sequence "approach_5" {speed 0.075}}
		{sequence "flyout_5" {speed 0.1}}
		{sequence "flyin_6" {speed 0.05}}
		{sequence "approach_6" {speed 0.075}}
		{sequence "flyout_6" {speed 0.1}}
		{sequence "flyin_7" {speed 0.05}}
		{sequence "approach_7" {speed 0.075}}
		{sequence "flyout_7" {speed 0.1}}
		{sequence "flyin_8" {speed 0.05}}
		{sequence "approach_8" {speed 0.05}}
		{sequence "flyout_8" {speed 0.1}}
	}
	{bone "basis"
		{Orientation
			1	0	0
			0	-1	0
			0	0	1
		}
		{bone "body"
			{parameters "id=body;"}
			{Position -11811	0	1968.5}
			{VolumeView "body.ply"}
			{bone "wingl1"
				{parameters "id=body;"}
				{Position -21.5098	47.4177	-24.5575}
				{VolumeView "wingl1.ply"}
				{bone "flapl"
					{parameters "id=body;"}
					{Matrix34
						-0.573576	0.819152	0
						0	0	1
						0.819152	0.573576	0
						-46.3145	-3.08937	2.85315
					}
					{VolumeView "flapl.ply"}
				}
				{bone "slatl"
					{parameters "id=body;"}
					{Matrix34
						0.744546	-0.667123	0.0244555
						0.00188365	-0.034534	-0.999402
						0.667569	0.744147	-0.0244555
						-24.4961	22.1787	1.38025
					}
					{VolumeView "slatl.ply"}
				}
				{bone "wingl2"
					{parameters "id=body;"}
					{Position -60.5039	40.2419	-3.9231}
					{VolumeView "wingl2.ply"}
					{bone "aileronl"
						{parameters "id=body;"}
						{Matrix34
							-0.619899	0.784682	0
							0	0	1
							0.784682	0.619899	0
							-14.8359	-0.66597	5.71924
						}
						{VolumeView "aileronl.ply"}
					}
					{bone "wingtipl"
						{Matrix34
							-1	0	0
							0	0	1
							0	1	0
							-12.7773	16.0968	4.50464
						}
					}
					{bone "hardpoint_2"
						{Position 1.70898	4.49271	-7.1571}
					}
				}
				{bone "hatch1_wheel_left"
					{parameters "id=body;"}
					{Matrix34
						0.996215	-0.0647628	-0.0579817
						0.0581036	0	0.998311
						-0.0646534	-0.997901	0.00376288
						-0.609375	-31.675	0.390503
					}
					{VolumeView "hatch1_wheel_left.ply"}
				}
				{bone "wheelflapl"
					{parameters "id=body;"}
					{Matrix34
						0.650205	0.446354	-0.614818
						-0.455278	-0.418938	-0.785629
						-0.60824	0.790733	-0.0691803
						-31.5254	4.79584	3.11682
					}
					{VolumeView "wheelflapl.ply"}
				}
				{bone "hatch2_wheel_left"
					{parameters "id=body;"}
					{Matrix34
						0.558956	0.523825	0.642788
						0.469019	0.439542	-0.766044
						-0.683805	0.729665	0
						-32.6172	7.70226	0.906982
					}
					{VolumeView "hatch2_wheel_left.ply"}
				}
				{bone "hardpoint_4"
					{Position -36.6348	14.6963	-11.0802}
				}
			}
			{bone "cockpit"
				{parameters "id=body;"}
				{Position 40.1973	0	-4.92395}
				{VolumeView "cockpit.ply"}
				{bone "window4"
					{Position 0.0166016	0	-0.0457764}
					{VolumeView "window4.ply"}
				}
			}
			{bone "window3"
				{Position 85.5928	5.56901	-6.40613}
				{VolumeView "window3.ply"}
			}
			{bone "window2"
				{Position 88.6953	0	-6.14978}
				{VolumeView "window2.ply"}
			}
			{bone "window1"
				{Position 85.5928	-5.50847	-6.40613}
				{VolumeView "window1.ply"}
			}
			{bone "wingr1"
				{parameters "id=body;"}
				{Position -21.5098	-47.3812	-24.5575}
				{VolumeView "wingr1.ply"}
				{bone "flapr"
					{parameters "id=body;"}
					{Matrix34
						-0.573576	-0.819152	0
						0	0	1
						-0.819152	0.573576	0
						-46.3145	3.10989	2.85315
					}
					{VolumeView "flapr.ply"}
				}
				{bone "wingr2"
					{parameters "id=body;"}
					{Position -60.5088	-40.2746	-3.9231}
					{VolumeView "wingr2.ply"}
					{bone "aileronr"
						{parameters "id=body;"}
						{Matrix34
							-0.573576	-0.819152	0
							0	0	1
							-0.819152	0.573576	0
							-13.8975	0.308731	5.84106
						}
						{VolumeView "aileronr.ply"}
					}
					{bone "wingtipr"
						{Matrix34
							-1	0	0
							0	0	1
							0	1	0
							-12.7725	-16.4693	4.41797
						}
					}
					{bone "hardpoint_1"
						{Position 1.71387	-4.43654	-7.1571}
					}
				}
				{bone "slatr"
					{parameters "id=body;"}
					{Matrix34
						0.741308	0.670932	0.0176807
						0.00124096	0.0249731	-0.999687
						-0.671163	0.741099	0.0176801
						-24.3184	-22.1421	1.52942
					}
					{VolumeView "slatr.ply"}
				}
				{bone "wheelflapr"
					{parameters "id=body;"}
					{Matrix34
						0.789405	-0.611537	-0.0535026
						0	-0.087156	0.996195
						-0.613873	-0.786401	-0.0688014
						-31.4766	-4.73808	3.11682
					}
					{VolumeView "wheelflapr.ply"}
				}
				{bone "hatch2_wheel_right"
					{parameters "id=body;"}
					{Matrix34
						0.557754	-0.525104	0.642788
						-0.468011	0.440615	0.766045
						-0.685475	-0.728096	0
						-32.6094	-7.63034	0.906982
					}
					{VolumeView "hatch2_wheel_right.ply"}
				}
				{bone "hatch1_wheel_right"
					{parameters "id=body;"}
					{Matrix34
						0.996578	0.0588931	-0.0580028
						-0.0581036	0	-0.998311
						-0.0587936	0.998264	0.00342157
						-0.644531	31.5819	0.392456
					}
					{VolumeView "hatch1_wheel_right.ply"}
				}
				{bone "hardpoint_3"
					{Position -36.6348	-14.4471	-11.0802}
				}
			}
			{bone "wheelflapf2"
				{parameters "id=body;"}
				{Matrix34
					0.99961	0	0.0279119
					0	1	0
					-0.0279119	0	0.99961
					85.7939	6.56845	-40.5236
				}
				{VolumeView "wheelflapf2.ply"}
			}
			{bone "wheelflapf1"
				{parameters "id=body;"}
				{Matrix34
					0.99961	0	0.0279119
					0	1	0
					-0.0279119	0	0.99961
					85.7939	-6.57597	-40.5236
				}
				{VolumeView "wheelflapf1.ply"}
			}
			{bone "rudder"
				{parameters "id=body;"}
				{Matrix34
					0.866025	0	0.5
					0	1	0
					-0.5	0	0.866025
					-167.902	0	15.9677
				}
				{VolumeView "rudder.ply"}
			}
			{bone "engine"
				{parameters "id=body;"}
				{Position -192.708	0	-25.4077}
				{VolumeView "engine.ply"}
				{bone "fxsmoke1"
					{Matrix34
						-1	0	0
						0	0	1
						0	1	0
						-12.1563	0	0.13501
					}
				}
			}
			{bone "elevatorl"
				{parameters "id=body;"}
				{Position -160.844	14.6302	-33.1177}
				{VolumeView "elevatorl.ply"}
			}
			{bone "elevatorr"
				{parameters "id=body;"}
				{Position -160.844	-14.5597	-33.1177}
				{VolumeView "elevatorr.ply"}
			}
			{bone "visor"
				{Position 57.2764	-0.197601	-4.7439}
			}
			{bone "hardpoint_6"
				{Position -33.1611	0	-52.8572}
			}
			{bone "hardpoint_5"
				{Position -3.48047	0	-54.2338}
			}
		}
	}
}
{Volume "body1"
	{Polyhedron "body1.vol"}
	{Bone "wingl1"}
	{Position -18.5615	15.1976	5.50671}
}
{Volume "body2"
	{Polyhedron "body2.vol"}
	{Bone "wingr1"}
	{Position -18.5615	-15.2369	5.50671}
}
{Volume "body"
	{Cylinder 25.6869 376.781}
	{Bone "body"}
	{Matrix34
		0	-1	0
		0	0	1
		-1	0	0
		-13.8289	0.192438	-23.6024
	}
}
{Volume "fuselage"
	{Cylinder 27.6869 376.781}
	{Bone "body"}
	{Matrix34
		0	-1	0
		0	0	1
		-1	0	0
		-13.8289	0.192438	-23.6024
	}
}
