;Exported by: Администратор
;Date:        Sat Nov 01 08:02:20 2014
;File:        C:\Documents and Settings\Администратор\Мои документы\3dsmax\scenes\mt-12.max
{Skeleton
	{animation
		{sequence "close"}
		{sequence "recoil" {speed 1.5}}
	}
	{bone revolute "basis"
		{parameters "Wheelradius=0.5;"}
		{speed 0.002}
		{Orientation
			1	0	0
			0	-1	0
			0	0	1
		}
		{bone "body"
			{parameters "ID=Body;"}
			{Matrix34
				0.999987	0	0.00513837
				-0.00513837	0	0.999987
				0	-1	0
				-0.512851	0.461733	1.24453
			}
			{VolumeView "body.ply"}
			{bone revolute "turret"
				{parameters "ID=Turret;"}
				{limits -25 25}
				{speed 0.006}
				{Matrix34
					0.999971	-0.00756998	0
					0	0	-1
					0.00756998	0.999971	0
					-0.0473655	10.4736	-0.0703147
				}
				{VolumeView "turret.ply"}
				{bone revolute "gun_rot"
					{parameters "ID=Gun_rot;"}
					{limits -5 10}
					{speed 0.008}
					{Matrix34
						0.999993	0	0.00364954
						-0.00364928	0.0120114	0.999921
						-4.38362e-005	-0.999928	0.0120114
						-2.99169	-1.6757	7.68579
					}
					{VolumeView "gun_rot.ply"}
					{bone "gun"
						{parameters "ID=Gun;"}
						{Matrix34
							-1	0	0
							0	0.999579	-0.0290259
							0	-0.0290259	-0.999579
							34.4539	0.653675	-1.06725
						}
						{VolumeView "gun.ply"}
						{bone "fx_invers"
							{Matrix34
								0.999993	0.00365075	-0.000121204
								5.90603e-005	0.0170175	0.999855
								0.00365228	-0.999848	0.0170172
								51.8649	0.128098	0.718884
							}
						}
						{bone "foresight1"
							{parameters "Vis;"}
							{Matrix34
								-0.999993	-0.00364827	0.000178965
								-5.86232e-005	0.0650195	0.997884
								-0.00365219	0.997877	-0.0650193
								-54.6385	-0.105263	0.379854
							}
						}
						{bone "fs1"
							{Matrix34
								-5.81637e-005	0.0650195	0.997884
								0.999993	0.00366006	-0.000180193
								-0.00366404	0.997877	-0.0650192
								-49.6895	0.0319939	2.1964
							}
						}
						{bone "fs2"
							{Matrix34
								5.8189e-005	-0.0650194	-0.997884
								-0.999993	-0.00365236	0.000179666
								-0.00365632	0.997877	-0.0650192
								-49.6893	-0.193842	-1.49835
							}
						}
						{bone "visor"
							{parameters "Vis;"}
							{Matrix34
								-0.999999	-0.00121632	5.00679e-005
								0	0.0410299	0.999158
								-0.00121735	0.999157	-0.0410298
								17.4668	8.15615	0.328691
							}
						}
					}
				}
				{bone "gunner"
					{Matrix34
						0.831951	0.554843	0.00243139
						-0.554845	0.831954	-2.76561e-005
						-0.00203815	-0.00132604	0.999997
						-24.5157	-12.2114	-11.3224
					}
				}
				{bone "charger"
					{Matrix34
						0.995011	0.099732	0.00243139
						-0.0997322	0.995014	-3.05175e-005
						-0.00242231	-0.000212123	0.999997
						-42.858	-9.99573	-11.367
					}
				}
				{bone "charger2"
					{Position -58.2096 	 -9.99573 	 -11.367}
				}
				{bone "commander"
					{Position -58.2096 	 20.6242 	 -11.367}
				}
			}	
			{bone "standr"
				{parameters "ID=standr;"}
				{Matrix34
					0.999965	0.00831294	-0.000361443
					-0.00831446	0.999956	-0.00443028
					0.000324598	0.00443313	0.99999
					-0.929929	8.83271	7.63718
				}
				{VolumeView "standr.ply"}
				{bone "shankr"
					{parameters "Vis;"}
					{Matrix34
						0.890188	-0.00727226	-0.455535
						-0.455452	0.0106182	-0.890197
						0.0113107	0.999917	0.00614004
						-58.7412	-4.28726	27.1924
					}
				}
			}
			{bone "standl"
				{parameters "ID=standl;"}
				{Matrix34
					0.999829	0.0184729	-0.00036335
					-0.0184744	0.999819	-0.00445841
					0.000280924	0.00446436	0.99999
					-0.914826	8.7638	-7.92234
				}
				{VolumeView "standl.ply"}
				{bone "shankl"
					{parameters "Vis;"}
					{Matrix34
						0.883918	-0.025585	0.466941
						0.466936	-0.00656379	-0.884267
						0.0256888	0.999651	0.00614468
						-58.4597	-3.38558	-27.4747
					}
				}
			}
			{bone "pivot_back"
				{Matrix34
					0.999987	-0.00513837	0
					0	0	-1
					0.00513837	0.999987	0
					-55.3149	-0.444285	0.0138625
				}
			}
			{bone "pivot_front"
				{parameters "ID=body;"}
				{Matrix34
					0.999987	-0.00513837	0
					0	0	-1
					0.00513837	0.999987	0
					0.553498	6.42093	0.0138618
				}
			}
			{bone "visor2"
				{parameters "Vis;"}
				{Matrix34
					0.999987	-0.0051379	0
					0	0	-1
					0.0051379	0.999987	0
					-5.08666	32.7531	-0.4403
				}
			}
			{bone revolute "wheelr"
				{parameters "ID=wheelright;Support=1;Radius=0.5;"}
				{Matrix34
					0.999987	-0.00513837	0
					-0.00513837	-0.999987	0
					0	0	-1
					0.32644	8.40754	17.3047
				}
				{VolumeView "wheelr.ply"}
			}
			{bone revolute "wheell1"
				{parameters "ID=wheelleft;Support=1;Radius=0.5;"}
				{Matrix34
					0.918421	0.395604	0
					0.395604	-0.918421	0
					0	0	-1
					0.324771	8.55696	-17.4773
				}
				{VolumeView "wheell1.ply"}
			}
			{bone "link1"
				{Matrix34
					-0.999987	0.00513694	0.000387343
					0.000387385	0	1
					0.00513694	0.999987	0
					-84.2672	-0.101523	0.812509
				}
			}
		}
		{bone "driver1"
			{Matrix34
				0.984128	0.17746	0
				-0.17746	0.984128	0
				0	0	1
				-19.0896	-19.3421	0.455002
			}
		}
		{bone "driver2"
			{Matrix34
				0.985473	-0.169834	0
				0.169834	0.985473	0
				0	0	1
				-19.0896	20.1333	0.455006
			}
		}
		{bone "driver3"
			{Matrix34
				0.984128	0.17746	0
				-0.17746	0.984128	0
				0	0	1
				-77.12 	 -0.0424	0.455002
			}
		}
		{bone "driver4"
			{Matrix34
				0.985473	-0.169834	0
				0.169834	0.985473	0
				0	0	1
				-54.2169 	 10.5451	0.455006
			}
		}
		{bone "emit1"
			{Matrix34
				0.999993	0.00387078	0
				-0.00387078	0.999993	0
				0	0	1
				-97.2636	-28.0763	0.455002
			}
		}
		{bone "emit2"
			{Matrix34
				0.999992	0.00387078	0
				-0.00387078	0.999992	0
				0	0	1
				-96.9641	28.535	0.455006
			}
		}
		{bone "emit3"
			{Matrix34
				0.999993	0.00387078	0
				-0.00387078	0.999993	0
				0	0	1
				-67.2636	-48.0763	0.455002
			}
		}
		{bone "emit4"
			{Matrix34
				0.999992	0.00387078	0
				-0.00387078	0.999992	0
				0	0	1
				-66.9641	48.535	0.455006
			}
		}
		{bone "seat2"
			{Matrix34
				-0.182236	0.983255	0
				-0.983255	-0.182236	0
				0	0	1
				-18.3693	9.23393	-0.0125175
			}
		}
		{bone "seat1"
			{Matrix34
				-0.0871554	-0.996195	0
				0.996195	-0.0871554	0
				0	0	1
				-49.4222	-6.63112	0.870952
			}
		}
		{bone "seat3"
			{Matrix34
				-0.182236	0.983255	0
				-0.983255	-0.182236	0
				0	0	1
				-30.3693	9.23393	-0.0125175
			}
		}
		{bone "seat4"
			{Matrix34
				-0.0871554	-0.996195	0
				0.996195	-0.0871554	0
				0	0	1
				-40.4222	-6.63112	0.870952
			}
		}
	}
}
{Volume "body"
	{Polyhedron "body.vol"}
	{Bone "body"}
	{Matrix34
		0.999987	-0.00513837	0
		0.00513837	0.999987	0
		0	0	1
		0.189743	5.09076	0.120265
	}
}
{Volume "gun"
	{Polyhedron "gun.vol"}
	{Bone "gun"}
	{Matrix34
		-0.999993	-0.00364827	0.000178965
		-0.00365219	0.997877	-0.0650197
		5.86247e-005	-0.0650199	-0.997884
		18.9581	-0.170967	0.473654
	}
}
{Volume "standl"
	{Polyhedron "standl.vol"}
	{Bone "standl"}
	{Matrix34
		0.923691	-0.0267366	0.382204
		0.382236	-0.00411185	-0.924056
		0.0262777	0.999634	0.00642161
		-24.4348	-3.1167	-11.5834
	}
}
{Volume "standr"
	{Polyhedron "standr.vol"}
	{Bone "standr"}
	{Matrix34
		0.894375	-0.0070237	-0.447263
		-0.447182	0.0106539	-0.89438
		0.0110469	0.999919	0.00638768
		-22.3236	-3.55765	9.99269
	}
}
{Volume "turret"
	{Polyhedron "turret.vol"}
	{Bone "gun_rot"}
	{Matrix34
		0.999999	-0.00121736	-1.47819e-005
		0.00121745	0.999927	0.0120116
		0	-0.0120116	0.999928
		2.34749	0.514971	-1.64917
	}
}
{Volume "wheell1"
	{Polyhedron "wheell1.vol"}
	{Bone "wheell1"}
	{Matrix34
		0.916376	0.400318	0
		0.400318	-0.916376	0
		0	0	-1
		-0.329694	0.112652	0.0202007
	}
}
{Volume "wheelr1"
	{Polyhedron "wheelr1.vol"}
	{Bone "wheelr"}
	{Matrix34
		1	0	0
		0	-1	0
		0	0	-1
		-0.0428144	0.0857964	0.285662
	}
}
