;Exported by:	 guita
;Date:			 13.06.2021 00:54:18
;File:			 D:\Git\3D_Scenes\GoH_3D_vehicles_rus\vehicles\cannon\120mm_pm38\120mm_pm38_x.max
{skeleton
	{bone revolute "basis"
		{orientation
			1 	 0 	 0
			0 	 -1 	 0
			0 	 0 	 1
		}
		{bone "body"
			{parameters "id=body;"}
			{Position 0 	 0 	 0}
			{VolumeView "body.ply"}
			{bone revolute "turret"
				{Position 0 	 0 	 0}
				{bone "gun_rot"
					{bone "gun"
						{parameters "id=body;"}
						{VolumeView "gun.ply"}
						{bone "grind"
							{parameters "id=body;"}
							{matrix34
								0.999 	 0 	 0.0458
								0 	 1 	 0
								-0.0458 	 0 	 0.999
								19.0107 	 1.1022 	 17.4801
							}
							{VolumeView "grind.ply"}
							{bone "bipod_base"
								{parameters "id=body;"}
								{matrix34
									0.9986 	 0 	 -0.0523
									0 	 1 	 0
									0.0523 	 0 	 0.9986
									2.5568 	 -1.2695 	 0.7323
								}
								{VolumeView "bipod_base.ply"}
								{bone "standr"
									{parameters "id=body;"}
									{matrix34
										0.9153 	 0 	 0.4027
										0 	 1 	 0
										-0.4027 	 0 	 0.9153
										2.2341 	 0.1669 	 -3.5774
									}
									{VolumeView "standr.ply"}
								}
								{bone "standl"
									{parameters "id=body;"}
									{matrix34
										0.9153 	 0 	 0.4027
										0 	 1 	 0
										-0.4027 	 0 	 0.9153
										2.2341 	 0.1669 	 -3.5774
									}
									{VolumeView "standl.ply"}
								}
								{bone "1"
									{parameters "id=body;"}
									{matrix34
										0.9141 	 0 	 0.4055
										0 	 1 	 0
										-0.4055 	 0 	 0.9141
										4.4495 	 -0.9063 	 -8.4681
									}
									{VolumeView "1.ply"}
								}
							}
						}
					}
				}
			}
		}
		{bone "trailer"
			{parameters "id=body;"}
			{matrix34
				-1 	 0 	 0
				0 	 -1 	 0
				0 	 0 	 1
				-24.8527 	 0 	 8.328
			}
			{VolumeView "trailer.ply"}
			{bone revolute "wheell"
				{parameters "id=wheelleft;radius=0.37;"}
				{matrix34
					-1 	 0 	 0
					0 	 0 	 -1
					0 	 -1 	 0
					0 	 -13.0611 	 0
				}
				{VolumeView "wheell.ply"}
			}
			{bone revolute "wheelr"
				{parameters "id=wheelright;radius=0.37;"}
				{matrix34
					-1 	 0 	 0
					0 	 0 	 -1
					0 	 -1 	 0
					0.0014 	 13.0606 	 -0.0019
				}
				{VolumeView "wheelr.ply"}
			}
		}
	}
}
{volume "wheelleft"
	{cylinder 7.20472 3.66142}
	{bone "wheell"}
	{matrix34
		1 	 0 	 0
		0 	 1 	 0
		0 	 0 	 1
		0 	 0 	 -0.2238
	}
}
{volume "wheelright"
	{cylinder 7.20472 3.66142}
	{bone "wheelr"}
	{matrix34
		1 	 0 	 0
		0 	 1 	 0
		0 	 0 	 1
		0 	 0 	 0.4218
	}
}
